-1.3348348679239
-1.077593548507
-0.92943954153318
-0.83013333192164
-0.75645536497596
-0.69794747480842
-0.64928645553098
-0.60756642925929
-0.5710699015718
-0.53869712191475
-0.50969252878395
-0.48350676062389
-0.45972257260508
-0.43801236838167
-0.41811229395595
-0.39980554572149
-0.382911109443
-0.36727587018612
-0.35276890898045
-0.33927727108787
-0.32670275528186
-0.31495942995284
-0.30397167822972
-0.29367263579168
-0.28400292540925
-0.27490961939252
-0.26634537974079
-0.25826773878285
-0.25063849231265
-0.24342318385601
-0.23659066354246
-0.23011270863447
-0.22396369544759
-0.21812031442956
-0.21256132173
-0.20726732180752
-0.20222057657727
-0.1974048373613
-0.19280519651414
-0.18840795609004
-0.18420051132188
-0.18017124701428
-0.17630944522902
-0.17260520287076
-0.16904935797422
-0.16563342365655
-0.16234952883692
-0.15919036494246
-0.15614913792022
-0.15321952496069
-0.15039563541255
-0.14767197543188
-0.14504341596443
-0.14250516370732
-0.14005273473806
-0.13768193053511
-0.13538881614558
-0.13316970028365
-0.13102111716705
-0.12893980992062
-0.12692271539436
-0.12496695025994
-0.12306979826409
-0.12122869853018
-0.11944123481059
-0.11770512560252
-0.11601821504867
-0.1143784645525
-0.11278394504429
-0.11123282984102
-0.10972338804827
-0.10825397845753
-0.10682304389682
-0.10542910599637
-0.1040707603347
-0.10274667193381
-0.10145557107498
-0.10019624940909
-0.098967556338132
-0.097768395646238
-0.096597722360709
-0.095454539825216
-0.094337896968802
-0.093246885755792
-0.092180638802945
-0.091138327151378
-0.090119158181767
-0.089122373662352
-0.088147247920081
-0.087193086126014
-0.086259222686887
-0.085345019735263
-0.084449865711433
-0.083573174030651
-0.082714381829861
-0.08187294878848
-0.081048356018229
-0.080240105017422
-0.079447716685356
-0.078670730392956
-0.077908703105874
-0.077161208556756
-0.076427836463459
-0.075708191790311
-0.075001894049702
-0.074308576641464
-0.073627886227721
-0.072959482140991
-0.072303035823551
-0.071658230296129
-0.071024759654157
-0.070402328590012
-0.069790651939618
-0.069189454252034
-0.068598469380663
-0.068017440094858
-0.067446117710723
-0.066884261740043
-0.066331639556315
-0.065788026076904
-0.065253203460442
-0.064726960818639
-0.064209093941682
-0.063699405036513
-0.063197702477292
-0.062703800567356
-0.06221751931211
-0.061738684202235
-0.061267126006691
-0.060802680575003
-0.060345188648335
-0.059894495678922
-0.059450451657431
-0.059012910947816
-0.058581732129346
-0.058156777845406
-0.057737914658733
-0.057325012912825
-0.056917946599122
-0.056516593229785
-0.056120833715736
-0.055730552249723
-0.05534563619418
-0.054965975973632
-0.054591464971476
-0.054221999430867
-0.053857478359586
-0.053497803438664
-0.053142878934601
-0.052792611615025
-0.052446910667609
-0.052105687622151
-0.051768856275609
-0.051436332620016
-0.051108034773113
-0.0507838829116
-0.050463799206892
-0.050147707763237
-0.049835534558154
-0.049527207385037
-0.049222655797865
-0.048921811057907
-0.048624606082368
-0.048330975394861
-0.048040855077652
-0.047754182725583
-0.047470897401654
-0.047190939594118
-0.046914251175098
-0.046640775360631
-0.046370456672082
-0.046103240898884
-0.045839075062537
-0.045577907381851
-0.045319687239332
-0.045064365148697
-0.044811892723484
-0.044562222646697
-0.044315308641435
-0.044071105442503
-0.043829568768939
-0.04359065529743
-0.043354322636584
-0.043120529302033
-0.042889234692321
-0.04266039906556
-0.042433983516826
-0.042209949956258
-0.041988261087855
-0.0417688803889
-0.041551772090061
-0.041336901156071
-0.041124233267012
-0.040913734800174
-0.040705372812449
-0.040499115023262
-0.040294929798025
-0.040092786132065
-0.039892653635038
-0.039694502515804
-0.039498303567754
-0.039304028154537
-0.039111648196256
-0.038921136155995
-0.03873246502679
-0.038545608318957
-0.038360540047767
-0.038177234721494
-0.037995667329777
-0.037815813332336
-0.037637648647981
-0.037461149643945
-0.037286293125497
-0.037113056325859
-0.036941416896386
-0.036771352897019
-0.036602842787008
-0.036435865415867
-0.036270400014594
-0.036106426187114
-0.035943923901957
-0.03578287348415
-0.035623255607342
-0.035465051286105
-0.035308241868479
-0.035152809028675
-0.034998734759993
-0.034846001367909
-0.034694591463347
-0.034544487956132
-0.034395674048572
-0.034248133229299
-0.034101849267115
-0.033956806205158
-0.033812988355085
-0.033670380291483
-0.033528966846373
-0.033388733103879
-0.033249664395011
-0.033111746292586
-0.032974964606272
-0.03283930537775
-0.032704754875999
-0.032571299592695
-0.032438926237718
-0.032307621734762
-0.03217737321707
-0.03204816802325
-0.031919993693197
-0.031792837964117
-0.031666688766642
-0.031541534221032
-0.031417362633469
-0.031294162492447
-0.031171922465221
-0.031050631394376
-0.030930278294423
-0.03081085234854
-0.030692342905321
-0.030574739475644
-0.030458031729596
-0.030342209493457
-0.030227262746773
-0.030113181619482
-0.029999956389099
-0.029887577477982
-0.029776035450638
-0.029665321011104
-0.029555425000376
-0.02944633839391
-0.029338052299147
-0.029230557953131
-0.029123846720144
-0.029017910089422
-0.028912739672892
-0.028808327202979
-0.028704664530452
-0.028601743622316
-0.028499556559746
-0.028398095536069
-0.028297352854794
-0.028197320927672
-0.0280979922728
-0.027999359512774
-0.02790141537286
-0.027804152679231
-0.027707564357215
-0.027611643429596
-0.02751638301494
-0.027421776325954
-0.027327816667902
-0.027234497437006
-0.027141812118934
-0.02704975428728
-0.026958317602087
-0.0268674958084
-0.026777282734859
-0.026687672292286
-0.02659865847235
-0.026510235346204
-0.026422397063202
-0.026335137849598
-0.026248452007287
-0.026162333912594
-0.026076778015027
-0.025991778836134
-0.025907330968303
-0.025823429073645
-0.025740067882857
-0.025657242194147
-0.025574946872139
-0.025493176846828
-0.025411927112534
-0.025331192726897
-0.025250968809875
-0.025171250542766
-0.025092033167246
-0.025013311984437
-0.024935082353968
-0.02485733969308
-0.024780079475727
-0.024703297231711
-0.024626988545819
-0.02455114905698
-0.024475774457441
-0.024400860491955
-0.024326402956986
-0.02425239769992
-0.024178840618306
-0.024105727659096
-0.024033054817906
-0.023960818138287
-0.023889013711014
-0.023817637673381
-0.023746686208515
-0.023676155544691
-0.02360604195468
-0.023536341755084
-0.023467051305703
-0.023398167008893
-0.02332968530896
-0.02326160269154
-0.02319391568301
-0.023126620849888
-0.02305971479827
-0.02299319417325
-0.022927055658368
-0.02286129597506
-0.022795911882118
-0.022730900175159
-0.022666257686111
-0.022601981282691
-0.022538067867907
-0.02247451437956
-0.022411317789765
-0.022348475104457
-0.022285983362936
-0.022223839637399
-0.022162041032478
-0.022100584684801
-0.02203946776255
-0.021978687465024
-0.021918241022218
-0.0218581256944
-0.021798338771702
-0.021738877573712
-0.02167973944908
-0.021620921775118
-0.021562421957418
-0.02150423742948
-0.02144636565232
-0.02138880411412
-0.02133155032986
-0.021274601840953
-0.021217956214914
-0.021161611044991
-0.021105563949852
-0.021049812573228
-0.020994354583598
-0.020939187673856
-0.020884309561002
-0.02082971798582
-0.02077541071258
-0.020721385528719
-0.020667640244552
-0.020614172692979
-0.020560980729186
-0.020508062230367
-0.02045541509544
-0.020403037244771
-0.020350926619898
-0.02029908118327
-0.020247498917969
-0.020196177827469
-0.020145115935356
-0.020094311285102
-0.020043761939788
-0.019993465981881
-0.019943421512981
-0.019893626653589
-0.019844079542868
-0.01979477833841
-0.019745721216023
-0.019696906369482
-0.019648332010337
-0.019599996367669
-0.019551897687897
-0.019504034234548
-0.019456404288068
-0.019409006145599
-0.01936183812079
-0.019314898543591
-0.019268185760054
-0.019221698132149
-0.019175434037566
-0.01912939186953
-0.019083570036614
-0.019037966962555
-0.01899258108608
-0.018947410860717
-0.018902454754636
-0.018857711250458
-0.018813178845109
-0.018768856049621
-0.018724741388996
-0.018680833402025
-0.018637130641135
-0.018593631672225
-0.018550335074518
-0.018507239440396
-0.018464343375258
-0.018421645497367
-0.018379144437694
-0.01833683883979
-0.018294727359621
-0.018252808665443
-0.018211081437651
-0.018169544368652
-0.018128196162717
-0.018087035535857
-0.018046061215681
-0.018005271941271
-0.017964666463054
-0.017924243542677
-0.017884001952868
-0.01784394047733
-0.017804057910607
-0.017764353057971
-0.017724824735292
-0.017685471768935
-0.017646292995634
-0.017607287262384
-0.017568453426315
-0.017529790354614
-0.017491296924363
-0.017452972022477
-0.017414814545577
-0.01737682339989
-0.017338997501139
-0.017301335774438
-0.017263837154206
-0.017226500584049
-0.017189325016676
-0.017152309413785
-0.017115452745984
-0.017078753992682
-0.017042212142003
-0.017005826190691
-0.016969595144019
-0.016933518015698
-0.016897593827789
-0.016861821610607
-0.016826200402653
-0.016790729250504
-0.016755407208746
-0.016720233339886
-0.016685206714262
-0.016650326409973
-0.01661559151279
-0.016581001116077
-0.016546554320716
-0.016512250235026
-0.016478087974694
-0.016444066662681
-0.016410185429171
-0.016376443411478
-0.016342839753982
-0.016309373608058
-0.016276044131996
-0.016242850490944
-0.016209791856823
-0.016176867408274
-0.016144076330577
-0.016111417815591
-0.016078891061687
-0.016046495273681
-0.016014229662771
-0.015982093446474
-0.015950085848559
-0.015918206098984
-0.015886453433847
-0.015854827095305
-0.015823326331533
-0.01579195039665
-0.015760698550669
-0.015729570059436
-0.015698564194574
-0.015667680233424
-0.015636917458989
-0.015606275159885
-0.015575752630274
-0.015545349169827
-0.015515064083653
-0.015484896682254
-0.015454846281478
-0.015424912202459
-0.01539509377157
-0.015365390320373
-0.015335801185563
-0.015306325708933
-0.015276963237307
-0.015247713122509
-0.015218574721299
-0.015189547395343
-0.015160630511151
-0.015131823440044
-0.0151031255581
-0.015074536246107
-0.015046054889531
-0.015017680878461
-0.014989413607565
-0.014961252476058
-0.014933196887648
-0.014905246250499
-0.01487739997719
-0.014849657484672
-0.014822018194229
-0.014794481531437
-0.014767046926123
-0.01473971381233
-0.014712481628273
-0.014685349816308
-0.014658317822878
-0.014631385098498
-0.014604551097701
-0.014577815279009
-0.014551177104891
-0.014524636041734
-0.014498191559797
-0.014471843133195
-0.014445590239839
-0.014419432361423
-0.014393368983376
-0.014367399594838
-0.014341523688619
-0.014315740761171
-0.014290050312556
-0.014264451846409
-0.014238944869906
-0.014213528893743
-0.014188203432094
-0.014162968002576
-0.014137822126239
-0.014112765327509
-0.014087797134179
-0.014062917077371
-0.014038124691508
-0.01401341951428
-0.013988801086627
-0.013964268952696
-0.013939822659828
-0.013915461758518
-0.013891185802392
-0.013866994348183
-0.013842886955697
-0.013818863187795
-0.013794922610361
-0.013771064792271
-0.013747289305383
-0.013723595724494
-0.013699983627327
-0.013676452594497
-0.013653002209494
-0.013629632058654
-0.013606341731135
-0.013583130818895
-0.013559998916666
-0.013536945621931
-0.013513970534899
-0.013491073258492
-0.013468253398305
-0.013445510562597
-0.013422844362265
-0.013400254410817
-0.01337774032436
-0.013355301721567
-0.013332938223665
-0.013310649454407
-0.013288435040055
-0.013266294609357
-0.013244227793527
-0.013222234226227
-0.013200313543541
-0.013178465383962
-0.013156689388365
-0.013134985199996
-0.013113352464442
-0.01309179082962
-0.013070299945756
-0.013048879465363
-0.013027529043227
-0.013006248336384
-0.012985037004108
-0.012963894707882
-0.012942821111393
-0.012921815880505
-0.012900878683245
-0.012880009189779
-0.012859207072414
-0.01283847200556
-0.01281780366571
-0.012797201731453
-0.012776665883424
-0.012756195804309
-0.012735791178816
-0.012715451693668
-0.012695177037581
-0.012674966901254
-0.012654820977341
-0.012634738960456
-0.012614720547134
-0.012594765435834
-0.012574873326919
-0.012555043922631
-0.012535276927093
-0.012515572046281
-0.012495928988015
-0.012476347461948
-0.012456827179537
-0.012437367854053
-0.012417969200543
-0.012398630935829
-0.012379352778495
-0.012360134448865
-0.012340975669002
-0.012321876162679
-0.012302835655377
-0.012283853874272
-0.012264930548214
-0.012246065407724
-0.012227258184967
-0.012208508613761
-0.012189816429544
-0.01217118136937
-0.012152603171901
-0.012134081577379
-0.012115616327642
-0.012097207166078
-0.012078853837645
-0.012060556088831
-0.012042313667663
-0.012024126323689
-0.012005993807961
-0.011987915873034
-0.011969892272943
-0.011951922763206
-0.011934007100795
-0.011916145044142
-0.011898336353121
-0.011880580789034
-0.011862878114607
-0.011845228093973
-0.011827630492672
-0.011810085077622
-0.01179259161713
-0.011775149880868
-0.011757759639865
-0.011740420666505
-0.011723132734506
-0.011705895618914
-0.011688709096098
-0.01167157294374
-0.011654486940808
-0.011637450867578
-0.011620464505598
-0.011603527637691
-0.011586640047938
-0.01156980152168
-0.011553011845495
-0.011536270807206
-0.011519578195856
-0.011502933801704
-0.011486337416226
-0.011469788832091
-0.01145328784316
-0.011436834244483
-0.011420427832279
-0.011404068403936
-0.011387755757996
-0.011371489694155
-0.011355270013249
-0.011339096517249
-0.011322969009245
-0.011306887293453
-0.011290851175192
-0.011274860460886
-0.011258914958051
-0.011243014475289
-0.011227158822282
-0.01121134780978
-0.011195581249601
-0.01117985895461
-0.011164180738735
-0.01114854641693
-0.011132955805193
-0.011117408720543
-0.011101904981021
-0.011086444405682
-0.011071026814581
-0.011055652028778
-0.011040319870319
-0.011025030162238
-0.011009782728545
-0.010994577394224
-0.010979413985219
-0.010964292328437
-0.010949212251729
-0.0109341735839
-0.010919176154687
-0.010904219794758
-0.010889304335709
-0.010874429610057
-0.010859595451227
-0.010844801693558
-0.010830048172276
-0.010815334723519
-0.0108006611843
-0.010786027392521
-0.010771433186955
-0.01075687840725
-0.010742362893921
-0.010727886488333
-0.010713449032712
-0.010699050370128
-0.010684690344489
-0.01067036880055
-0.010656085583883
-0.010641840540895
-0.010627633518805
-0.010613464365654
-0.010599332930285
-0.010585239062343
-0.010571182612277
-0.010557163431323
-0.01054318137151
-0.010529236285642
-0.010515328027306
-0.010501456450856
-0.010487621411415
-0.010473822764871
-0.010460060367862
-0.010446334077781
-0.010432643752772
-0.010418989251711
-0.010405370434221
-0.010391787160651
-0.010378239292081
-0.010364726690311
-0.01035124921786
-0.010337806737963
-0.010324399114562
-0.010311026212301
-0.010297687896525
-0.010284384033277
-0.010271114489288
-0.010257879131974
-0.010244677829436
-0.010231510450451
-0.01021837686447
-0.010205276941608
-0.010192210552651
-0.010179177569043
-0.010166177862884
-0.010153211306925
-0.010140277774564
-0.010127377139846
-0.010114509277453
-0.010101674062703
-0.010088871371546
-0.010076101080555
-0.010063363066936
-0.010050657208507
-0.010037983383702
-0.010025341471571
-0.010012731351769
-0.010000152904555
-0.0099876060107899
-0.0099750905519291
-0.0099626064100247
-0.0099501534677089
-0.009937731608216
-0.0099253407153445
-0.0099129806734824
-0.009900651367587
-0.0098883526831882
-0.0098760845063855
-0.0098638467238381
-0.0098516392227698
-0.00983946189096
-0.0098273146167406
-0.0098151972889964
-0.0098031097971573
-0.0097910520311956
-0.0097790238816269
-0.0097670252394982
-0.0097550559963979
-0.0097431160444398
-0.0097312052762624
-0.0097193235850332
-0.009707470864444
-0.0096956470086863
-0.00968385191249
-0.0096720854710775
-0.0096603475801877
-0.0096486381360639
-0.0096369570354481
-0.0096253041755872
-0.009613679454219
-0.009602082769577
-0.0095905140203823
-0.0095789731058415
-0.0095674599256539
-0.0095559743799919
-0.0095445163695086
-0.0095330857953344
-0.009521682559067
-0.0095103065627806
-0.0094989577090127
-0.009487635900766
-0.009476341041504
-0.0094650730351501
-0.0094538317860827
-0.0094426171991346
-0.0094314291795901
-0.0094202676331753
-0.0094091324660695
-0.0093980235848925
-0.0093869408967018
-0.0093758843089946
-0.009364853729702
-0.009353849067187
-0.0093428702302452
-0.0093319171280961
-0.0093209896703861
-0.0093100877671839
-0.0092992113289775
-0.0092883602666731
-0.0092775344915896
-0.0092667339154626
-0.0092559584504333
-0.0092452080090545
-0.0092344825042826
-0.0092237818494773
-0.0092131059584001
-0.0092024547452093
-0.0091918281244607
-0.0091812260111027
-0.0091706483204785
-0.0091600949683171
-0.0091495658707359
-0.0091390609442349
-0.0091285801057039
-0.0091181232724052
-0.0091076903619829
-0.009097281292459
-0.0090868959822261
-0.0090765343500507
-0.0090661963150666
-0.0090558817967842
-0.0090455907150662
-0.0090353229901483
-0.0090250785426233
-0.0090148572934455
-0.0090046591639268
-0.0089944840757337
-0.0089843319508858
-0.008974202711751
-0.0089640962810573
-0.0089540125818673
-0.0089439515375968
-0.0089339130720018
-0.0089238971091826
-0.0089139035735772
-0.0089039323899623
-0.0088939834834501
-0.00888405677949
-0.0088741522038528
-0.0088642696826567
-0.0088544091423363
-0.0088445705096522
-0.0088347537116976
-0.0088249586758833
-0.0088151853299481
-0.0088054336019378
-0.0087957034202253
-0.0087859947134994
-0.0087763074107632
-0.0087666414413247
-0.008756996734814
-0.0087473732211633
-0.0087377708306131
-0.0087281894937097
-0.0087186291413085
-0.0087090897045575
-0.0086995711149119
-0.0086900733041296
-0.0086805962042583
-0.0086711397476428
-0.0086617038669267
-0.0086522884950435
-0.0086428935652181
-0.0086335190109645
-0.0086241647660837
-0.0086148307646661
-0.0086055169410847
-0.0085962232299969
-0.008586949566338
-0.0085776958853306
-0.0085684621224691
-0.0085592482135307
-0.008550054094566
-0.0085408797018976
-0.0085317249721248
-0.0085225898421158
-0.0085134742490112
-0.0085043781302173
-0.008495301423405
-0.0084862440665206
-0.0084772059977636
-0.0084681871556018
-0.0084591874787666
-0.0084502069062428
-0.0084412453772787
-0.0084323028313797
-0.0084233792083035
-0.0084144744480667
-0.0084055884909385
-0.0083967212774368
-0.008387872748332
-0.008379042844643
-0.0083702315076402
-0.0083614386788361
-0.00835266429999
-0.0083439083131063
-0.0083351706604304
-0.0083264512844501
-0.0083177501278958
-0.0083090671337313
-0.0083004022451627
-0.0082917554056335
-0.0082831265588168
-0.0082745156486248
-0.008265922619202
-0.0082573474149221
-0.0082487899803913
-0.0082402502604438
-0.0082317282001437
-0.0082232237447793
-0.0082147368398672
-0.0082062674311461
-0.0081978154645823
-0.0081893808863581
-0.0081809636428817
-0.0081725636807801
-0.0081641809468986
-0.0081558153883006
-0.0081474669522642
-0.0081391355862877
-0.0081308212380795
-0.0081225238555613
-0.0081142433868721
-0.0081059797803555
-0.0080977329845689
-0.0080895029482779
-0.0080812896204559
-0.0080730929502825
-0.0080649128871449
-0.0080567493806355
-0.0080486023805454
-0.0080404718368751
-0.0080323576998232
-0.008024259919789
-0.0080161784473732
-0.0080081132333733
-0.0080000642287857
-0.0079920313848029
-0.0079840146528131
-0.0079760139843992
-0.007968029331341
-0.0079600606456044
