-0.50000000000823
-0.47484752724306
-0.45155695269529
-0.42994980275625
-0.4098686000958
-0.3911739698099
-0.37374219500192
-0.35746314543708
-0.34223851680297
-0.32798032933623
-0.31460964367083
-0.30205545914898
-0.29025376584864
-0.27914672648876
-0.26868196838801
-0.25881196894669
-0.2494935208293
-0.24068726525868
-0.23235728367813
-0.22447073956769
-0.21699756347168
-0.20991017535326
-0.2031832392759
-0.19679344615198
-0.19071932091994
-0.18494105103452
-0.17944033359548
-0.17420023881338
-0.16920508782721
-0.16444034315741
-0.15989251030676
-0.15554904921706
-0.15139829445692
-0.14742938315946
-0.14363218985189
-0.13999726742573
-0.1365157935877
-0.13317952221114
-0.12998073907646
-0.12691222154923
-0.12396720179634
-0.12113933318645
-0.11842265956042
-0.11581158709242
-0.11330085849286
-0.11088552933116
-0.10856094627996
-0.10632272710333
-0.10416674222983
-0.10208909776766
-0.1000861198336
-0.09815434008009
-0.096290482316532
-0.094491450130684
-0.092754315425368
-0.091076307793629
-0.089454804662783
-0.087887322144248
-0.086371506531887
-0.084905126396768
-0.083486065230955
-0.082112314597188
-0.08078196774505
-0.079493213657726
-0.078244331496491
-0.077033685412927
-0.075859719701348
-0.074720954266267
-0.073615980381774
-0.072543456721649
-0.07150210564069
-0.070490709689353
-0.069508108345218
-0.068553194946073
-0.067624913810638
-0.066722257533992
-0.065844264445798
-0.064990016220289
-0.064158635627856
-0.063349284418793
-0.062561161330489
-0.061793500209973
-0.061045568244334
-0.060316664292052
-0.059606117308795
-0.058913284861684
-0.058237551726456
-0.057578328562355
-0.05693505065991
-0.056307176757133
-0.055694187919939
-0.055095586482911
-0.054510895046739
-0.053939655528992
-0.053381428265008
-0.052835791155978
-0.052302338861435
-0.051780682033587
-0.051270446591055
-0.050771273029764
-0.050282815768868
-0.049804742529716
-0.049336733746008
-0.048878482003386
-0.048429691506835
-0.047990077574344
-0.047559366155397
-0.047137293372936
-0.046723605087511
-0.046318056482446
-0.045920411668867
-0.045530443309552
-0.045147932260601
-0.044772667229985
-0.0444044444521
-0.044043067377473
-0.043688346376859
-0.043340098458977
-0.042998147001184
-0.042662321492434
-0.042332457287899
-0.042008395374667
-0.041689982147953
-0.041377069197316
-0.041069513102366
-0.040767175237513
-0.040469921585301
-0.040177622557916
-0.03989015282646
-0.039607391157639
-0.039329220257483
-0.039055526621777
-0.038786200392882
-0.038521135222639
-0.038260228141076
-0.038003379430642
-0.037750492505708
-0.037501473797102
-0.037256232641424
-0.037014681174952
-0.036776734231895
-0.036542309246825
-0.036311326161075
-0.036083707332944
-0.035859377451525
-0.03563826345399
-0.035420294446204
-0.035205401626482
-0.034993518212387
-0.034784579370413
-0.03457852214843
-0.034375285410781
-0.034174809775908
-0.033977037556393
-0.033781912701328
-0.033589380740888
-0.033399388733048
-0.033211885212309
-0.033026820140396
-0.032844144858807
-0.032663812043153
-0.032485775659214
-0.032309990920638
-0.032136414248208
-0.031965003230626
-0.031795716586738
-0.031628514129156
-0.031463356729199
-0.031300206283127
-0.031139025679592
-0.030979778768263
-0.030822430329593
-0.030666946045663
-0.030513292472063
-0.030361437010787
-0.030211347884077
-0.030062994109195
-0.029916345474084
-0.029771372513879
-0.029628046488239
-0.029486339359464
-0.029346223771374
-0.029207673028912
-0.029070661078455
-0.028935162488785
-0.028801152432725
-0.028668606669387
-0.028537501527024
-0.028407813886459
-0.028279521165075
-0.028152601301331
-0.028027032739801
-0.027902794416707
-0.027779865745933
-0.027658226605492
-0.027537857324444
-0.027418738670239
-0.027300851836474
-0.027184178431042
-0.027068700464669
-0.026954400339815
-0.026841260839938
-0.026729265119093
-0.026618396691869
-0.026508639423636
-0.02639997752111
-0.026292395523211
-0.026185878292202
-0.026080411005114
-0.025975979145432
-0.025872568495037
-0.025770165126406
-0.025668755395039
-0.025568325932128
-0.025468863637448
-0.025370355672456
-0.025272789453617
-0.025176152645907
-0.025080433156536
-0.024985619128842
-0.024891698936372
-0.024798661177145
-0.024706494668074
-0.024615188439565
-0.024524731730261
-0.024435113981955
-0.024346324834638
-0.024258354121699
-0.024171191865265
-0.024084828271666
-0.02399925372704
-0.023914458793065
-0.0238304342028
-0.023747170856658
-0.023664659818488
-0.023582892311765
-0.023501859715891
-0.023421553562596
-0.023341965532446
-0.023263087451436
-0.023184911287692
-0.023107429148254
-0.023030633275949
-0.022954516046353
-0.02287906996483
-0.022804287663663
-0.022730161899244
-0.022656685549359
-0.022583851610535
-0.02251165319546
-0.022440083530471
-0.022369135953114
-0.022298803909762
-0.022229080953297
-0.022159960740857
-0.022091437031639
-0.022023503684758
-0.021956154657165
-0.021889384001615
-0.02182318586469
-0.021757554484874
-0.02169248419067
-0.021627969398777
-0.021564004612303
-0.021500584419025
-0.021437703489699
-0.021375356576403
-0.021313538510931
-0.02125224420322
-0.021191468639815
-0.021131206882381
-0.021071454066244
-0.021012205398968
-0.02095345615897
-0.020895201694166
-0.020837437420651
-0.020780158821412
-0.02072336144507
-0.02066704090465
-0.02061119287639
-0.020555813098565
-0.020500897370346
-0.020446441550691
-0.02039244155725
-0.020338893365305
-0.020285793006729
-0.020233136568978
-0.020180920194092
-0.020129140077735
-0.020077792468243
-0.020026873665703
-0.019976380021053
-0.019926307935191
-0.019876653858124
-0.019827414288114
-0.019778585770861
-0.019730164898695
-0.019682148309788
-0.019634532687385
-0.019587314759047
-0.019540491295922
-0.019494059112014
-0.019448015063489
-0.019402356047978
-0.019357079003904
-0.019312180909826
-0.01926765878379
-0.019223509682695
-0.019179730701681
-0.019136318973517
-0.019093271668015
-0.019050585991444
-0.019008259185968
-0.018966288529086
-0.01892467133309
-0.018883404944533
-0.018842486743704
-0.018801914144122
-0.018761684592029
-0.018721795565907
-0.018682244575993
-0.01864302916381
-0.018604146901706
-0.018565595392405
-0.018527372268558
-0.018489475192318
-0.01845190185491
-0.018414649976213
-0.018377717304358
-0.018341101615322
-0.01830480071254
-0.018268812426518
-0.018233134614457
-0.018197765159884
-0.018162701972288
-0.018127942986768
-0.018093486163679
-0.018059329488298
-0.01802547097048
-0.017991908644337
-0.01795864056791
-0.017925664822857
-0.017892979514139
-0.017860582769717
-0.017828472740255
-0.017796647598823
-0.017765105540613
-0.017733844782655
-0.017702863563539
-0.017672160143146
-0.017641732802379
-0.017611579842901
-0.01758169958688
-0.017552090376732
-0.017522750574879
-0.017493678563503
-0.017464872744306
-0.017436331538277
-0.017408053385462
-0.017380036744737
-0.017352280093586
-0.017324781927885
-0.017297540761684
-0.017270555127
-0.01724382357361
-0.017217344668846
-0.0171911169974
-0.017165139161122
-0.017139409778834
-0.017113927486137
-0.017088690935228
-0.017063698794714
-0.01703894974944
-0.017014442500303
-0.01699017576409
-0.016966148273299
-0.016942358775977
-0.016918806035556
-0.016895488830689
-0.016872405955095
-0.0168495562174
-0.016826938440987
-0.016804551463845
-0.016782394138421
-0.016760465331473
-0.01673876392393
-0.016717288810753
-0.016696038900793
-0.016675013116658
-0.016654210394581
-0.016633629684287
-0.016613269948865
-0.016593130164643
-0.016573209321064
-0.016553506420561
-0.016534020478439
-0.01651475052276
-0.016495695594219
-0.016476854746042
-0.016458227043861
-0.016439811565616
-0.016421607401437
-0.016403613653545
-0.016385829436144
-0.016368253875319
-0.016350886108935
-0.016333725286538
-0.01631677056926
-0.016300021129718
-0.016283476151926
-0.016267134831197
-0.016250996374058
-0.016235059998155
-0.01621932493217
-0.016203790415733
-0.016188455699336
-0.016173320044253
-0.016158382722456
-0.016143643016536
-0.016129100219623
-0.016114753635312
-0.016100602577582
-0.016086646370726
-0.016072884349274
-0.016059315857926
-0.016045940251475
-0.016032756894744
-0.016019765162513
-0.016006964439457
-0.015994354120075
-0.015981933608632
-0.01596970231909
-0.01595765967505
-0.01594580510969
-0.015934138065706
-0.015922657995252
-0.015911364359886
-0.015900256630511
-0.015889334287322
-0.015878596819749
-0.015868043726408
-0.015857674515048
-0.015847488702499
-0.015837485814623
-0.015827665386269
-0.015818026961218
-0.015808570092143
-0.015799294340562
-0.01579019927679
-0.015781284479901
-0.01577254953768
-0.015763994046587
-0.01575561761171
-0.015747419846731
-0.015739400373884
-0.015731558823917
-0.015723894836058
-0.015716408057976
-0.015709098145746
-0.015701964763817
-0.015695007584977
-0.01568822629032
-0.015681620569218
-0.015675190119283
-0.015668934646346
-0.015662853864421
-0.015656947495682
-0.015651215270431
-0.015645656927075
-0.015640272212098
-0.015635060880039
-0.015630022693465
-0.015625157422949
-0.015620464847049
-0.015615944752283
-0.015611596933112
-0.015607421191918
-0.015603417338983
-0.015599585192477
-0.015595924578432
-0.015592435330731
-0.015589117291089
-0.01558597030904
-0.01558299424192
-0.015580188954856
-0.01557755432075
-0.015575090220267
-0.015572796541827
-0.015570673181592
-0.015568720043453
-0.015566937039026
-0.015565324087639
-0.01556388111633
-0.015562608059832
-0.015561504860573
-0.015560571468669
-0.015559807841918
-0.015559213945796
-0.015558789753456
-0.015558535245721
-0.015558450411088
-0.015558535245721
-0.015558789753456
-0.015559213945796
-0.015559807841918
-0.015560571468669
-0.015561504860573
-0.015562608059832
-0.01556388111633
-0.015565324087639
-0.015566937039025
-0.015568720043453
-0.015570673181592
-0.015572796541827
-0.015575090220267
-0.015577554320749
-0.015580188954856
-0.01558299424192
-0.01558597030904
-0.015589117291089
-0.015592435330731
-0.015595924578432
-0.015599585192477
-0.015603417338983
-0.015607421191917
-0.015611596933112
-0.015615944752283
-0.015620464847049
-0.015625157422949
-0.015630022693465
-0.015635060880039
-0.015640272212098
-0.015645656927075
-0.015651215270431
-0.015656947495682
-0.015662853864421
-0.015668934646346
-0.015675190119283
-0.015681620569217
-0.015688226290321
-0.015695007584977
-0.015701964763817
-0.015709098145746
-0.015716408057976
-0.015723894836058
-0.015731558823917
-0.015739400373884
-0.015747419846731
-0.01575561761171
-0.015763994046587
-0.01577254953768
-0.015781284479901
-0.01579019927679
-0.015799294340562
-0.015808570092143
-0.015818026961218
-0.015827665386269
-0.015837485814624
-0.015847488702499
-0.015857674515048
-0.015868043726408
-0.015878596819749
-0.015889334287322
-0.015900256630512
-0.015911364359886
-0.015922657995252
-0.015934138065706
-0.01594580510969
-0.01595765967505
-0.01596970231909
-0.015981933608632
-0.015994354120076
-0.016006964439457
-0.016019765162513
-0.016032756894744
-0.016045940251475
-0.016059315857926
-0.016072884349274
-0.016086646370726
-0.016100602577582
-0.016114753635312
-0.016129100219623
-0.016143643016536
-0.016158382722456
-0.016173320044253
-0.016188455699336
-0.016203790415733
-0.01621932493217
-0.016235059998155
-0.016250996374058
-0.016267134831197
-0.016283476151926
-0.016300021129718
-0.01631677056926
-0.016333725286538
-0.016350886108934
-0.016368253875319
-0.016385829436144
-0.016403613653545
-0.016421607401437
-0.016439811565615
-0.016458227043861
-0.016476854746041
-0.016495695594219
-0.016514750522759
-0.016534020478439
-0.016553506420561
-0.016573209321064
-0.016593130164643
-0.016613269948865
-0.016633629684287
-0.016654210394581
-0.016675013116658
-0.016696038900793
-0.016717288810753
-0.01673876392393
-0.016760465331473
-0.016782394138421
-0.016804551463845
-0.016826938440987
-0.0168495562174
-0.016872405955095
-0.016895488830689
-0.016918806035556
-0.016942358775977
-0.016966148273299
-0.01699017576409
-0.017014442500303
-0.01703894974944
-0.017063698794714
-0.017088690935228
-0.017113927486137
-0.017139409778834
-0.017165139161122
-0.0171911169974
-0.017217344668846
-0.01724382357361
-0.017270555127
-0.017297540761684
-0.017324781927885
-0.017352280093586
-0.017380036744737
-0.017408053385462
-0.017436331538277
-0.017464872744306
-0.017493678563503
-0.01752275057488
-0.017552090376732
-0.01758169958688
-0.017611579842902
-0.017641732802379
-0.017672160143146
-0.017702863563539
-0.017733844782656
-0.017765105540614
-0.017796647598824
-0.017828472740256
-0.017860582769718
-0.017892979514139
-0.017925664822857
-0.01795864056791
-0.017991908644337
-0.01802547097048
-0.018059329488298
-0.01809348616368
-0.018127942986768
-0.018162701972289
-0.018197765159884
-0.018233134614458
-0.018268812426518
-0.01830480071254
-0.018341101615323
-0.018377717304358
-0.018414649976213
-0.01845190185491
-0.018489475192319
-0.018527372268558
-0.018565595392405
-0.018604146901707
-0.018643029163811
-0.018682244575993
-0.018721795565908
-0.018761684592029
-0.018801914144122
-0.018842486743705
-0.018883404944534
-0.018924671333091
-0.018966288529087
-0.019008259185969
-0.019050585991445
-0.019093271668015
-0.019136318973518
-0.019179730701681
-0.019223509682696
-0.01926765878379
-0.019312180909827
-0.019357079003904
-0.019402356047978
-0.019448015063489
-0.019494059112015
-0.019540491295922
-0.019587314759048
-0.019634532687385
-0.019682148309789
-0.019730164898696
-0.019778585770862
-0.019827414288114
-0.019876653858124
-0.019926307935192
-0.019976380021053
-0.020026873665703
-0.020077792468243
-0.020129140077735
-0.020180920194093
-0.020233136568978
-0.02028579300673
-0.020338893365305
-0.020392441557251
-0.020446441550692
-0.020500897370347
-0.020555813098565
-0.020611192876391
-0.020667040904651
-0.02072336144507
-0.020780158821412
-0.020837437420651
-0.020895201694166
-0.02095345615897
-0.021012205398968
-0.021071454066244
-0.021131206882381
-0.021191468639815
-0.02125224420322
-0.021313538510932
-0.021375356576404
-0.0214377034897
-0.021500584419026
-0.021564004612304
-0.021627969398778
-0.021692484190671
-0.021757554484875
-0.021823185864692
-0.021889384001616
-0.021956154657166
-0.022023503684759
-0.02209143703164
-0.022159960740858
-0.022229080953298
-0.022298803909763
-0.022369135953116
-0.022440083530473
-0.022511653195461
-0.022583851610537
-0.02265668554936
-0.022730161899245
-0.022804287663664
-0.022879069964832
-0.022954516046354
-0.02303063327595
-0.023107429148255
-0.023184911287693
-0.023263087451437
-0.023341965532447
-0.023421553562598
-0.023501859715892
-0.023582892311767
-0.02366465981849
-0.023747170856659
-0.023830434202801
-0.023914458793066
-0.023999253727042
-0.024084828271667
-0.024171191865266
-0.024258354121701
-0.024346324834639
-0.024435113981956
-0.024524731730261
-0.024615188439565
-0.024706494668075
-0.024798661177146
-0.024891698936373
-0.024985619128843
-0.025080433156537
-0.025176152645908
-0.025272789453618
-0.025370355672457
-0.025468863637448
-0.025568325932129
-0.02566875539504
-0.025770165126407
-0.025872568495038
-0.025975979145432
-0.026080411005115
-0.026185878292202
-0.026292395523211
-0.026399977521111
-0.026508639423636
-0.026618396691869
-0.026729265119094
-0.026841260839938
-0.026954400339815
-0.027068700464669
-0.027184178431043
-0.027300851836475
-0.02741873867024
-0.027537857324445
-0.027658226605493
-0.027779865745935
-0.027902794416709
-0.028027032739802
-0.028152601301332
-0.028279521165077
-0.028407813886461
-0.028537501527025
-0.028668606669388
-0.028801152432726
-0.028935162488786
-0.029070661078456
-0.029207673028914
-0.029346223771375
-0.029486339359465
-0.029628046488241
-0.029771372513881
-0.029916345474086
-0.030062994109196
-0.030211347884078
-0.030361437010788
-0.030513292472064
-0.030666946045664
-0.030822430329595
-0.030979778768264
-0.031139025679593
-0.031300206283128
-0.0314633567292
-0.031628514129157
-0.031795716586739
-0.031965003230627
-0.032136414248209
-0.032309990920639
-0.032485775659215
-0.032663812043154
-0.032844144858808
-0.033026820140397
-0.03321188521231
-0.033399388733049
-0.033589380740889
-0.033781912701328
-0.033977037556394
-0.034174809775908
-0.034375285410782
-0.03457852214843
-0.034784579370413
-0.034993518212388
-0.035205401626482
-0.035420294446204
-0.035638263453991
-0.035859377451525
-0.036083707332945
-0.036311326161075
-0.036542309246825
-0.036776734231896
-0.037014681174953
-0.037256232641425
-0.037501473797102
-0.037750492505709
-0.038003379430642
-0.038260228141077
-0.03852113522264
-0.038786200392884
-0.039055526621779
-0.039329220257485
-0.039607391157641
-0.039890152826461
-0.040177622557917
-0.040469921585303
-0.040767175237514
-0.041069513102367
-0.041377069197317
-0.041689982147955
-0.042008395374668
-0.042332457287901
-0.042662321492435
-0.042998147001185
-0.043340098458978
-0.04368834637686
-0.044043067377473
-0.044404444452101
-0.044772667229986
-0.045147932260601
-0.045530443309552
-0.045920411668868
-0.046318056482447
-0.046723605087512
-0.047137293372936
-0.047559366155398
-0.047990077574345
-0.048429691506836
-0.048878482003387
-0.049336733746008
-0.049804742529717
-0.050282815768869
-0.050771273029765
-0.051270446591056
-0.051780682033588
-0.052302338861436
-0.052835791155978
-0.053381428265009
-0.053939655528992
-0.054510895046739
-0.055095586482911
-0.055694187919941
-0.056307176757134
-0.056935050659911
-0.057578328562356
-0.058237551726457
-0.058913284861685
-0.059606117308796
-0.060316664292053
-0.061045568244334
-0.061793500209973
-0.062561161330489
-0.063349284418793
-0.064158635627855
-0.064990016220288
-0.065844264445797
-0.066722257533992
-0.067624913810637
-0.068553194946072
-0.069508108345217
-0.070490709689353
-0.071502105640689
-0.072543456721649
-0.073615980381773
-0.074720954266266
-0.075859719701348
-0.077033685412926
-0.07824433149649
-0.079493213657725
-0.08078196774505
-0.082112314597189
-0.083486065230956
-0.084905126396768
-0.086371506531888
-0.087887322144248
-0.089454804662783
-0.091076307793629
-0.092754315425368
-0.094491450130682
-0.09629048231653
-0.098154340080089
-0.1000861198336
-0.10208909776766
-0.10416674222983
-0.10632272710333
-0.10856094627996
-0.11088552933116
-0.11330085849286
-0.11581158709241
-0.11842265956042
-0.12113933318645
-0.12396720179634
-0.12691222154923
-0.12998073907646
-0.13317952221113
-0.1365157935877
-0.13999726742572
-0.14363218985188
-0.14742938315945
-0.15139829445692
-0.15554904921705
-0.15989251030676
-0.16444034315741
-0.16920508782721
-0.17420023881338
-0.17944033359548
-0.18494105103452
-0.19071932091994
-0.19679344615198
-0.2031832392759
-0.20991017535326
-0.21699756347168
-0.22447073956768
-0.23235728367812
-0.24068726525867
-0.24949352082929
-0.25881196894668
-0.26868196838799
-0.27914672648872
-0.29025376584858
-0.30205545914887
-0.31460964367067
-0.32798032933597
-0.34223851680254
-0.3574631454364
-0.37374219500085
-0.3911739698082
-0.40986860009311
-0.429949802752
-0.45155695268859
-0.47484752723254
-0.49999999999173
