-100 -0.00999842 0
-99.9 -0.0100084 0
-99.8 -0.0100185 0
-99.7 -0.0100285 0
-99.6 -0.0100386 0
-99.5 -0.0100487 0
-99.4 -0.0100588 0
-99.3 -0.0100689 0
-99.2 -0.0100791 0
-99.1 -0.0100892 0
-99 -0.0100994 0
-98.9 -0.0101096 0
-98.8 -0.0101199 0
-98.7 -0.0101301 0
-98.6 -0.0101404 0
-98.5 -0.0101507 0
-98.4 -0.010161 0
-98.3 -0.0101713 0
-98.2 -0.0101817 0
-98.1 -0.0101921 0
-98 -0.0102025 0
-97.9 -0.0102129 0
-97.8 -0.0102233 0
-97.7 -0.0102338 0
-97.6 -0.0102443 0
-97.5 -0.0102548 0
-97.4 -0.0102653 0
-97.3 -0.0102759 0
-97.2 -0.0102864 0
-97.1 -0.010297 0
-97 -0.0103077 0
-96.9 -0.0103183 0
-96.8 -0.010329 0
-96.7 -0.0103396 0
-96.6 -0.0103503 0
-96.5 -0.0103611 0
-96.4 -0.0103718 0
-96.3 -0.0103826 0
-96.2 -0.0103934 0
-96.1 -0.0104042 0
-96 -0.010415 0
-95.9 -0.0104259 0
-95.8 -0.0104368 0
-95.7 -0.0104477 0
-95.6 -0.0104586 0
-95.5 -0.0104696 0
-95.4 -0.0104805 0
-95.3 -0.0104915 0
-95.2 -0.0105026 0
-95.1 -0.0105136 0
-95 -0.0105247 0
-94.9 -0.0105358 0
-94.8 -0.0105469 0
-94.7 -0.010558 0
-94.6 -0.0105692 0
-94.5 -0.0105804 0
-94.4 -0.0105916 0
-94.3 -0.0106028 0
-94.2 -0.0106141 0
-94.1 -0.0106253 0
-94 -0.0106366 0
-93.9 -0.010648 0
-93.8 -0.0106593 0
-93.7 -0.0106707 0
-93.6 -0.0106821 0
-93.5 -0.0106935 0
-93.4 -0.010705 0
-93.3 -0.0107164 0
-93.2 -0.0107279 0
-93.1 -0.0107395 0
-93 -0.010751 0
-92.9 -0.0107626 0
-92.8 -0.0107742 0
-92.7 -0.0107858 0
-92.6 -0.0107975 0
-92.5 -0.0108091 0
-92.4 -0.0108208 0
-92.3 -0.0108326 0
-92.2 -0.0108443 0
-92.1 -0.0108561 0
-92 -0.0108679 0
-91.9 -0.0108797 0
-91.8 -0.0108916 0
-91.7 -0.0109034 0
-91.6 -0.0109153 0
-91.5 -0.0109273 0
-91.4 -0.0109392 0
-91.3 -0.0109512 0
-91.2 -0.0109632 0
-91.1 -0.0109752 0
-91 -0.0109873 0
-90.9 -0.0109994 0
-90.8 -0.0110115 0
-90.7 -0.0110236 0
-90.6 -0.0110358 0
-90.5 -0.011048 0
-90.4 -0.0110602 0
-90.3 -0.0110725 0
-90.2 -0.0110848 0
-90.1 -0.0110971 0
-90 -0.0111094 0
-89.9 -0.0111218 0
-89.8 -0.0111341 0
-89.7 -0.0111465 0
-89.6 -0.011159 0
-89.5 -0.0111715 0
-89.4 -0.011184 0
-89.3 -0.0111965 0
-89.2 -0.011209 0
-89.1 -0.0112216 0
-89 -0.0112342 0
-88.9 -0.0112469 0
-88.8 -0.0112595 0
-88.7 -0.0112722 0
-88.6 -0.0112849 0
-88.5 -0.0112977 0
-88.4 -0.0113105 0
-88.3 -0.0113233 0
-88.2 -0.0113361 0
-88.1 -0.011349 0
-88 -0.0113619 0
-87.9 -0.0113748 0
-87.8 -0.0113878 0
-87.7 -0.0114008 0
-87.6 -0.0114138 0
-87.5 -0.0114268 0
-87.4 -0.0114399 0
-87.3 -0.011453 0
-87.2 -0.0114661 0
-87.1 -0.0114793 0
-87 -0.0114925 0
-86.9 -0.0115057 0
-86.8 -0.011519 0
-86.7 -0.0115323 0
-86.6 -0.0115456 0
-86.5 -0.0115589 0
-86.4 -0.0115723 0
-86.3 -0.0115857 0
-86.2 -0.0115992 0
-86.1 -0.0116126 0
-86 -0.0116261 0
-85.9 -0.0116397 0
-85.8 -0.0116532 0
-85.7 -0.0116668 0
-85.6 -0.0116805 0
-85.5 -0.0116941 0
-85.4 -0.0117078 0
-85.3 -0.0117215 0
-85.2 -0.0117353 0
-85.1 -0.0117491 0
-85 -0.0117629 0
-84.9 -0.0117768 0
-84.8 -0.0117907 0
-84.7 -0.0118046 0
-84.6 -0.0118185 0
-84.5 -0.0118325 0
-84.4 -0.0118465 0
-84.3 -0.0118606 0
-84.2 -0.0118747 0
-84.1 -0.0118888 0
-84 -0.011903 0
-83.9 -0.0119171 0
-83.8 -0.0119314 0
-83.7 -0.0119456 0
-83.6 -0.0119599 0
-83.5 -0.0119742 0
-83.4 -0.0119886 0
-83.3 -0.012003 0
-83.2 -0.0120174 0
-83.1 -0.0120319 0
-83 -0.0120464 0
-82.9 -0.0120609 0
-82.8 -0.0120755 0
-82.7 -0.0120901 0
-82.6 -0.0121047 0
-82.5 -0.0121194 0
-82.4 -0.0121341 0
-82.3 -0.0121488 0
-82.2 -0.0121636 0
-82.1 -0.0121784 0
-82 -0.0121933 0
-81.9 -0.0122082 0
-81.8 -0.0122231 0
-81.7 -0.0122381 0
-81.6 -0.0122531 0
-81.5 -0.0122681 0
-81.4 -0.0122832 0
-81.3 -0.0122983 0
-81.2 -0.0123134 0
-81.1 -0.0123286 0
-81 -0.0123438 0
-80.9 -0.0123591 0
-80.8 -0.0123744 0
-80.7 -0.0123897 0
-80.6 -0.0124051 0
-80.5 -0.0124205 0
-80.4 -0.0124359 0
-80.3 -0.0124514 0
-80.2 -0.012467 0
-80.1 -0.0124825 0
-80 -0.0124981 0
-79.9 -0.0125138 0
-79.8 -0.0125295 0
-79.7 -0.0125452 0
-79.6 -0.0125609 0
-79.5 -0.0125767 0
-79.4 -0.0125926 0
-79.3 -0.0126085 0
-79.2 -0.0126244 0
-79.1 -0.0126403 0
-79 -0.0126563 0
-78.9 -0.0126724 0
-78.8 -0.0126885 0
-78.7 -0.0127046 0
-78.6 -0.0127208 0
-78.5 -0.012737 0
-78.4 -0.0127532 0
-78.3 -0.0127695 0
-78.2 -0.0127858 0
-78.1 -0.0128022 0
-78 -0.0128186 0
-77.9 -0.0128351 0
-77.8 -0.0128516 0
-77.7 -0.0128681 0
-77.6 -0.0128847 0
-77.5 -0.0129013 0
-77.4 -0.012918 0
-77.3 -0.0129347 0
-77.2 -0.0129515 0
-77.1 -0.0129683 0
-77 -0.0129851 0
-76.9 -0.013002 0
-76.8 -0.0130189 0
-76.7 -0.0130359 0
-76.6 -0.0130529 0
-76.5 -0.01307 0
-76.4 -0.0130871 0
-76.3 -0.0131042 0
-76.2 -0.0131214 0
-76.1 -0.0131387 0
-76 -0.013156 0
-75.9 -0.0131733 0
-75.8 -0.0131907 0
-75.7 -0.0132081 0
-75.6 -0.0132256 0
-75.5 -0.0132431 0
-75.4 -0.0132607 0
-75.3 -0.0132783 0
-75.2 -0.0132959 0
-75.1 -0.0133136 0
-75 -0.0133314 0
-74.9 -0.0133492 0
-74.8 -0.013367 0
-74.7 -0.0133849 0
-74.6 -0.0134029 0
-74.5 -0.0134209 0
-74.4 -0.0134389 0
-74.3 -0.013457 0
-74.2 -0.0134751 0
-74.1 -0.0134933 0
-74 -0.0135116 0
-73.9 -0.0135298 0
-73.8 -0.0135482 0
-73.7 -0.0135666 0
-73.6 -0.013585 0
-73.5 -0.0136035 0
-73.4 -0.013622 0
-73.3 -0.0136406 0
-73.2 -0.0136592 0
-73.1 -0.0136779 0
-73 -0.0136967 0
-72.9 -0.0137154 0
-72.8 -0.0137343 0
-72.7 -0.0137532 0
-72.6 -0.0137721 0
-72.5 -0.0137911 0
-72.4 -0.0138102 0
-72.3 -0.0138293 0
-72.2 -0.0138484 0
-72.1 -0.0138676 0
-72 -0.0138869 0
-71.9 -0.0139062 0
-71.8 -0.0139256 0
-71.7 -0.013945 0
-71.6 -0.0139645 0
-71.5 -0.013984 0
-71.4 -0.0140036 0
-71.3 -0.0140232 0
-71.2 -0.0140429 0
-71.1 -0.0140627 0
-71 -0.0140825 0
-70.9 -0.0141024 0
-70.8 -0.0141223 0
-70.7 -0.0141423 0
-70.6 -0.0141623 0
-70.5 -0.0141824 0
-70.4 -0.0142025 0
-70.3 -0.0142227 0
-70.2 -0.014243 0
-70.1 -0.0142633 0
-70 -0.0142837 0
-69.9 -0.0143041 0
-69.8 -0.0143246 0
-69.7 -0.0143452 0
-69.6 -0.0143658 0
-69.5 -0.0143865 0
-69.4 -0.0144072 0
-69.3 -0.014428 0
-69.2 -0.0144488 0
-69.1 -0.0144697 0
-69 -0.0144907 0
-68.9 -0.0145117 0
-68.8 -0.0145328 0
-68.7 -0.014554 0
-68.6 -0.0145752 0
-68.5 -0.0145965 0
-68.4 -0.0146178 0
-68.3 -0.0146392 0
-68.2 -0.0146607 0
-68.1 -0.0146822 0
-68 -0.0147038 0
-67.9 -0.0147255 0
-67.8 -0.0147472 0
-67.7 -0.014769 0
-67.6 -0.0147908 0
-67.5 -0.0148127 0
-67.4 -0.0148347 0
-67.3 -0.0148568 0
-67.2 -0.0148789 0
-67.1 -0.0149011 0
-67 -0.0149233 0
-66.9 -0.0149456 0
-66.8 -0.014968 0
-66.7 -0.0149904 0
-66.6 -0.0150129 0
-66.5 -0.0150355 0
-66.4 -0.0150582 0
-66.3 -0.0150809 0
-66.2 -0.0151037 0
-66.1 -0.0151265 0
-66 -0.0151494 0
-65.9 -0.0151724 0
-65.8 -0.0151955 0
-65.7 -0.0152186 0
-65.6 -0.0152418 0
-65.5 -0.0152651 0
-65.4 -0.0152884 0
-65.3 -0.0153118 0
-65.2 -0.0153353 0
-65.1 -0.0153589 0
-65 -0.0153825 0
-64.9 -0.0154062 0
-64.8 -0.01543 0
-64.7 -0.0154538 0
-64.6 -0.0154778 0
-64.5 -0.0155018 0
-64.4 -0.0155258 0
-64.3 -0.01555 0
-64.2 -0.0155742 0
-64.1 -0.0155985 0
-64 -0.0156229 0
-63.9 -0.0156473 0
-63.8 -0.0156719 0
-63.7 -0.0156965 0
-63.6 -0.0157211 0
-63.5 -0.0157459 0
-63.4 -0.0157707 0
-63.3 -0.0157957 0
-63.2 -0.0158207 0
-63.1 -0.0158457 0
-63 -0.0158709 0
-62.9 -0.0158961 0
-62.8 -0.0159214 0
-62.7 -0.0159468 0
-62.6 -0.0159723 0
-62.5 -0.0159979 0
-62.4 -0.0160235 0
-62.3 -0.0160492 0
-62.2 -0.016075 0
-62.1 -0.0161009 0
-62 -0.0161269 0
-61.9 -0.0161529 0
-61.8 -0.0161791 0
-61.7 -0.0162053 0
-61.6 -0.0162316 0
-61.5 -0.016258 0
-61.4 -0.0162845 0
-61.3 -0.0163111 0
-61.2 -0.0163377 0
-61.1 -0.0163645 0
-61 -0.0163913 0
-60.9 -0.0164182 0
-60.8 -0.0164452 0
-60.7 -0.0164723 0
-60.6 -0.0164995 0
-60.5 -0.0165268 0
-60.4 -0.0165541 0
-60.3 -0.0165816 0
-60.2 -0.0166091 0
-60.1 -0.0166368 0
-60 -0.0166645 0
-59.9 -0.0166923 0
-59.8 -0.0167202 0
-59.7 -0.0167482 0
-59.6 -0.0167764 0
-59.5 -0.0168045 0
-59.4 -0.0168328 0
-59.3 -0.0168612 0
-59.2 -0.0168897 0
-59.1 -0.0169183 0
-59 -0.016947 0
-58.9 -0.0169757 0
-58.8 -0.0170046 0
-58.7 -0.0170336 0
-58.6 -0.0170627 0
-58.5 -0.0170918 0
-58.4 -0.0171211 0
-58.3 -0.0171505 0
-58.2 -0.0171799 0
-58.1 -0.0172095 0
-58 -0.0172392 0
-57.9 -0.017269 0
-57.8 -0.0172988 0
-57.7 -0.0173288 0
-57.6 -0.0173589 0
-57.5 -0.0173891 0
-57.4 -0.0174194 0
-57.3 -0.0174498 0
-57.2 -0.0174803 0
-57.1 -0.0175109 0
-57 -0.0175417 0
-56.9 -0.0175725 0
-56.8 -0.0176034 0
-56.7 -0.0176345 0
-56.6 -0.0176656 0
-56.5 -0.0176969 0
-56.4 -0.0177283 0
-56.3 -0.0177598 0
-56.2 -0.0177914 0
-56.1 -0.0178231 0
-56 -0.0178549 0
-55.9 -0.0178869 0
-55.8 -0.0179189 0
-55.7 -0.0179511 0
-55.6 -0.0179834 0
-55.5 -0.0180158 0
-55.4 -0.0180483 0
-55.3 -0.018081 0
-55.2 -0.0181137 0
-55.1 -0.0181466 0
-55 -0.0181796 0
-54.9 -0.0182127 0
-54.8 -0.018246 0
-54.7 -0.0182793 0
-54.6 -0.0183128 0
-54.5 -0.0183464 0
-54.4 -0.0183801 0
-54.3 -0.018414 0
-54.2 -0.018448 0
-54.1 -0.0184821 0
-54 -0.0185163 0
-53.9 -0.0185507 0
-53.8 -0.0185851 0
-53.7 -0.0186198 0
-53.6 -0.0186545 0
-53.5 -0.0186894 0
-53.4 -0.0187244 0
-53.3 -0.0187595 0
-53.2 -0.0187948 0
-53.1 -0.0188302 0
-53 -0.0188657 0
-52.9 -0.0189014 0
-52.8 -0.0189372 0
-52.7 -0.0189731 0
-52.6 -0.0190092 0
-52.5 -0.0190454 0
-52.4 -0.0190817 0
-52.3 -0.0191182 0
-52.2 -0.0191549 0
-52.1 -0.0191916 0
-52 -0.0192285 0
-51.9 -0.0192656 0
-51.8 -0.0193028 0
-51.7 -0.0193401 0
-51.6 -0.0193776 0
-51.5 -0.0194153 0
-51.4 -0.019453 0
-51.3 -0.019491 0
-51.2 -0.019529 0
-51.1 -0.0195673 0
-51 -0.0196056 0
-50.9 -0.0196441 0
-50.8 -0.0196828 0
-50.7 -0.0197216 0
-50.6 -0.0197606 0
-50.5 -0.0197998 0
-50.4 -0.0198391 0
-50.3 -0.0198785 0
-50.2 -0.0199181 0
-50.1 -0.0199579 0
-50 -0.0199978 0
-49.9 -0.0200379 0
-49.8 -0.0200781 0
-49.7 -0.0201185 0
-49.6 -0.0201591 0
-49.5 -0.0201998 0
-49.4 -0.0202407 0
-49.3 -0.0202818 0
-49.2 -0.020323 0
-49.1 -0.0203644 0
-49 -0.020406 0
-48.9 -0.0204477 0
-48.8 -0.0204896 0
-48.7 -0.0205317 0
-48.6 -0.0205739 0
-48.5 -0.0206164 0
-48.4 -0.020659 0
-48.3 -0.0207017 0
-48.2 -0.0207447 0
-48.1 -0.0207878 0
-48 -0.0208311 0
-47.9 -0.0208746 0
-47.8 -0.0209183 0
-47.7 -0.0209622 0
-47.6 -0.0210062 0
-47.5 -0.0210504 0
-47.4 -0.0210949 0
-47.3 -0.0211395 0
-47.2 -0.0211843 0
-47.1 -0.0212292 0
-47 -0.0212744 0
-46.9 -0.0213198 0
-46.8 -0.0213653 0
-46.7 -0.0214111 0
-46.6 -0.0214571 0
-46.5 -0.0215032 0
-46.4 -0.0215496 0
-46.3 -0.0215961 0
-46.2 -0.0216429 0
-46.1 -0.0216898 0
-46 -0.021737 0
-45.9 -0.0217843 0
-45.8 -0.0218319 0
-45.7 -0.0218797 0
-45.6 -0.0219277 0
-45.5 -0.0219759 0
-45.4 -0.0220243 0
-45.3 -0.0220729 0
-45.2 -0.0221218 0
-45.1 -0.0221708 0
-45 -0.0222201 0
-44.9 -0.0222696 0
-44.8 -0.0223193 0
-44.7 -0.0223692 0
-44.6 -0.0224194 0
-44.5 -0.0224698 0
-44.4 -0.0225204 0
-44.3 -0.0225713 0
-44.2 -0.0226223 0
-44.1 -0.0226736 0
-44 -0.0227252 0
-43.9 -0.022777 0
-43.8 -0.022829 0
-43.7 -0.0228812 0
-43.6 -0.0229337 0
-43.5 -0.0229864 0
-43.4 -0.0230394 0
-43.3 -0.0230926 0
-43.2 -0.0231461 0
-43.1 -0.0231998 0
-43 -0.0232538 0
-42.9 -0.023308 0
-42.8 -0.0233624 0
-42.7 -0.0234172 0
-42.6 -0.0234721 0
-42.5 -0.0235274 0
-42.4 -0.0235829 0
-42.3 -0.0236386 0
-42.2 -0.0236947 0
-42.1 -0.023751 0
-42 -0.0238075 0
-41.9 -0.0238644 0
-41.8 -0.0239215 0
-41.7 -0.0239788 0
-41.6 -0.0240365 0
-41.5 -0.0240944 0
-41.4 -0.0241526 0
-41.3 -0.0242111 0
-41.2 -0.0242699 0
-41.1 -0.024329 0
-41 -0.0243883 0
-40.9 -0.0244479 0
-40.8 -0.0245079 0
-40.7 -0.0245681 0
-40.6 -0.0246286 0
-40.5 -0.0246894 0
-40.4 -0.0247506 0
-40.3 -0.024812 0
-40.2 -0.0248737 0
-40.1 -0.0249358 0
-40 -0.0249981 0
-39.9 -0.0250608 0
-39.8 -0.0251238 0
-39.7 -0.0251871 0
-39.6 -0.0252507 0
-39.5 -0.0253146 0
-39.4 -0.0253789 0
-39.3 -0.0254435 0
-39.2 -0.0255084 0
-39.1 -0.0255737 0
-39 -0.0256392 0
-38.9 -0.0257052 0
-38.8 -0.0257714 0
-38.7 -0.025838 0
-38.6 -0.025905 0
-38.5 -0.0259723 0
-38.4 -0.0260399 0
-38.3 -0.0261079 0
-38.2 -0.0261763 0
-38.1 -0.026245 0
-38 -0.0263141 0
-37.9 -0.0263835 0
-37.8 -0.0264534 0
-37.7 -0.0265235 0
-37.6 -0.0265941 0
-37.5 -0.026665 0
-37.4 -0.0267363 0
-37.3 -0.026808 0
-37.2 -0.0268801 0
-37.1 -0.0269526 0
-37 -0.0270255 0
-36.9 -0.0270987 0
-36.8 -0.0271724 0
-36.7 -0.0272464 0
-36.6 -0.0273209 0
-36.5 -0.0273958 0
-36.4 -0.027471 0
-36.3 -0.0275467 0
-36.2 -0.0276228 0
-36.1 -0.0276994 0
-36 -0.0277763 0
-35.9 -0.0278537 0
-35.8 -0.0279316 0
-35.7 -0.0280098 0
-35.6 -0.0280885 0
-35.5 -0.0281677 0
-35.4 -0.0282473 0
-35.3 -0.0283273 0
-35.2 -0.0284078 0
-35.1 -0.0284887 0
-35 -0.0285702 0
-34.9 -0.028652 0
-34.8 -0.0287344 0
-34.7 -0.0288172 0
-34.6 -0.0289005 0
-34.5 -0.0289843 0
-34.4 -0.0290686 0
-34.3 -0.0291534 0
-34.2 -0.0292386 0
-34.1 -0.0293244 0
-34 -0.0294107 0
-33.9 -0.0294975 0
-33.8 -0.0295848 0
-33.7 -0.0296726 0
-33.6 -0.0297609 0
-33.5 -0.0298498 0
-33.4 -0.0299392 0
-33.3 -0.0300291 0
-33.2 -0.0301196 0
-33.1 -0.0302106 0
-33 -0.0303022 0
-32.9 -0.0303943 0
-32.8 -0.030487 0
-32.7 -0.0305803 0
-32.6 -0.0306741 0
-32.5 -0.0307685 0
-32.4 -0.0308635 0
-32.3 -0.0309591 0
-32.2 -0.0310553 0
-32.1 -0.031152 0
-32 -0.0312494 0
-31.9 -0.0313474 0
-31.8 -0.031446 0
-31.7 -0.0315452 0
-31.6 -0.0316451 0
-31.5 -0.0317456 0
-31.4 -0.0318467 0
-31.3 -0.0319485 0
-31.2 -0.0320509 0
-31.1 -0.032154 0
-31 -0.0322578 0
-30.9 -0.0323622 0
-30.8 -0.0324673 0
-30.7 -0.0325731 0
-30.6 -0.0326796 0
-30.5 -0.0327868 0
-30.4 -0.0328947 0
-30.3 -0.0330033 0
-30.2 -0.0331126 0
-30.1 -0.0332226 0
-30 -0.0333334 0
-29.9 -0.0334449 0
-29.8 -0.0335572 0
-29.7 -0.0336702 0
-29.6 -0.033784 0
-29.5 -0.0338986 0
-29.4 -0.0340139 0
-29.3 -0.0341301 0
-29.2 -0.034247 0
-29.1 -0.0343647 0
-29 -0.0344833 0
-28.9 -0.0346026 0
-28.8 -0.0347228 0
-28.7 -0.0348439 0
-28.6 -0.0349657 0
-28.5 -0.0350885 0
-28.4 -0.0352121 0
-28.3 -0.0353366 0
-28.2 -0.0354619 0
-28.1 -0.0355882 0
-28 -0.0357153 0
-27.9 -0.0358434 0
-27.8 -0.0359724 0
-27.7 -0.0361023 0
-27.6 -0.0362331 0
-27.5 -0.0363649 0
-27.4 -0.0364977 0
-27.3 -0.0366315 0
-27.2 -0.0367662 0
-27.1 -0.0369019 0
-27 -0.0370387 0
-26.9 -0.0371764 0
-26.8 -0.0373152 0
-26.7 -0.037455 0
-26.6 -0.0375959 0
-26.5 -0.0377378 0
-26.4 -0.0378808 0
-26.3 -0.0380249 0
-26.2 -0.0381701 0
-26.1 -0.0383164 0
-26 -0.0384639 0
-25.9 -0.0386125 0
-25.8 -0.0387622 0
-25.7 -0.0389131 0
-25.6 -0.0390652 0
-25.5 -0.0392184 0
-25.4 -0.0393729 0
-25.3 -0.0395286 0
-25.2 -0.0396856 0
-25.1 -0.0398438 0
-25 -0.0400032 0
-24.9 -0.0401639 0
-24.8 -0.040326 0
-24.7 -0.0404893 0
-24.6 -0.040654 0
-24.5 -0.04082 0
-24.4 -0.0409874 0
-24.3 -0.0411562 0
-24.2 -0.0413263 0
-24.1 -0.0414979 0
-24 -0.0416709 0
-23.9 -0.0418454 0
-23.8 -0.0420213 0
-23.7 -0.0421987 0
-23.6 -0.0423776 0
-23.5 -0.042558 0
-23.4 -0.04274 0
-23.3 -0.0429236 0
-23.2 -0.0431087 0
-23.1 -0.0432954 0
-23 -0.0434838 0
-22.9 -0.0436738 0
-22.8 -0.0438654 0
-22.7 -0.0440588 0
-22.6 -0.0442539 0
-22.5 -0.0444507 0
-22.4 -0.0446492 0
-22.3 -0.0448496 0
-22.2 -0.0450517 0
-22.1 -0.0452557 0
-22 -0.0454616 0
-21.9 -0.0456693 0
-21.8 -0.0458789 0
-21.7 -0.0460905 0
-21.6 -0.046304 0
-21.5 -0.0465195 0
-21.4 -0.0467371 0
-21.3 -0.0469566 0
-21.2 -0.0471783 0
-21.1 -0.047402 0
-21 -0.0476279 0
-20.9 -0.047856 0
-20.8 -0.0480862 0
-20.7 -0.0483187 0
-20.6 -0.0485534 0
-20.5 -0.0487905 0
-20.4 -0.0490298 0
-20.3 -0.0492715 0
-20.2 -0.0495156 0
-20.1 -0.0497622 0
-20 -0.0500112 0
-19.9 -0.0502627 0
-19.8 -0.0505168 0
-19.7 -0.0507734 0
-19.6 -0.0510327 0
-19.5 -0.0512946 0
-19.4 -0.0515592 0
-19.3 -0.0518266 0
-19.2 -0.0520967 0
-19.1 -0.0523697 0
-19 -0.0526456 0
-18.9 -0.0529244 0
-18.8 -0.0532062 0
-18.7 -0.053491 0
-18.6 -0.0537788 0
-18.5 -0.0540698 0
-18.4 -0.0543639 0
-18.3 -0.0546613 0
-18.2 -0.0549619 0
-18.1 -0.0552658 0
-18 -0.0555732 0
-17.9 -0.0558839 0
-17.8 -0.0561982 0
-17.7 -0.056516 0
-17.6 -0.0568375 0
-17.5 -0.0571626 0
-17.4 -0.0574915 0
-17.3 -0.0578241 0
-17.2 -0.0581607 0
-17.1 -0.0585012 0
-17 -0.0588457 0
-16.9 -0.0591943 0
-16.8 -0.059547 0
-16.7 -0.059904 0
-16.6 -0.0602653 0
-16.5 -0.0606309 0
-16.4 -0.0610011 0
-16.3 -0.0613758 0
-16.2 -0.0617551 0
-16.1 -0.0621391 0
-16 -0.062528 0
-15.9 -0.0629217 0
-15.8 -0.0633205 0
-15.7 -0.0637243 0
-15.6 -0.0641333 0
-15.5 -0.0645476 0
-15.4 -0.0649674 0
-15.3 -0.0653926 0
-15.2 -0.0658234 0
-15.1 -0.0662599 0
-15 -0.0667022 0
-14.9 -0.0671505 0
-14.8 -0.0676049 0
-14.7 -0.0680655 0
-14.6 -0.0685324 0
-14.5 -0.0690057 0
-14.4 -0.0694857 0
-14.3 -0.0699724 0
-14.2 -0.0704659 0
-14.1 -0.0709665 0
-14 -0.0714742 0
-13.9 -0.0719892 0
-13.8 -0.0725118 0
-13.7 -0.0730419 0
-13.6 -0.0735799 0
-13.5 -0.0741259 0
-13.4 -0.0746801 0
-13.3 -0.0752426 0
-13.2 -0.0758136 0
-13.1 -0.0763935 0
-13 -0.0769822 0
-12.9 -0.0775801 0
-12.8 -0.0781874 0
-12.7 -0.0788042 0
-12.6 -0.0794309 0
-12.5 -0.0800677 0
-12.4 -0.0807147 0
-12.3 -0.0813723 0
-12.2 -0.0820407 0
-12.1 -0.0827202 0
-12 -0.0834111 0
-11.9 -0.0841136 0
-11.8 -0.084828 0
-11.7 -0.0855547 0
-11.6 -0.086294 0
-11.5 -0.0870462 0
-11.4 -0.0878116 0
-11.3 -0.0885907 0
-11.2 -0.0893836 0
-11.1 -0.090191 0
-11 -0.0910131 0
-10.9 -0.0918503 0
-10.8 -0.0927031 0
-10.7 -0.0935718 0
-10.6 -0.0944571 0
-10.5 -0.0953593 0
-10.4 -0.0962789 0
-10.3 -0.0972164 0
-10.2 -0.0981725 0
-10.1 -0.0991475 0
-10 -0.100142 0
-9.9 -0.101157 0
-9.8 -0.102193 0
-9.7 -0.10325 0
-9.6 -0.104329 0
-9.5 -0.105431 0
-9.4 -0.106557 0
-9.3 -0.107707 0
-9.2 -0.108882 0
-9.1 -0.110083 0
-9 -0.111311 0
-8.9 -0.112566 0
-8.8 -0.113851 0
-8.7 -0.115165 0
-8.6 -0.11651 0
-8.5 -0.117887 0
-8.4 -0.119296 0
-8.3 -0.12074 0
-8.2 -0.12222 0
-8.1 -0.123736 0
-8 -0.12529 0
-7.9 -0.126884 0
-7.8 -0.12852 0
-7.7 -0.130198 0
-7.6 -0.13192 0
-7.5 -0.133689 0
-7.4 -0.135506 0
-7.3 -0.137374 0
-7.2 -0.139293 0
-7.1 -0.141268 0
-7 -0.143299 0
-6.9 -0.14539 0
-6.8 -0.147543 0
-6.7 -0.14976 0
-6.6 -0.152046 0
-6.5 -0.154403 0
-6.4 -0.156834 0
-6.3 -0.159344 0
-6.2 -0.161935 0
-6.1 -0.164613 0
-6 -0.167381 0
-5.9 -0.170244 0
-5.8 -0.173207 0
-5.7 -0.176275 0
-5.6 -0.179455 0
-5.5 -0.182753 0
-5.4 -0.186174 0
-5.3 -0.189727 0
-5.2 -0.193419 0
-5.1 -0.197258 0
-5 -0.201254 0
-4.9 -0.205416 0
-4.8 -0.209755 0
-4.7 -0.214283 0
-4.6 -0.219012 0
-4.5 -0.223957 0
-4.4 -0.229131 0
-4.3 -0.234553 0
-4.2 -0.24024 0
-4.1 -0.246212 0
-4 -0.252492 0
-3.9 -0.259104 0
-3.8 -0.266076 0
-3.7 -0.273438 0
-3.6 -0.281225 0
-3.5 -0.289474 0
-3.4 -0.298228 0
-3.3 -0.307537 0
-3.2 -0.317456 0
-3.1 -0.328047 0
-3 -0.339384 0
-2.9 -0.351548 0
-2.8 -0.364635 0
-2.7 -0.378759 0
-2.6 -0.39405 0
-2.5 -0.410663 0
-2.4 -0.428782 0
-2.3 -0.448629 0
-2.2 -0.470473 0
-2.1 -0.494644 0
-2 -0.521551 0
-1.99 -0.524411 0
-1.98 -0.527304 0
-1.97 -0.530231 0
-1.96 -0.533192 0
-1.95 -0.536187 0
-1.94 -0.539218 0
-1.93 -0.542286 0
-1.92 -0.54539 0
-1.91 -0.548532 0
-1.9 -0.551712 0
-1.89 -0.554931 0
-1.88 -0.558189 0
-1.87 -0.561489 0
-1.86 -0.564829 0
-1.85 -0.568212 0
-1.84 -0.571638 0
-1.83 -0.575107 0
-1.82 -0.578622 0
-1.81 -0.582182 0
-1.8 -0.585788 0
-1.79 -0.589443 0
-1.78 -0.593145 0
-1.77 -0.596898 0
-1.76 -0.600701 0
-1.75 -0.604556 0
-1.74 -0.608464 0
-1.73 -0.612426 0
-1.72 -0.616443 0
-1.71 -0.620517 0
-1.7 -0.624648 0
-1.69 -0.628839 0
-1.68 -0.63309 0
-1.67 -0.637403 0
-1.66 -0.641779 0
-1.65 -0.64622 0
-1.64 -0.650728 0
-1.63 -0.655303 0
-1.62 -0.659948 0
-1.61 -0.664665 0
-1.6 -0.669454 0
-1.59 -0.674319 0
-1.58 -0.67926 0
-1.57 -0.68428 0
-1.56 -0.689381 0
-1.55 -0.694565 0
-1.54 -0.699834 0
-1.53 -0.705191 0
-1.52 -0.710637 0
-1.51 -0.716176 0
-1.5 -0.72181 0
-1.49 -0.727541 0
-1.48 -0.733373 0
-1.47 -0.739308 0
-1.46 -0.745349 0
-1.45 -0.751499 0
-1.44 -0.757762 0
-1.43 -0.764141 0
-1.42 -0.77064 0
-1.41 -0.777262 0
-1.4 -0.784011 0
-1.39 -0.790892 0
-1.38 -0.797908 0
-1.37 -0.805064 0
-1.36 -0.812365 0
-1.35 -0.819815 0
-1.34 -0.827421 0
-1.33 -0.835186 0
-1.32 -0.843118 0
-1.31 -0.851221 0
-1.3 -0.859502 0
-1.29 -0.867969 0
-1.28 -0.876627 0
-1.27 -0.885485 0
-1.26 -0.89455 0
-1.25 -0.90383 0
-1.24 -0.913335 0
-1.23 -0.923073 0
-1.22 -0.933055 0
-1.21 -0.943292 0
-1.2 -0.953794 0
-1.19 -0.964573 0
-1.18 -0.975643 0
-1.17 -0.987017 0
-1.16 -0.998709 0
-1.15 -1.01074 0
-1.14 -1.02312 0
-1.13 -1.03587 0
-1.12 -1.04901 0
-1.11 -1.06256 0
-1.1 -1.07654 0
-1.09 -1.09099 0
-1.08 -1.10592 0
-1.07 -1.12137 0
-1.06 -1.13738 0
-1.05 -1.15397 0
-1.04 -1.17119 0
-1.03 -1.18908 0
-1.02 -1.2077 0
-1.01 -1.22709 0
-1 -1.24732 0
-0.99 -1.26847 -4.04239e-22
-0.98 -1.29061 1.41484e-21
-0.97 -1.31383 -5.25511e-21
-0.96 -1.33824 1.96056e-20
-0.95 -1.36396 -7.31673e-20
-0.94 -1.39114 2.73064e-19
-0.93 -1.41995 -1.01901e-18
-0.92 -1.45058 3.80299e-18
-0.91 -1.48329 -1.41929e-17
-0.9 -1.51838 5.29687e-17
-0.89 -1.55623 -1.97682e-16
-0.88 -1.59734 7.37759e-16
-0.87 -1.64233 -2.75335e-15
-0.86 -1.69213 1.02757e-14
-0.85 -1.74781 -3.83493e-14
-0.84 -1.81191 1.43121e-13
-0.83 -1.88506 -5.34136e-13
-0.82 -1.98192 1.99343e-12
-0.81 -2.08155 -7.43898e-12
-0.8 -2.3555 2.77626e-11
-0.79 -2.51831 -0.351518
-0.78 -2.44616 -0.527748
-0.77 -2.42396 -0.656884
-0.76 -2.38909 -0.763218
-0.75 -2.35801 -0.855297
-0.74 -2.32611 -0.937331
-0.73 -2.29455 -1.01177
-0.72 -2.26296 -1.08018
-0.71 -2.23143 -1.14364
-0.7 -2.19992 -1.20295
-0.69 -2.16843 -1.25868
-0.68 -2.13695 -1.31129
-0.67 -2.10548 -1.36115
-0.66 -2.07401 -1.40854
-0.65 -2.04255 -1.45371
-0.64 -2.0111 -1.49686
-0.63 -1.97965 -1.53816
-0.62 -1.94821 -1.57775
-0.61 -1.91677 -1.61577
-0.6 -1.88533 -1.65231
-0.59 -1.85389 -1.68748
-0.58 -1.82246 -1.72135
-0.57 -1.79103 -1.75401
-0.56 -1.75959 -1.78552
-0.55 -1.72816 -1.81594
-0.54 -1.69673 -1.84532
-0.53 -1.66531 -1.87372
-0.52 -1.63388 -1.90117
-0.51 -1.60245 -1.92772
-0.5 -1.57102 -1.9534
-0.49 -1.5396 -1.97826
-0.48 -1.50817 -2.00231
-0.47 -1.47675 -2.02558
-0.46 -1.44533 -2.04812
-0.45 -1.4139 -2.06993
-0.44 -1.38248 -2.09104
-0.43 -1.35106 -2.11147
-0.42 -1.31963 -2.13124
-0.41 -1.28821 -2.15037
-0.4 -1.25679 -2.16888
-0.39 -1.22537 -2.18678
-0.38 -1.19395 -2.20409
-0.37 -1.16253 -2.22082
-0.36 -1.13111 -2.23698
-0.35 -1.09969 -2.25259
-0.34 -1.06827 -2.26765
-0.33 -1.03684 -2.28219
-0.32 -1.00542 -2.2962
-0.31 -0.974005 -2.3097
-0.3 -0.942585 -2.3227
-0.29 -0.911165 -2.3352
-0.28 -0.879745 -2.34721
-0.27 -0.848326 -2.35875
-0.26 -0.816906 -2.36981
-0.25 -0.785487 -2.38041
-0.24 -0.754068 -2.39054
-0.23 -0.722649 -2.40023
-0.22 -0.69123 -2.40946
-0.21 -0.65981 -2.41825
-0.2 -0.628392 -2.4266
-0.19 -0.596973 -2.43452
-0.18 -0.565554 -2.44201
-0.17 -0.534135 -2.44907
-0.16 -0.502716 -2.45571
-0.15 -0.471298 -2.46193
-0.14 -0.439879 -2.46774
-0.13 -0.408461 -2.47313
-0.12 -0.377042 -2.47812
-0.11 -0.345624 -2.48269
-0.1 -0.314205 -2.48686
-0.09 -0.282787 -2.49063
-0.08 -0.251368 -2.494
-0.07 -0.21995 -2.49696
-0.06 -0.188531 -2.49953
-0.05 -0.157113 -2.5017
-0.04 -0.125695 -2.50348
-0.03 -0.0942763 -2.50486
-0.02 -0.062858 -2.50584
-0.01 -0.0314396 -2.50643
-1.40346e-12 -2.12774e-05 -2.50663
0.01 0.0313971 -2.50643
0.02 0.0628154 -2.50584
0.03 0.0942337 -2.50486
0.04 0.125652 -2.50348
0.05 0.15707 -2.5017
0.06 0.188489 -2.49953
0.07 0.219907 -2.49696
0.08 0.251326 -2.494
0.09 0.282744 -2.49063
0.1 0.314162 -2.48686
0.11 0.345581 -2.48269
0.12 0.376999 -2.47812
0.13 0.408418 -2.47313
0.14 0.439836 -2.46774
0.15 0.471255 -2.46193
0.16 0.502674 -2.45571
0.17 0.534092 -2.44907
0.18 0.565511 -2.44201
0.19 0.59693 -2.43452
0.2 0.628349 -2.4266
0.21 0.659768 -2.41825
0.22 0.691187 -2.40946
0.23 0.722606 -2.40023
0.24 0.754025 -2.39054
0.25 0.785444 -2.38041
0.26 0.816863 -2.36981
0.27 0.848283 -2.35875
0.28 0.879702 -2.34721
0.29 0.911122 -2.3352
0.3 0.942541 -2.3227
0.31 0.973961 -2.3097
0.32 1.00538 -2.2962
0.33 1.0368 -2.28219
0.34 1.06822 -2.26766
0.35 1.09964 -2.25259
0.36 1.13106 -2.23698
0.37 1.16248 -2.22082
0.38 1.1939 -2.20409
0.39 1.22533 -2.18678
0.4 1.25675 -2.16888
0.41 1.28817 -2.15037
0.42 1.31959 -2.13124
0.43 1.35101 -2.11147
0.44 1.38244 -2.09104
0.45 1.41386 -2.06993
0.46 1.44528 -2.04812
0.47 1.47671 -2.02558
0.48 1.50813 -2.00231
0.49 1.53956 -1.97826
0.5 1.57098 -1.9534
0.51 1.60241 -1.92772
0.52 1.63383 -1.90117
0.53 1.66526 -1.87372
0.54 1.69669 -1.84532
0.55 1.72812 -1.81594
0.56 1.75955 -1.78552
0.57 1.79098 -1.75401
0.58 1.82241 -1.72135
0.59 1.85385 -1.68748
0.6 1.88529 -1.65231
0.61 1.91673 -1.61577
0.62 1.94817 -1.57775
0.63 1.97961 -1.53816
0.64 2.01106 -1.49686
0.65 2.04251 -1.45371
0.66 2.07397 -1.40854
0.67 2.10543 -1.36115
0.68 2.1369 -1.31129
0.69 2.16839 -1.25868
0.7 2.19988 -1.20295
0.71 2.23139 -1.14364
0.72 2.26293 -1.08018
0.73 2.29451 -1.01177
0.74 2.32608 -0.937331
0.75 2.35797 -0.855297
0.76 2.38906 -0.763218
0.77 2.42393 -0.656884
0.78 2.44614 -0.527748
0.79 2.51829 -0.351518
0.8 2.3555 -2.77429e-11
0.81 2.08155 7.43366e-12
0.82 1.98192 -1.99169e-12
0.83 1.88506 5.33673e-13
0.84 1.81191 -1.42997e-13
0.85 1.74781 3.83157e-14
0.86 1.69213 -1.02667e-14
0.87 1.64233 2.75095e-15
0.88 1.59734 -7.37119e-16
0.89 1.55623 1.9751e-16
0.9 1.51838 -5.29226e-17
0.91 1.48329 1.41806e-17
0.92 1.45058 -3.79965e-18
0.93 1.41995 1.01812e-18
0.94 1.39114 -2.72784e-19
0.95 1.36396 7.30921e-20
0.96 1.33824 -1.95853e-20
0.97 1.31383 5.2497e-21
0.98 1.29061 -1.41338e-21
0.99 1.26847 4.03821e-22
1 1.24732 -2.01912e-22
1.01 1.22709 0
1.02 1.2077 0
1.03 1.18908 0
1.04 1.17119 0
1.05 1.15397 0
1.06 1.13738 0
1.07 1.12137 0
1.08 1.10592 0
1.09 1.09099 0
1.1 1.07654 0
1.11 1.06256 0
1.12 1.04901 0
1.13 1.03587 0
1.14 1.02312 0
1.15 1.01074 0
1.16 0.998709 0
1.17 0.987017 0
1.18 0.975643 0
1.19 0.964573 0
1.2 0.953794 0
1.21 0.943292 0
1.22 0.933055 0
1.23 0.923073 0
1.24 0.913335 0
1.25 0.90383 0
1.26 0.89455 0
1.27 0.885485 0
1.28 0.876627 0
1.29 0.867969 0
1.3 0.859502 0
1.31 0.851221 0
1.32 0.843118 0
1.33 0.835186 0
1.34 0.827421 0
1.35 0.819815 0
1.36 0.812365 0
1.37 0.805064 0
1.38 0.797908 0
1.39 0.790892 0
1.4 0.784011 0
1.41 0.777262 0
1.42 0.77064 0
1.43 0.764141 0
1.44 0.757762 0
1.45 0.751499 0
1.46 0.745349 0
1.47 0.739308 0
1.48 0.733373 0
1.49 0.727541 0
1.5 0.72181 0
1.51 0.716176 0
1.52 0.710637 0
1.53 0.705191 0
1.54 0.699834 0
1.55 0.694565 0
1.56 0.689381 0
1.57 0.68428 0
1.58 0.67926 0
1.59 0.674319 0
1.6 0.669454 0
1.61 0.664665 0
1.62 0.659948 0
1.63 0.655303 0
1.64 0.650728 0
1.65 0.64622 0
1.66 0.641779 0
1.67 0.637403 0
1.68 0.63309 0
1.69 0.628839 0
1.7 0.624648 0
1.71 0.620517 0
1.72 0.616443 0
1.73 0.612426 0
1.74 0.608464 0
1.75 0.604556 0
1.76 0.600701 0
1.77 0.596898 0
1.78 0.593145 0
1.79 0.589443 0
1.8 0.585788 0
1.81 0.582182 0
1.82 0.578622 0
1.83 0.575107 0
1.84 0.571638 0
1.85 0.568212 0
1.86 0.564829 0
1.87 0.561489 0
1.88 0.558189 0
1.89 0.554931 0
1.9 0.551712 0
1.91 0.548532 0
1.92 0.54539 0
1.93 0.542286 0
1.94 0.539218 0
1.95 0.536187 0
1.96 0.533192 0
1.97 0.530231 0
1.98 0.527304 0
1.99 0.524411 0
2 0.521551 0
2.1 0.494644 0
2.2 0.470473 0
2.3 0.448629 0
2.4 0.428782 0
2.5 0.410663 0
2.6 0.39405 0
2.7 0.378759 0
2.8 0.364635 0
2.9 0.351548 0
3 0.339384 0
3.1 0.328047 0
3.2 0.317456 0
3.3 0.307537 0
3.4 0.298228 0
3.5 0.289474 0
3.6 0.281225 0
3.7 0.273438 0
3.8 0.266076 0
3.9 0.259104 0
4 0.252492 0
4.1 0.246212 0
4.2 0.24024 0
4.3 0.234553 0
4.4 0.229131 0
4.5 0.223957 0
4.6 0.219012 0
4.7 0.214283 0
4.8 0.209755 0
4.9 0.205416 0
5 0.201254 0
5.1 0.197258 0
5.2 0.193419 0
5.3 0.189727 0
5.4 0.186174 0
5.5 0.182753 0
5.6 0.179455 0
5.7 0.176275 0
5.8 0.173207 0
5.9 0.170244 0
6 0.167381 0
6.1 0.164613 0
6.2 0.161935 0
6.3 0.159344 0
6.4 0.156834 0
6.5 0.154403 0
6.6 0.152046 0
6.7 0.14976 0
6.8 0.147543 0
6.9 0.14539 0
7 0.143299 0
7.1 0.141268 0
7.2 0.139293 0
7.3 0.137374 0
7.4 0.135506 0
7.5 0.133689 0
7.6 0.13192 0
7.7 0.130198 0
7.8 0.12852 0
7.9 0.126884 0
8 0.12529 0
8.1 0.123736 0
8.2 0.12222 0
8.3 0.12074 0
8.4 0.119296 0
8.5 0.117887 0
8.6 0.11651 0
8.7 0.115165 0
8.8 0.113851 0
8.9 0.112566 0
9 0.111311 0
9.1 0.110083 0
9.2 0.108882 0
9.3 0.107707 0
9.4 0.106557 0
9.5 0.105431 0
9.6 0.104329 0
9.7 0.10325 0
9.8 0.102193 0
9.9 0.101157 0
10 0.100142 0
10.1 0.0991475 0
10.2 0.0981725 0
10.3 0.0972164 0
10.4 0.0962789 0
10.5 0.0953593 0
10.6 0.0944571 0
10.7 0.0935718 0
10.8 0.0927031 0
10.9 0.0918503 0
11 0.0910131 0
11.1 0.090191 0
11.2 0.0893836 0
11.3 0.0885907 0
11.4 0.0878116 0
11.5 0.0870462 0
11.6 0.086294 0
11.7 0.0855547 0
11.8 0.084828 0
11.9 0.0841136 0
12 0.0834111 0
12.1 0.0827202 0
12.2 0.0820407 0
12.3 0.0813723 0
12.4 0.0807147 0
12.5 0.0800677 0
12.6 0.0794309 0
12.7 0.0788042 0
12.8 0.0781874 0
12.9 0.0775801 0
13 0.0769822 0
13.1 0.0763935 0
13.2 0.0758136 0
13.3 0.0752426 0
13.4 0.0746801 0
13.5 0.0741259 0
13.6 0.0735799 0
13.7 0.0730419 0
13.8 0.0725118 0
13.9 0.0719892 0
14 0.0714742 0
14.1 0.0709665 0
14.2 0.0704659 0
14.3 0.0699724 0
14.4 0.0694857 0
14.5 0.0690057 0
14.6 0.0685324 0
14.7 0.0680655 0
14.8 0.0676049 0
14.9 0.0671505 0
15 0.0667022 0
15.1 0.0662599 0
15.2 0.0658234 0
15.3 0.0653926 0
15.4 0.0649674 0
15.5 0.0645476 0
15.6 0.0641333 0
15.7 0.0637243 0
15.8 0.0633205 0
15.9 0.0629217 0
16 0.062528 0
16.1 0.0621391 0
16.2 0.0617551 0
16.3 0.0613758 0
16.4 0.0610011 0
16.5 0.0606309 0
16.6 0.0602653 0
16.7 0.059904 0
16.8 0.059547 0
16.9 0.0591943 0
17 0.0588457 0
17.1 0.0585012 0
17.2 0.0581607 0
17.3 0.0578241 0
17.4 0.0574915 0
17.5 0.0571626 0
17.6 0.0568375 0
17.7 0.056516 0
17.8 0.0561982 0
17.9 0.0558839 0
18 0.0555732 0
18.1 0.0552658 0
18.2 0.0549619 0
18.3 0.0546613 0
18.4 0.0543639 0
18.5 0.0540698 0
18.6 0.0537788 0
18.7 0.053491 0
18.8 0.0532062 0
18.9 0.0529244 0
19 0.0526456 0
19.1 0.0523697 0
19.2 0.0520967 0
19.3 0.0518266 0
19.4 0.0515592 0
19.5 0.0512946 0
19.6 0.0510327 0
19.7 0.0507734 0
19.8 0.0505168 0
19.9 0.0502627 0
20 0.0500112 0
20.1 0.0497622 0
20.2 0.0495156 0
20.3 0.0492715 0
20.4 0.0490298 0
20.5 0.0487905 0
20.6 0.0485534 0
20.7 0.0483187 0
20.8 0.0480862 0
20.9 0.047856 0
21 0.0476279 0
21.1 0.047402 0
21.2 0.0471783 0
21.3 0.0469566 0
21.4 0.0467371 0
21.5 0.0465195 0
21.6 0.046304 0
21.7 0.0460905 0
21.8 0.0458789 0
21.9 0.0456693 0
22 0.0454616 0
22.1 0.0452557 0
22.2 0.0450517 0
22.3 0.0448496 0
22.4 0.0446492 0
22.5 0.0444507 0
22.6 0.0442539 0
22.7 0.0440588 0
22.8 0.0438654 0
22.9 0.0436738 0
23 0.0434838 0
23.1 0.0432954 0
23.2 0.0431087 0
23.3 0.0429236 0
23.4 0.04274 0
23.5 0.042558 0
23.6 0.0423776 0
23.7 0.0421987 0
23.8 0.0420213 0
23.9 0.0418454 0
24 0.0416709 0
24.1 0.0414979 0
24.2 0.0413263 0
24.3 0.0411562 0
24.4 0.0409874 0
24.5 0.04082 0
24.6 0.040654 0
24.7 0.0404893 0
24.8 0.040326 0
24.9 0.0401639 0
25 0.0400032 0
25.1 0.0398438 0
25.2 0.0396856 0
25.3 0.0395286 0
25.4 0.0393729 0
25.5 0.0392184 0
25.6 0.0390652 0
25.7 0.0389131 0
25.8 0.0387622 0
25.9 0.0386125 0
26 0.0384639 0
26.1 0.0383164 0
26.2 0.0381701 0
26.3 0.0380249 0
26.4 0.0378808 0
26.5 0.0377378 0
26.6 0.0375959 0
26.7 0.037455 0
26.8 0.0373152 0
26.9 0.0371764 0
27 0.0370387 0
27.1 0.0369019 0
27.2 0.0367662 0
27.3 0.0366315 0
27.4 0.0364977 0
27.5 0.0363649 0
27.6 0.0362331 0
27.7 0.0361023 0
27.8 0.0359724 0
27.9 0.0358434 0
28 0.0357153 0
28.1 0.0355882 0
28.2 0.0354619 0
28.3 0.0353366 0
28.4 0.0352121 0
28.5 0.0350885 0
28.6 0.0349657 0
28.7 0.0348439 0
28.8 0.0347228 0
28.9 0.0346026 0
29 0.0344833 0
29.1 0.0343647 0
29.2 0.034247 0
29.3 0.0341301 0
29.4 0.0340139 0
29.5 0.0338986 0
29.6 0.033784 0
29.7 0.0336702 0
29.8 0.0335572 0
29.9 0.0334449 0
30 0.0333334 0
30.1 0.0332226 0
30.2 0.0331126 0
30.3 0.0330033 0
30.4 0.0328947 0
30.5 0.0327868 0
30.6 0.0326796 0
30.7 0.0325731 0
30.8 0.0324673 0
30.9 0.0323622 0
31 0.0322578 0
31.1 0.032154 0
31.2 0.0320509 0
31.3 0.0319485 0
31.4 0.0318467 0
31.5 0.0317456 0
31.6 0.0316451 0
31.7 0.0315452 0
31.8 0.031446 0
31.9 0.0313474 0
32 0.0312494 0
32.1 0.031152 0
32.2 0.0310553 0
32.3 0.0309591 0
32.4 0.0308635 0
32.5 0.0307685 0
32.6 0.0306741 0
32.7 0.0305803 0
32.8 0.030487 0
32.9 0.0303943 0
33 0.0303022 0
33.1 0.0302106 0
33.2 0.0301196 0
33.3 0.0300291 0
33.4 0.0299392 0
33.5 0.0298498 0
33.6 0.0297609 0
33.7 0.0296726 0
33.8 0.0295848 0
33.9 0.0294975 0
34 0.0294107 0
34.1 0.0293244 0
34.2 0.0292386 0
34.3 0.0291534 0
34.4 0.0290686 0
34.5 0.0289843 0
34.6 0.0289005 0
34.7 0.0288172 0
34.8 0.0287344 0
34.9 0.028652 0
35 0.0285702 0
35.1 0.0284887 0
35.2 0.0284078 0
35.3 0.0283273 0
35.4 0.0282473 0
35.5 0.0281677 0
35.6 0.0280885 0
35.7 0.0280098 0
35.8 0.0279316 0
35.9 0.0278537 0
36 0.0277763 0
36.1 0.0276994 0
36.2 0.0276228 0
36.3 0.0275467 0
36.4 0.027471 0
36.5 0.0273958 0
36.6 0.0273209 0
36.7 0.0272464 0
36.8 0.0271724 0
36.9 0.0270987 0
37 0.0270255 0
37.1 0.0269526 0
37.2 0.0268801 0
37.3 0.026808 0
37.4 0.0267363 0
37.5 0.026665 0
37.6 0.0265941 0
37.7 0.0265235 0
37.8 0.0264534 0
37.9 0.0263835 0
38 0.0263141 0
38.1 0.026245 0
38.2 0.0261763 0
38.3 0.0261079 0
38.4 0.0260399 0
38.5 0.0259723 0
38.6 0.025905 0
38.7 0.025838 0
38.8 0.0257714 0
38.9 0.0257052 0
39 0.0256392 0
39.1 0.0255737 0
39.2 0.0255084 0
39.3 0.0254435 0
39.4 0.0253789 0
39.5 0.0253146 0
39.6 0.0252507 0
39.7 0.0251871 0
39.8 0.0251238 0
39.9 0.0250608 0
40 0.0249981 0
40.1 0.0249358 0
40.2 0.0248737 0
40.3 0.024812 0
40.4 0.0247506 0
40.5 0.0246894 0
40.6 0.0246286 0
40.7 0.0245681 0
40.8 0.0245079 0
40.9 0.0244479 0
41 0.0243883 0
41.1 0.024329 0
41.2 0.0242699 0
41.3 0.0242111 0
41.4 0.0241526 0
41.5 0.0240944 0
41.6 0.0240365 0
41.7 0.0239788 0
41.8 0.0239215 0
41.9 0.0238644 0
42 0.0238075 0
42.1 0.023751 0
42.2 0.0236947 0
42.3 0.0236386 0
42.4 0.0235829 0
42.5 0.0235274 0
42.6 0.0234721 0
42.7 0.0234172 0
42.8 0.0233624 0
42.9 0.023308 0
43 0.0232538 0
43.1 0.0231998 0
43.2 0.0231461 0
43.3 0.0230926 0
43.4 0.0230394 0
43.5 0.0229864 0
43.6 0.0229337 0
43.7 0.0228812 0
43.8 0.022829 0
43.9 0.022777 0
44 0.0227252 0
44.1 0.0226736 0
44.2 0.0226223 0
44.3 0.0225713 0
44.4 0.0225204 0
44.5 0.0224698 0
44.6 0.0224194 0
44.7 0.0223692 0
44.8 0.0223193 0
44.9 0.0222696 0
45 0.0222201 0
45.1 0.0221708 0
45.2 0.0221218 0
45.3 0.0220729 0
45.4 0.0220243 0
45.5 0.0219759 0
45.6 0.0219277 0
45.7 0.0218797 0
45.8 0.0218319 0
45.9 0.0217843 0
46 0.021737 0
46.1 0.0216898 0
46.2 0.0216429 0
46.3 0.0215961 0
46.4 0.0215496 0
46.5 0.0215032 0
46.6 0.0214571 0
46.7 0.0214111 0
46.8 0.0213653 0
46.9 0.0213198 0
47 0.0212744 0
47.1 0.0212292 0
47.2 0.0211843 0
47.3 0.0211395 0
47.4 0.0210949 0
47.5 0.0210504 0
47.6 0.0210062 0
47.7 0.0209622 0
47.8 0.0209183 0
47.9 0.0208746 0
48 0.0208311 0
48.1 0.0207878 0
48.2 0.0207447 0
48.3 0.0207017 0
48.4 0.020659 0
48.5 0.0206164 0
48.6 0.0205739 0
48.7 0.0205317 0
48.8 0.0204896 0
48.9 0.0204477 0
49 0.020406 0
49.1 0.0203644 0
49.2 0.020323 0
49.3 0.0202818 0
49.4 0.0202407 0
49.5 0.0201998 0
49.6 0.0201591 0
49.7 0.0201185 0
49.8 0.0200781 0
49.9 0.0200379 0
50 0.0199978 0
50.1 0.0199579 0
50.2 0.0199181 0
50.3 0.0198785 0
50.4 0.0198391 0
50.5 0.0197998 0
50.6 0.0197606 0
50.7 0.0197216 0
50.8 0.0196828 0
50.9 0.0196441 0
51 0.0196056 0
51.1 0.0195673 0
51.2 0.019529 0
51.3 0.019491 0
51.4 0.019453 0
51.5 0.0194153 0
51.6 0.0193776 0
51.7 0.0193401 0
51.8 0.0193028 0
51.9 0.0192656 0
52 0.0192285 0
52.1 0.0191916 0
52.2 0.0191549 0
52.3 0.0191182 0
52.4 0.0190817 0
52.5 0.0190454 0
52.6 0.0190092 0
52.7 0.0189731 0
52.8 0.0189372 0
52.9 0.0189014 0
53 0.0188657 0
53.1 0.0188302 0
53.2 0.0187948 0
53.3 0.0187595 0
53.4 0.0187244 0
53.5 0.0186894 0
53.6 0.0186545 0
53.7 0.0186198 0
53.8 0.0185851 0
53.9 0.0185507 0
54 0.0185163 0
54.1 0.0184821 0
54.2 0.018448 0
54.3 0.018414 0
54.4 0.0183801 0
54.5 0.0183464 0
54.6 0.0183128 0
54.7 0.0182793 0
54.8 0.018246 0
54.9 0.0182127 0
55 0.0181796 0
55.1 0.0181466 0
55.2 0.0181137 0
55.3 0.018081 0
55.4 0.0180483 0
55.5 0.0180158 0
55.6 0.0179834 0
55.7 0.0179511 0
55.8 0.0179189 0
55.9 0.0178869 0
56 0.0178549 0
56.1 0.0178231 0
56.2 0.0177914 0
56.3 0.0177598 0
56.4 0.0177283 0
56.5 0.0176969 0
56.6 0.0176656 0
56.7 0.0176345 0
56.8 0.0176034 0
56.9 0.0175725 0
57 0.0175417 0
57.1 0.0175109 0
57.2 0.0174803 0
57.3 0.0174498 0
57.4 0.0174194 0
57.5 0.0173891 0
57.6 0.0173589 0
57.7 0.0173288 0
57.8 0.0172988 0
57.9 0.017269 0
58 0.0172392 0
58.1 0.0172095 0
58.2 0.0171799 0
58.3 0.0171505 0
58.4 0.0171211 0
58.5 0.0170918 0
58.6 0.0170627 0
58.7 0.0170336 0
58.8 0.0170046 0
58.9 0.0169757 0
59 0.016947 0
59.1 0.0169183 0
59.2 0.0168897 0
59.3 0.0168612 0
59.4 0.0168328 0
59.5 0.0168045 0
59.6 0.0167764 0
59.7 0.0167482 0
59.8 0.0167202 0
59.9 0.0166923 0
60 0.0166645 0
60.1 0.0166368 0
60.2 0.0166091 0
60.3 0.0165816 0
60.4 0.0165541 0
60.5 0.0165268 0
60.6 0.0164995 0
60.7 0.0164723 0
60.8 0.0164452 0
60.9 0.0164182 0
61 0.0163913 0
61.1 0.0163645 0
61.2 0.0163377 0
61.3 0.0163111 0
61.4 0.0162845 0
61.5 0.016258 0
61.6 0.0162316 0
61.7 0.0162053 0
61.8 0.0161791 0
61.9 0.0161529 0
62 0.0161269 0
62.1 0.0161009 0
62.2 0.016075 0
62.3 0.0160492 0
62.4 0.0160235 0
62.5 0.0159979 0
62.6 0.0159723 0
62.7 0.0159468 0
62.8 0.0159214 0
62.9 0.0158961 0
63 0.0158709 0
63.1 0.0158457 0
63.2 0.0158207 0
63.3 0.0157957 0
63.4 0.0157707 0
63.5 0.0157459 0
63.6 0.0157211 0
63.7 0.0156965 0
63.8 0.0156719 0
63.9 0.0156473 0
64 0.0156229 0
64.1 0.0155985 0
64.2 0.0155742 0
64.3 0.01555 0
64.4 0.0155258 0
64.5 0.0155018 0
64.6 0.0154778 0
64.7 0.0154538 0
64.8 0.01543 0
64.9 0.0154062 0
65 0.0153825 0
65.1 0.0153589 0
65.2 0.0153353 0
65.3 0.0153118 0
65.4 0.0152884 0
65.5 0.0152651 0
65.6 0.0152418 0
65.7 0.0152186 0
65.8 0.0151955 0
65.9 0.0151724 0
66 0.0151494 0
66.1 0.0151265 0
66.2 0.0151037 0
66.3 0.0150809 0
66.4 0.0150582 0
66.5 0.0150355 0
66.6 0.0150129 0
66.7 0.0149904 0
66.8 0.014968 0
66.9 0.0149456 0
67 0.0149233 0
67.1 0.0149011 0
67.2 0.0148789 0
67.3 0.0148568 0
67.4 0.0148347 0
67.5 0.0148127 0
67.6 0.0147908 0
67.7 0.014769 0
67.8 0.0147472 0
67.9 0.0147255 0
68 0.0147038 0
68.1 0.0146822 0
68.2 0.0146607 0
68.3 0.0146392 0
68.4 0.0146178 0
68.5 0.0145965 0
68.6 0.0145752 0
68.7 0.014554 0
68.8 0.0145328 0
68.9 0.0145117 0
69 0.0144907 0
69.1 0.0144697 0
69.2 0.0144488 0
69.3 0.014428 0
69.4 0.0144072 0
69.5 0.0143865 0
69.6 0.0143658 0
69.7 0.0143452 0
69.8 0.0143246 0
69.9 0.0143041 0
70 0.0142837 0
70.1 0.0142633 0
70.2 0.014243 0
70.3 0.0142227 0
70.4 0.0142025 0
70.5 0.0141824 0
70.6 0.0141623 0
70.7 0.0141423 0
70.8 0.0141223 0
70.9 0.0141024 0
71 0.0140825 0
71.1 0.0140627 0
71.2 0.0140429 0
71.3 0.0140232 0
71.4 0.0140036 0
71.5 0.013984 0
71.6 0.0139645 0
71.7 0.013945 0
71.8 0.0139256 0
71.9 0.0139062 0
72 0.0138869 0
72.1 0.0138676 0
72.2 0.0138484 0
72.3 0.0138293 0
72.4 0.0138102 0
72.5 0.0137911 0
72.6 0.0137721 0
72.7 0.0137532 0
72.8 0.0137343 0
72.9 0.0137154 0
73 0.0136967 0
73.1 0.0136779 0
73.2 0.0136592 0
73.3 0.0136406 0
73.4 0.013622 0
73.5 0.0136035 0
73.6 0.013585 0
73.7 0.0135666 0
73.8 0.0135482 0
73.9 0.0135298 0
74 0.0135116 0
74.1 0.0134933 0
74.2 0.0134751 0
74.3 0.013457 0
74.4 0.0134389 0
74.5 0.0134209 0
74.6 0.0134029 0
74.7 0.0133849 0
74.8 0.013367 0
74.9 0.0133492 0
75 0.0133314 0
75.1 0.0133136 0
75.2 0.0132959 0
75.3 0.0132783 0
75.4 0.0132607 0
75.5 0.0132431 0
75.6 0.0132256 0
75.7 0.0132081 0
75.8 0.0131907 0
75.9 0.0131733 0
76 0.013156 0
76.1 0.0131387 0
76.2 0.0131214 0
76.3 0.0131042 0
76.4 0.0130871 0
76.5 0.01307 0
76.6 0.0130529 0
76.7 0.0130359 0
76.8 0.0130189 0
76.9 0.013002 0
77 0.0129851 0
77.1 0.0129683 0
77.2 0.0129515 0
77.3 0.0129347 0
77.4 0.012918 0
77.5 0.0129013 0
77.6 0.0128847 0
77.7 0.0128681 0
77.8 0.0128516 0
77.9 0.0128351 0
78 0.0128186 0
78.1 0.0128022 0
78.2 0.0127858 0
78.3 0.0127695 0
78.4 0.0127532 0
78.5 0.012737 0
78.6 0.0127208 0
78.7 0.0127046 0
78.8 0.0126885 0
78.9 0.0126724 0
79 0.0126563 0
79.1 0.0126403 0
79.2 0.0126244 0
79.3 0.0126085 0
79.4 0.0125926 0
79.5 0.0125767 0
79.6 0.0125609 0
79.7 0.0125452 0
79.8 0.0125295 0
79.9 0.0125138 0
80 0.0124981 0
80.1 0.0124825 0
80.2 0.012467 0
80.3 0.0124514 0
80.4 0.0124359 0
80.5 0.0124205 0
80.6 0.0124051 0
80.7 0.0123897 0
80.8 0.0123744 0
80.9 0.0123591 0
81 0.0123438 0
81.1 0.0123286 0
81.2 0.0123134 0
81.3 0.0122983 0
81.4 0.0122832 0
81.5 0.0122681 0
81.6 0.0122531 0
81.7 0.0122381 0
81.8 0.0122231 0
81.9 0.0122082 0
82 0.0121933 0
82.1 0.0121784 0
82.2 0.0121636 0
82.3 0.0121488 0
82.4 0.0121341 0
82.5 0.0121194 0
82.6 0.0121047 0
82.7 0.0120901 0
82.8 0.0120755 0
82.9 0.0120609 0
83 0.0120464 0
83.1 0.0120319 0
83.2 0.0120174 0
83.3 0.012003 0
83.4 0.0119886 0
83.5 0.0119742 0
83.6 0.0119599 0
83.7 0.0119456 0
83.8 0.0119314 0
83.9 0.0119171 0
84 0.011903 0
84.1 0.0118888 0
84.2 0.0118747 0
84.3 0.0118606 0
84.4 0.0118465 0
84.5 0.0118325 0
84.6 0.0118185 0
84.7 0.0118046 0
84.8 0.0117907 0
84.9 0.0117768 0
85 0.0117629 0
85.1 0.0117491 0
85.2 0.0117353 0
85.3 0.0117215 0
85.4 0.0117078 0
85.5 0.0116941 0
85.6 0.0116805 0
85.7 0.0116668 0
85.8 0.0116532 0
85.9 0.0116397 0
86 0.0116261 0
86.1 0.0116126 0
86.2 0.0115992 0
86.3 0.0115857 0
86.4 0.0115723 0
86.5 0.0115589 0
86.6 0.0115456 0
86.7 0.0115323 0
86.8 0.011519 0
86.9 0.0115057 0
87 0.0114925 0
87.1 0.0114793 0
87.2 0.0114661 0
87.3 0.011453 0
87.4 0.0114399 0
87.5 0.0114268 0
87.6 0.0114138 0
87.7 0.0114008 0
87.8 0.0113878 0
87.9 0.0113748 0
88 0.0113619 0
88.1 0.011349 0
88.2 0.0113361 0
88.3 0.0113233 0
88.4 0.0113105 0
88.5 0.0112977 0
88.6 0.0112849 0
88.7 0.0112722 0
88.8 0.0112595 0
88.9 0.0112469 0
89 0.0112342 0
89.1 0.0112216 0
89.2 0.011209 0
89.3 0.0111965 0
89.4 0.011184 0
89.5 0.0111715 0
89.6 0.011159 0
89.7 0.0111465 0
89.8 0.0111341 0
89.9 0.0111218 0
90 0.0111094 0
90.1 0.0110971 0
90.2 0.0110848 0
90.3 0.0110725 0
90.4 0.0110602 0
90.5 0.011048 0
90.6 0.0110358 0
90.7 0.0110236 0
90.8 0.0110115 0
90.9 0.0109994 0
91 0.0109873 0
91.1 0.0109752 0
91.2 0.0109632 0
91.3 0.0109512 0
91.4 0.0109392 0
91.5 0.0109273 0
91.6 0.0109153 0
91.7 0.0109034 0
91.8 0.0108916 0
91.9 0.0108797 0
92 0.0108679 0
92.1 0.0108561 0
92.2 0.0108443 0
92.3 0.0108326 0
92.4 0.0108208 0
92.5 0.0108091 0
92.6 0.0107975 0
92.7 0.0107858 0
92.8 0.0107742 0
92.9 0.0107626 0
93 0.010751 0
93.1 0.0107395 0
93.2 0.0107279 0
93.3 0.0107164 0
93.4 0.010705 0
93.5 0.0106935 0
93.6 0.0106821 0
93.7 0.0106707 0
93.8 0.0106593 0
93.9 0.010648 0
94 0.0106366 0
94.1 0.0106253 0
94.2 0.0106141 0
94.3 0.0106028 0
94.4 0.0105916 0
94.5 0.0105804 0
94.6 0.0105692 0
94.7 0.010558 0
94.8 0.0105469 0
94.9 0.0105358 0
95 0.0105247 0
95.1 0.0105136 0
95.2 0.0105026 0
95.3 0.0104915 0
95.4 0.0104805 0
95.5 0.0104696 0
95.6 0.0104586 0
95.7 0.0104477 0
95.8 0.0104368 0
95.9 0.0104259 0
96 0.010415 0
96.1 0.0104042 0
96.2 0.0103934 0
96.3 0.0103826 0
96.4 0.0103718 0
96.5 0.0103611 0
96.6 0.0103503 0
96.7 0.0103396 0
96.8 0.010329 0
96.9 0.0103183 0
97 0.0103077 0
97.1 0.010297 0
97.2 0.0102864 0
97.3 0.0102759 0
97.4 0.0102653 0
97.5 0.0102548 0
97.6 0.0102443 0
97.7 0.0102338 0
97.8 0.0102233 0
97.9 0.0102129 0
98 0.0102025 0
98.1 0.0101921 0
98.2 0.0101817 0
98.3 0.0101713 0
98.4 0.010161 0
98.5 0.0101507 0
98.6 0.0101404 0
98.7 0.0101301 0
98.8 0.0101199 0
98.9 0.0101096 0
99 0.0100994 0
99.1 0.0100892 0
99.2 0.0100791 0
99.3 0.0100689 0
99.4 0.0100588 0
99.5 0.0100487 0
99.6 0.0100386 0
99.7 0.0100285 0
99.8 0.0100185 0
99.9 0.0100084 0
100 0.00999842 0
