-0.50001195566876
-0.47937684375007
-0.46009820972295
-0.44207022913448
-0.42519628276399
-0.40938808768005
-0.39456491585668
-0.38065289103369
-0.36758435554534
-0.35529729975917
-0.34373484757826
-0.33284479217845
-0.32257917678743
-0.31289391587657
-0.30374845263541
-0.29510544904254
-0.28693050523979
-0.27919190526695
-0.27186038652452
-0.26490893060933
-0.25831257341358
-0.25204823259745
-0.24609455074088
-0.24043175265449
-0.23504151548492
-0.22990685038921
-0.22501199467642
-0.22034231342602
-0.2158842096915
-0.21162504248656
-0.20755305183079
-0.20365729020269
-0.19992755981231
-0.19635435516227
-0.19292881041823
-0.1896426511552
-0.18648815008827
-0.18345808643322
-0.1805457085761
-0.17774469976125
-0.17504914653426
-0.17245350970095
-0.16995259758559
-0.16754154139143
-0.16521577248472
-0.16297100143972
-0.16080319869654
-0.15870857669754
-0.15668357337944
-0.15472483690961
-0.15282921156456
-0.15099372465798
-0.14921557443322
-0.1474921188431
-0.14582086514601
-0.14419946025382
-0.14262568177227
-0.1410974296798
-0.13961271859507
-0.13816967058781
-0.13676650849128
-0.13540154967815
-0.13407320026461
-0.13277994971062
-0.13152036578655
-0.13029308987914
-0.12909683261159
-0.1279303697549
-0.12679253840903
-0.12568223343467
-0.1245984041172
-0.1235400510466
-0.12250622319773
-0.12149601519699
-0.12050856476223
-0.11954305030377
-0.11859868867559
-0.11767473306606
-0.11677047101898
-0.1158852225758
-0.11501833853107
-0.11416919879334
-0.11333721084463
-0.11252180829178
-0.1117224495038
-0.1109386163295
-0.11016981289011
-0.10941556444223
-0.1086754163064
-0.10794893285724
-0.10723569657111
-0.10653530712789
-0.10584738056317
-0.10517154846802
-0.10450745723321
-0.10385476733512
-0.10321315266097
-0.10258229987079
-0.10196190779398
-0.1013516868584
-0.10075135855004
-0.10016065490142
-0.09957931800699
-0.09900709956413
-0.098443760437974
-0.097889070248905
-0.097342806981322
-0.096804756612441
-0.096274712760022
-0.095752476347943
-0.095237855288619
-0.094730664181272
-0.094230724025254
-0.093737861947516
-0.093251910943464
-0.092772709630492
-0.09230010201346
-0.091833937261511
-0.091374069495574
-0.09092035758601
-0.090472664959862
-0.090030859417167
-0.089594812955882
-0.089164401604962
-0.088739505265186
-0.088320007557271
-0.087905795676958
-0.087496760256701
-0.087092795233581
-0.086693797723174
-0.086299667899077
-0.085910308877738
-0.085525626608418
-0.085145529767977
-0.084769929660232
-0.084398740119717
-0.084031877419562
-0.083669260183364
-0.08331080930079
-0.082956447846766
-0.082606101004082
-0.082259695989235
-0.081917161981375
-0.08157843005418
-0.081243433110559
-0.080912105820015
-0.080584384558563
-0.080260207351098
-0.079939513816061
-0.079622245112339
-0.079308343888284
-0.078997754232723
-0.078690421627936
-0.078386292904438
-0.078085316197559
-0.077787440905664
-0.077492617650021
-0.077200798236172
-0.0769119356168
-0.076625983855983
-0.076342898094809
-0.076062634518255
-0.075785150323329
-0.075510403688361
-0.075238353743442
-0.07496896054194
-0.074702185033054
-0.074437989035347
-0.074176335211256
-0.07391718704249
-0.073660508806315
-0.073406265552681
-0.073154423082138
-0.072904947924541
-0.072657807318482
-0.072412969191447
-0.072170402140644
-0.071930075414484
-0.071691958894713
-0.071456023079116
-0.071222239064828
-0.070990578532198
-0.07076101372917
-0.070533517456217
-0.070308063051733
-0.070084624377926
-0.069863175807159
-0.06964369220874
-0.069426148936126
-0.069210521814549
-0.068996787129027
-0.068784921612756
-0.06857490243586
-0.06836670719451
-0.068160313900371
-0.067955700970361
-0.067752847216752
-0.067551731837563
-0.067352334407226
-0.067154634867573
-0.066958613519053
-0.06676425101224
-0.066571528339584
-0.06638042682741
-0.066190928128136
-0.066003014212745
-0.065816667363455
-0.065631870166608
-0.065448605505772
-0.065266856555024
-0.065086606772437
-0.064907839893744
-0.064730539926191
-0.064554691142547
-0.06438027807529
-0.064207285510957
-0.06403569848464
-0.063865502274647
-0.063696682397291
-0.063529224601828
-0.063363114865544
-0.06319833938895
-0.06303488459113
-0.062872737105184
-0.062711883773826
-0.062552311645065
-0.062394007968021
-0.062236960188835
-0.062081155946701
-0.061926583069982
-0.061773229572433
-0.061621083649529
-0.061470133674875
-0.061320368196701
-0.061171775934471
-0.061024345775536
-0.060878066771908
-0.060732928137102
-0.060588919243035
-0.06044602961703
-0.060304248938882
-0.060163567037982
-0.060023973890533
-0.059885459616811
-0.059748014478514
-0.059611628876146
-0.05947629334649
-0.059341998560122
-0.059208735318991
-0.059076494554057
-0.058945267322965
-0.05881504480781
-0.058685818312913
-0.058557579262673
-0.058430319199456
-0.058304029781545
-0.058178702781111
-0.058054330082261
-0.057930903679096
-0.057808415673852
-0.057686858275038
-0.057566223795651
-0.057446504651406
-0.05732769335902
-0.057209782534516
-0.057092764891594
-0.05697663324
-0.05686138048395
-0.056746999620589
-0.05663348373848
-0.056520826016113
-0.056409019720465
-0.056298058205579
-0.056187934911162
-0.056078643361245
-0.055970177162827
-0.055862530004586
-0.055755695655588
-0.055649667964043
-0.055544440856073
-0.055440008334503
-0.055336364477689
-0.055233503438363
-0.055131419442494
-0.055030106788185
-0.054929559844582
-0.054829773050805
-0.054730740914906
-0.054632458012837
-0.054534918987456
-0.054438118547523
-0.054342051466758
-0.054246712582867
-0.054152096796627
-0.054058199070969
-0.053965014430082
-0.053872537958535
-0.053780764800417
-0.053689690158489
-0.053599309293354
-0.053509617522645
-0.053420610220221
-0.05333228281539
-0.053244630792135
-0.053157649688349
-0.053071335095113
-0.052985682655949
-0.052900688066111
-0.052816347071886
-0.052732655469901
-0.052649609106448
-0.052567203876811
-0.052485435724624
-0.052404300641223
-0.052323794665014
-0.052243913880866
-0.052164654419478
-0.052086012456808
-0.052007984213473
-0.051930565954174
-0.051853753987126
-0.051777544663509
-0.051701934376913
-0.051626919562807
-0.051552496698005
-0.051478662300144
-0.051405412927185
-0.051332745176899
-0.051260655686381
-0.05118914113156
-0.051118198226728
-0.051047823724066
-0.050978014413187
-0.050908767120679
-0.050840078709663
-0.050771946079349
-0.050704366164622
-0.050637335935594
-0.050570852397205
-0.050504912588805
-0.050439513583757
-0.05037465248904
-0.050310326444849
-0.050246532624229
-0.050183268232683
-0.050120530507809
-0.050058316718929
-0.04999662416674
-0.049935450182949
-0.049874792129933
-0.049814647400399
-0.049755013417038
-0.049695887632207
-0.049637267527588
-0.049579150613885
-0.049521534430497
-0.049464416545209
-0.049407794553893
-0.0493516660802
-0.04929602877527
-0.049240880317437
-0.049186218411951
-0.049132040790685
-0.049078345211861
-0.049025129459789
-0.048972391344578
-0.048920128701892
-0.048868339392673
-0.048817021302896
-0.048766172343319
-0.048715790449218
-0.048665873580165
-0.048616419719771
-0.048567426875462
-0.048518893078236
-0.048470816382435
-0.048423194865534
-0.048376026627899
-0.048329309792574
-0.048283042505078
-0.048237222933183
-0.048191849266701
-0.048146919717292
-0.04810243251825
-0.048058385924314
-0.048014778211468
-0.047971607676743
-0.047928872638039
-0.047886571433933
-0.04784470242349
-0.047803263986092
-0.047762254521248
-0.047721672448438
-0.047681516206921
-0.047641784255575
-0.04760247507273
-0.047563587156006
-0.047525119022141
-0.047487069206843
-0.04744943626463
-0.047412218768675
-0.047375415310653
-0.047339024500599
-0.047303044966752
-0.047267475355415
-0.047232314330812
-0.047197560574954
-0.047163212787491
-0.047129269685588
-0.047095730003778
-0.04706259249385
-0.047029855924703
-0.046997519082229
-0.046965580769181
-0.046934039805063
-0.046902895025998
-0.046872145284612
-0.046841789449921
-0.046811826407219
-0.046782255057953
-0.046753074319626
-0.046724283125684
-0.046695880425404
-0.046667865183799
-0.046640236381505
-0.046612993014685
-0.046586134094926
-0.046559658649148
-0.046533565719502
-0.046507854363277
-0.046482523652804
-0.046457572675376
-0.046433000533141
-0.04640880634304
-0.046384989236686
-0.046361548360315
-0.046338482874679
-0.04631579195498
-0.046293474790776
-0.046271530585916
-0.046249958558454
-0.046228757940582
-0.046207927978549
-0.04618746793259
-0.046167377076863
-0.046147654699369
-0.046128300101894
-0.046109312599934
-0.046090691522638
-0.046072436212735
-0.04605454602649
-0.046037020333615
-0.046019858517236
-0.046003059973822
-0.04598662411313
-0.045970550358153
-0.045954838145062
-0.045939486923158
-0.045924496154811
-0.045909865315423
-0.04589559389337
-0.045881681389958
-0.045868127319376
-0.045854931208649
-0.045842092597602
-0.045829611038803
-0.045817486097538
-0.045805717351758
-0.04579430439205
-0.045783246821592
-0.045772544256121
-0.045762196323896
-0.045752202665659
-0.045742562934618
-0.045733276796393
-0.045724343929007
-0.045715764022839
-0.045707536780607
-0.045699661917336
-0.045692139160335
-0.045684968249171
-0.045678148935643
-0.045671680983765
-0.045665564169734
-0.045659798281926
-0.045654383120866
-0.045649318499204
-0.045644604241712
-0.045640240185266
-0.045636226178819
-0.045632562083405
-0.045629247772111
-0.045626283130074
-0.045623668054469
-0.045621402454499
-0.045619486251392
-0.045617919378382
-0.045616701780719
-0.045615833415652
-0.04561531425243
-0.045615144272296
-0.045615323468496
-0.045615851846265
-0.045616729422831
-0.045617956227426
-0.04561953230128
-0.045621457697622
-0.045623732481701
-0.045626356730769
-0.045629330534111
-0.045632653993036
-0.045636327220891
-0.045640350343087
-0.045644723497079
-0.045649446832415
-0.045654520510716
-0.045659944705716
-0.045665719603269
-0.045671845401358
-0.04567832231013
-0.045685150551904
-0.045692330361188
-0.045699861984715
-0.04570774568145
-0.045715981722626
-0.045724570391762
-0.045733511984694
-0.045742806809594
-0.045752455187009
-0.045762457449885
-0.04577281394359
-0.04578352502597
-0.045794591067354
-0.045806012450604
-0.045817789571146
-0.045829922837009
-0.045842412668866
-0.045855259500056
-0.045868463776651
-0.045882025957476
-0.04589594651416
-0.045910225931179
-0.045924864705904
-0.045939863348641
-0.045955222382685
-0.045970942344365
-0.045987023783097
-0.046003467261431
-0.046020273355112
-0.046037442653128
-0.046054975757766
-0.046072873284667
-0.046091135862891
-0.046109764134972
-0.046128758756977
-0.046148120398572
-0.046167849743082
-0.046187947487561
-0.046208414342855
-0.04622925103367
-0.046250458298641
-0.046272036890404
-0.046293987575669
-0.046316311135292
-0.046339008364351
-0.046362080072222
-0.046385527082656
-0.046409350233864
-0.046433550378594
-0.046458128384214
-0.046483085132794
-0.046508421521206
-0.046534138461188
-0.046560236879456
-0.046586717717781
-0.046613581933087
-0.046640830497547
-0.046668464398675
-0.046696484639422
-0.04672489223829
-0.04675368822941
-0.046782873662668
-0.046812449603794
-0.046842417134475
-0.04687277735247
-0.046903531371705
-0.0469346803224
-0.046966225351179
-0.04699816762118
-0.047030508312185
-0.047063248620728
-0.047096389760231
-0.047129932961118
-0.04716387947094
-0.047198230554512
-0.047232987494045
-0.047268151589267
-0.04730372415757
-0.047339706534139
-0.047376100072097
-0.047412906142647
-0.047450126135214
-0.047487761457594
-0.047525813536095
-0.047564283815706
-0.047603173760225
-0.047642484852446
-0.047682218594289
-0.047722376506987
-0.047762960131226
-0.047803971027331
-0.047845410775424
-0.047887280975604
-0.047929583248112
-0.047972319233524
-0.048015490592912
-0.048059099008043
-0.04810314618156
-0.04814763383717
-0.048192563719838
-0.048237937595978
-0.048283757253667
-0.04833002450282
-0.048376741175421
-0.048423909125715
-0.048471530230428
-0.048519606388976
-0.048568139523686
-0.048617131580017
-0.048666584526789
-0.048716500356404
-0.048766881085086
-0.048817728753114
-0.048869045425061
-0.04892083319004
-0.04897309416195
-0.04902583047973
-0.04907904430761
-0.049132737835378
-0.049186913278637
-0.049241572879078
-0.049296718904745
-0.049352353650328
-0.049408479437425
-0.049465098614841
-0.04952221355887
-0.049579826673601
-0.0496379403912
-0.049696557172243
-0.049755679506
-0.049815309910753
-0.049875450934132
-0.049936105153426
-0.049997275175918
-0.050058963639221
-0.050121173211618
-0.050183906592415
-0.050247166512281
-0.05031095573362
-0.05037527705093
-0.050440133291173
-0.050505527314155
-0.0505714620129
-0.050637940314055
-0.050704965178269
-0.050772539600609
-0.050840666610964
-0.050909349274455
-0.050978590691873
-0.051048394000096
-0.051118762372533
-0.051189699019565
-0.051261207189005
-0.051333290166557
-0.051405951276271
-0.05147919388104
-0.051553021383072
-0.051627437224383
-0.05170244488731
-0.051778047895
-0.051854249811951
-0.051931054244536
-0.052008464841526
-0.052086485294651
-0.052165119339159
-0.052244370754365
-0.052324243364254
-0.05240474103804
-0.052485867690784
-0.052567627283991
-0.052650023826239
-0.052733061373799
-0.052816744031277
-0.052901075952279
-0.052986061340064
-0.053071704448228
-0.053158009581387
-0.053244981095891
-0.053332623400525
-0.053420940957254
-0.053509938281949
-0.053599619945157
-0.05368999057286
-0.053781054847272
-0.053872817507625
-0.053965283350996
-0.054058457233128
-0.054152344069286
-0.054246948835105
-0.05434227656749
-0.054438332365489
-0.054535121391223
-0.054632648870811
-0.054730920095318
-0.054829940421728
-0.054929715273924
-0.055030250143701
-0.055131550591791
-0.055233622248903
-0.055336470816809
-0.055440102069408
-0.05554452185386
-0.055649736091709
-0.05575575078004
-0.055862571992667
-0.055970205881323
-0.056078658676908
-0.056187936690736
-0.056298046315811
-0.056408994028142
-0.05652078638808
-0.056633430041673
-0.056746931722072
-0.056861298250936
-0.056976536539897
-0.057092653592042
-0.05720965650343
-0.05732755246463
-0.057446348762313
-0.057566052780868
-0.057686672004048
-0.057808214016668
-0.05793068650632
-0.058054097265144
-0.058178454191636
-0.058303765292477
-0.058430038684431
-0.058557282596279
-0.058685505370769
-0.058814715466661
-0.05894492146077
-0.059076132050086
-0.059208356053939
-0.059341602416202
-0.059475880207557
-0.05961119862781
-0.059747567008273
-0.059884994814171
-0.060023491647147
-0.060163067247794
-0.060303731498273
-0.060445494424974
-0.060588366201259
-0.060732357150258
-0.060877477747743
-0.061023738625068
-0.061171150572195
-0.061319724540775
-0.061469471647316
-0.061620403176446
-0.061772530584229
-0.061925865501594
-0.062080419737829
-0.062236205284187
-0.062393234317575
-0.062551519204326
-0.062711072504101
-0.062871906973857
-0.063034035571961
-0.063197471462371
-0.063362228018965
-0.063528318829968
-0.063695757702498
-0.063864558667241
-0.064034735983264
-0.064206304142938
-0.064379277877011
-0.064553672159834
-0.06472950221469
-0.064906783519342
-0.065085531811668
-0.065265763095499
-0.065447493646614
-0.065630740018899
-0.065815519050695
-0.06600184787133
-0.066189743907829
-0.066379224891836
-0.06657030886674
-0.066763014195001
-0.066957359565704
-0.067153364002349
-0.067351046870848
-0.067550427887798
-0.067751527128989
-0.067954365038179
-0.068158962436134
-0.068365340529957
-0.068573520922711
-0.068783525623336
-0.068995377056879
-0.069209098075062
-0.069424711967181
-0.069642242471352
-0.069861713786126
-0.070083150582476
-0.070306578016196
-0.070532021740684
-0.070759507920155
-0.070989063243311
-0.071220714937449
-0.071454490783039
-0.071690419128848
-0.071928528907493
-0.072168849651615
-0.072411411510546
-0.072656245267597
-0.072903382357923
-0.073152854887028
-0.073404695649922
-0.073658938150962
-0.073915616624381
-0.074174766055593
-0.074436422203228
-0.074700621621997
-0.074967401686381
-0.075236800615192
-0.07550885749705
-0.075783612316798
-0.076061105982915
-0.076341380355959
-0.076624478278085
-0.076910443603702
-0.077199321231273
-0.07749115713639
-0.077785998406086
-0.078083893274524
-0.078384891160051
-0.078689042703749
-0.078996399809507
-0.07930701568568
-0.07962094488845
-0.079938243366917
-0.080258968510044
-0.080583179195513
-0.080910935840604
-0.081242300455158
-0.081577336696795
-0.081916109928388
-0.082258687278028
-0.08260513770147
-0.0829555320473
-0.083309943124868
-0.083668445775172
-0.08403111694483
-0.084398035763274
-0.084769283623359
-0.085144944265528
-0.085525103865745
-0.085909851127354
-0.086299277377094
-0.086693476665477
-0.087092545871724
-0.087496584813564
-0.087905696362081
-0.08831998656191
-0.088739564757072
-0.08916454372271
-0.089595039803117
-0.090031173056292
-0.090473067405466
-0.090920850797949
-0.09137465537167
-0.091834617629897
-0.092300878624517
-0.092773584148417
-0.093252884937448
-0.093738936882504
-0.094231901252325
-0.094731944927585
-0.095239240646979
-0.095753967265932
-0.096276310028725
-0.096806460854794
-0.097344618640012
-0.097890989573913
-0.098445787473721
-0.099009234136263
-0.099581559708789
-0.10016300307989
-0.1007538122917
-0.10135424497472
-0.10196456880668
-0.10258506199682
-0.10321601379733
-0.10385772504359
-0.10451050872498
-0.10517469058829
-0.10585060977582
-0.10653861950029
-0.10723908775909
-0.10795239809038
-0.10867895037378
-0.10941916167858
-0.11017346716272
-0.11094232102581
-0.11172619751996
-0.11252559202222
-0.11334102217299
-0.11417302908473
-0.11502217862599
-0.11588906278601
-0.11677430112532
-0.11767854231873
-0.11860246579696
-0.11954678349417
-0.12051224170887
-0.12149962308649
-0.12250974873245
-0.1235434804653
-0.12460172322027
-0.12568542761437
-0.12679559268525
-0.12793326881673
-0.12909956086531
-0.13029563150291
-0.1315227047925
-0.13278207001462
-0.13407508576433
-0.13540318433986
-0.13676787644595
-0.13817075623682
-0.13961350672619
-0.14109790559369
-0.14262583142
-0.14419927038573
-0.14582032347217
-0.1474912142055
-0.14921429698993
-0.15099206607911
-0.15282716523999
-0.15472239816791
-0.15668073971775
-0.15870534802131
-0.16079957756828
-0.16296699333526
-0.16521138605518
-0.16753678872877
-0.16994749448905
-0.17244807594099
-0.17504340611023
-0.17773868114811
-0.18053944495475
-0.18345161589801
-0.18648151582441
-0.18963590157748
-0.19292199926122
-0.19634754151077
-0.19992080805934
-0.20365066992059
-0.20754663753889
-0.21161891329743
-0.21587844881495
-0.22033700750832
-0.22500723294929
-0.2299027236008
-0.23503811458226
-0.24042916718412
-0.24609286693165
-0.25204753108668
-0.25831292657548
-0.26491039944189
-0.2718630170496
-0.27919572439665
-0.28693551606205
-0.29511162547917
-0.30375573342833
-0.31290219786155
-0.32258830742153
-0.33285456129662
-0.34374497836804
-0.35530743896073
-0.3675940629081
-0.3806616280923
-0.39457203412923
-0.40939281644237
-0.42519771661759
-0.44206731566456
-0.46008973764009
-0.47936143202772
