-0.50000304259072
-0.44445791773558
-0.39518945136648
-0.35147597576688
-0.31268030592838
-0.27823965433426
-0.2476567773695
-0.22049219851681
-0.19635737377191
-0.17490868216688
-0.15584213935481
-0.13888874523667
-0.12381038789972
-0.11039623593212
-0.098459559692378
-0.087834929521191
-0.07837574533744
-0.069952057689938
-0.062448645250056
-0.055763318023653
-0.049805419314223
-0.04449450275321
-0.039759163588607
-0.035536005941461
-0.031768729947402
-0.028407324635977
-0.025407354098833
-0.022729325988335
-0.020338132697063
-0.01820255671832
-0.016294832698167
-0.014590259577662
-0.013066857005071
-0.011705060884944
-0.010487453535597
-0.0093985244588602
-0.0084244581946276
-0.0075529461456137
-0.0067730196214933
-0.006074901672214
-0.0054498755629139
-0.0048901679921828
-0.0043888453752565
-0.0039397217077807
-0.0035372766970331
-0.0031765829986568
-0.002853241530499
-0.0025633239530776
-0.0023033215104003
-0.0020700995169692
-0.0018608568582143
-0.0016730899435981
-0.0015045606153177
-0.0013532675718588
-0.0012174209155236
-0.0010954194771816
-0.00098583061056478
-0.00088737218303683
-0.00079889652041667
-0.00071937609060189
-0.00064789073480143
-0.00058361627654066
-0.00052581435750586
-0.0004738233660957
-0.00042705033941798
-0.00038496373270362
-0.00034708696180386
-0.00031299263487935
-0.00028229739860883
-0.00025465733247093
-0.00022976383193439
-0.00020733992788316
-0.00018713699535689
-0.000168931809812
-0.00015252391366132
-0.00013773325990005
-0.00012439810323222
-0.00011237311231397
-0.00010152767958611
-9.1744407709693e-05
-8.2917753879301e-05
-7.4952815301964e-05
-6.7764240928417e-05
-6.1275256118003e-05
-5.5416788347669e-05
-5.0126683343245e-05
-4.5349002144811e-05
-4.1033390628128e-05
-3.7134513906147e-05
-3.3611548836288e-05
-3.0427728576794e-05
-2.7549933781013e-05
-2.4948325578537e-05
-2.2596016018229e-05
-2.0468772087559e-05
-1.8544749843358e-05
-1.6804255544051e-05
-1.5229531002828e-05
-1.3804560673426e-05
-1.2514898231549e-05
-1.1347510659029e-05
-1.0290638036489e-05
-9.3336674404827e-06
-8.4670195064755e-06
-7.6820463666064e-06
-6.9709398072678e-06
-6.3266486072259e-06
-5.742804127184e-06
-5.2136533148372e-06
-4.7339983764551e-06
-4.2991424423594e-06
-3.9048406228122e-06
-3.5472559118604e-06
-3.2229194518445e-06
-2.9286947232538e-06
-2.6617452644298e-06
-2.4195055697566e-06
-2.1996548489559e-06
-2.000093365718e-06
-1.8189210867824e-06
-1.6544184306012e-06
-1.5050288918477e-06
-1.3693433631792e-06
-1.2460859848294e-06
-1.1341013706189e-06
-1.0323430750825e-06
-9.3986318045837e-07
-8.5580289172253e-07
-7.7938404122112e-07
-7.0990141502745e-07
-6.4671581849802e-07
-5.8924781083782e-07
-5.3697204139375e-07
-4.8941213005676e-07
-4.4613604011277e-07
-4.0675189189617e-07
-3.7090417960647e-07
-3.3827034726179e-07
-3.0855769194688e-07
-2.8150056298517e-07
-2.568578260363e-07
-2.3441056881424e-07
-2.1396002459552e-07
-1.9532569178204e-07
-1.7834363205566e-07
-1.6286492864394e-07
-1.4875429084116e-07
-1.3588878830842e-07
-1.2415670671281e-07
-1.1345650968521e-07
-1.0369589722736e-07
-9.4790954424169e-08
-8.6665378119153e-08
-7.9249776093586e-08
-7.2481032984686e-08
-6.6301732710587e-08
-6.0659638022017e-08
-5.5507214821984e-08
-5.0801203376482e-08
-4.6502228279833e-08
-4.2574443207727e-08
-3.8985211569931e-08
-3.5704813823719e-08
-3.270618272986e-08
-2.9964663285374e-08
-2.7457794222371e-08
-2.5165110074134e-08
-2.3067960845499e-08
-2.1149348580682e-08
-1.9393778533018e-08
-1.7787124515641e-08
-1.6316505403761e-08
-1.4970174710528e-08
-1.3737417576472e-08
-1.260846018116e-08
-1.1574384871631e-08
-1.0627053638724e-08
-9.7590404333861e-09
-8.9635661230792e-09
-8.2344415865277e-09
-7.5660158147996e-09
-6.9531286106537e-09
-6.391066374111e-09
-5.8755235331499e-09
-5.4025663296418e-09
-4.9685999619927e-09
-4.5703395163322e-09
-4.2047816815359e-09
-3.8691812784284e-09
-3.5610280291088e-09
-3.2780264866929e-09
-3.0180768154059e-09
-2.779258242227e-09
-2.5598134558528e-09
-2.3581342649185e-09
-2.172748585226e-09
-2.0023092444446e-09
-1.845582698421e-09
-1.7014392192135e-09
-1.5688450279969e-09
-1.4468516129092e-09
-1.3345910795744e-09
-1.2312681811147e-09
-1.1361539582948e-09
-1.0485800537552e-09
-9.6793403985118e-10
-8.9365401184181e-10
-8.2522517921773e-10
-7.6217500038885e-10
-7.0406985194563e-10
-6.5051204520937e-10
-6.0113704867922e-10
-5.5560958219701e-10
-5.1362221215409e-10
-4.7489257067715e-10
-4.3916146668502e-10
-4.0619067711493e-10
-3.7576136812495e-10
-3.4767258750419e-10
-3.2173972797437e-10
-2.9779277290383e-10
-2.7567583157444e-10
-2.5524528012533e-10
-2.3636923075497e-10
-2.189262918282e-10
-2.0280474370529e-10
-1.8790185661453e-10
-1.7412307521758e-10
-1.6138115773251e-10
-1.4959651996102e-10
-1.3869483928375e-10
-1.2860854271664e-10
-1.1927485746035e-10
-1.1063625333793e-10
-1.0263951771488e-10
-9.5235559905071e-11
-8.8379599401812e-11
-8.2029783252139e-11
-7.6147765050082e-11
-7.069829120785e-11
-6.5648682437517e-11
-6.0968770249436e-11
-5.6630836144707e-11
-5.2609223350867e-11
-4.8880187552517e-11
-4.5422133476041e-11
-4.2214507416354e-11
-3.9238998213421e-11
-3.647831974219e-11
-3.3916508529085e-11
-3.1538737550339e-11
-2.9331759002175e-11
-2.7282733195364e-11
-2.5380268743935e-11
-2.3613324046046e-11
-2.1972329760302e-11
-2.0448081042405e-11
-1.9031818579239e-11
-1.7715840805562e-11
-1.6492851417177e-11
-1.5356135080909e-11
-1.4299538794743e-11
-1.3317113725267e-11
-1.2403714483295e-11
-1.1554225206768e-11
-1.0764124417762e-11
-1.002914169977e-11
-9.3454777788862e-12
-8.7095620078221e-12
-8.1175198621418e-12
-7.5664861375047e-12
-7.0536768165368e-12
-6.5762670638157e-12
-6.1318405765965e-12
-5.7179903657139e-12
-5.3321943544792e-12
-4.9733004607882e-12
-4.6388817504274e-12
-4.3275013352068e-12
-4.0373061795116e-12
-3.7669415186511e-12
-3.5150214053751e-12
-3.2800942653524e-12
-3.0612602893567e-12
-2.8572414493128e-12
-2.6671156180349e-12
-2.4898251606899e-12
-2.3244081628428e-12
-2.1702068078435e-12
-2.0264198971422e-12
-1.8922682297918e-12
-1.7671422477437e-12
-1.6502285884612e-12
-1.5412580274248e-12
-1.4396776559748e-12
-1.3448997425296e-12
-1.2564346847383e-12
-1.173837677836e-12
-1.0967009728733e-12
-1.0247496203038e-12
-9.5767938854653e-13
-8.9497562768435e-13
-8.3642562066724e-13
-7.8180429232262e-13
-7.3073795195963e-13
-6.8306053797984e-13
-6.3852804746512e-13
-5.9693202169142e-13
-5.5810393256554e-13
-5.2184394569832e-13
-4.8789730413245e-13
-4.5627037048409e-13
-4.2673598267924e-13
-3.9910547848902e-13
-3.732964473612e-13
-3.4912770193765e-13
-3.2654940254492e-13
-3.0547794516853e-13
-2.8585430128638e-13
-2.6747466223463e-13
-2.5025277223822e-13
-2.3408854475312e-13
-2.1902315492075e-13
-2.0503018353102e-13
-1.9192488530379e-13
-1.7958494893192e-13
-1.6807345165158e-13
-1.5731220897988e-13
-1.4729799578747e-13
-1.3774898813013e-13
-1.2894951141867e-13
-1.2073171564935e-13
-1.1301984554481e-13
-1.0574813747145e-13
-9.8978828441001e-14
-9.2647723519172e-14
-8.6762014811609e-14
-8.1198992925394e-14
-7.6021666438382e-14
-7.1210392706932e-14
-6.6613991253837e-14
-6.2405462116991e-14
-5.8436677026477e-14
-5.4706769532197e-14
-5.1201122219049e-14
-4.7875086825824e-14
-4.4840159057476e-14
-4.1984080373305e-14
-3.8867727568306e-14
-3.640431138019e-14
-3.4058512425686e-14
-3.1863172806796e-14
-2.986273471107e-14
-2.7822493572721e-14
-2.6039365215183e-14
-2.4335466152921e-14
-2.2737871003167e-14
-2.1319904545716e-14
-1.9848299905777e-14
-1.850029907095e-14
-1.7404112107508e-14
-1.6276433049945e-14
-1.5247120079997e-14
-1.4202039618451e-14
-1.3199790069027e-14
-1.2331735998175e-14
-1.1550897715068e-14
-1.0734602093903e-14
-1.0023308890475e-14
-9.320409449407e-15
-8.7530506756842e-15
-8.113993314593e-15
-7.5048114149567e-15
-6.9875466333728e-15
-6.5527638524499e-15
-6.1068178538132e-15
-5.6526151394324e-15
-5.2106599734502e-15
-4.8167804899675e-15
-4.5160498243449e-15
-4.2248507575195e-15
-3.913863199166e-15
-3.5246805798497e-15
-3.2874984458105e-15
-3.0490604337942e-15
-2.8799714531699e-15
-2.6548382374652e-15
-2.4027695181665e-15
-2.2750261398061e-15
-2.1365974330052e-15
-1.8763506312138e-15
-1.7866106149687e-15
-1.6453989648503e-15
-1.4891713875785e-15
-1.3534734032832e-15
-1.2744830243578e-15
-1.1778528957735e-15
-1.0621497909912e-15
-9.86831318156e-16
-8.7841825154005e-16
-8.4461481769756e-16
-7.4516822453955e-16
-6.7739236939036e-16
-6.1762013262716e-16
-5.7655366063288e-16
-5.0032818728013e-16
-4.9114874495072e-16
-4.6187205041318e-16
-4.5099710762245e-16
-3.324118155824e-16
-3.1098628411813e-16
-3.3376778228872e-16
-3.4437990368691e-16
-3.0319049929426e-16
-2.5491792143097e-16
-2.8362715486191e-16
-2.4095581877767e-16
-2.0030316359207e-16
-2.238194033546e-16
-1.9081922857549e-16
-3.251515957049e-16
-3.5472707673298e-16
-4.0610805793242e-16
-3.079287569723e-16
-2.8919659999149e-16
-3.3374150819112e-16
-3.3140656330768e-16
-2.4395743505398e-16
-2.5904223811115e-16
-2.7488106923457e-16
-3.365224316057e-16
-2.3861226907524e-16
-3.1795383110763e-16
-2.5971865018991e-16
-1.9748128683342e-16
-1.9042650660597e-16
-2.4311569369831e-16
-1.7498129210153e-16
-3.6651308935865e-16
-3.6918920787155e-16
-4.0584187779307e-16
-4.162460383905e-16
-4.1379384707916e-16
-3.3672577233839e-16
-3.704678320797e-16
-4.1745129406524e-16
-3.8572031413641e-16
-3.4762992540966e-16
-3.712200522534e-16
-3.5866005487861e-16
-3.7392336278405e-16
-3.7594403682259e-16
-3.6756458727471e-16
-2.797681763369e-16
-3.6736801243931e-16
-3.3355604623933e-16
-3.2112190396244e-16
-3.3423470282442e-16
-3.8988794588735e-16
-3.1258889712822e-16
-3.106321978819e-16
-2.8723004006404e-16
-2.8956923403045e-16
-2.995289008927e-16
-2.4914164815715e-16
-2.3233030523774e-16
-1.9876403211641e-16
-1.8007163094442e-16
-1.7187564117936e-16
-2.2087747242277e-16
-1.1962420166112e-16
-1.9398330435756e-16
-1.2031000859319e-16
-1.1132042911875e-16
-1.6396392320562e-16
-9.4318281141507e-17
-2.1842209424945e-16
-1.0998077838867e-16
-1.4090506205489e-16
-8.3889139738493e-17
-8.540251258315e-17
-1.0266547110553e-16
-1.4002028891871e-16
-7.3991378069405e-17
-6.7242466668122e-17
-1.2100355513297e-16
-7.7254727528887e-17
-4.6708793439895e-17
-2.4310460857138e-17
-3.1608177611595e-17
-2.2563800866631e-17
7.0309402864733e-18
-4.3361372035681e-17
1.116093261679e-17
-4.1037215953233e-17
-3.602304859836e-17
-3.6219958668756e-17
-5.6544829132746e-17
-1.0086803147121e-16
4.7820849317153e-17
-5.294550352438e-18
-5.3609811028104e-17
2.5113339596453e-17
-2.8117937964553e-17
3.069964175631e-17
-2.8344817906414e-17
3.4651212180455e-17
1.1158291317661e-16
3.3762249839571e-17
2.5365528938607e-17
8.9266020984631e-17
-3.1238297870626e-17
3.5921690578238e-17
-9.4505574945422e-17
-3.9917219671696e-17
2.1531111534865e-18
1.8836673377721e-17
-1.8354395101371e-17
-8.32391702683e-17
-1.2086909209124e-17
-1.2304725487053e-16
-5.7048004056183e-17
-5.451972132128e-17
-7.1093849287644e-17
-6.7951447185851e-17
-9.1014987896564e-17
-9.3581047760539e-17
-1.3193493658439e-16
-9.6836133886794e-17
-1.6188217991719e-16
-1.2356349005845e-16
-1.0938404485792e-16
-1.6061795670353e-16
-4.4463420908494e-17
-7.3957344346294e-17
-1.6141464342809e-16
-1.1522496562016e-16
-5.0389118300345e-17
-1.296873056921e-16
-1.9281595556984e-16
-1.5197394065636e-16
-1.2399562676194e-16
-1.5946663427821e-16
-1.6903771980323e-16
-2.189865481431e-16
-1.3790556162284e-16
-1.5599700066296e-16
-2.420664911107e-17
-8.4652953757163e-17
-4.0774802049825e-17
-5.8498800221947e-17
2.1211263156741e-18
-9.7465252007389e-17
-5.897352904655e-17
3.7318307410863e-17
-1.8961278855481e-17
1.7440769812379e-17
3.1503652666459e-17
3.6704610816885e-17
4.1329758190938e-17
6.7785113722475e-17
-2.6381833113555e-17
-2.9399470762263e-17
4.2888731221979e-17
8.8794284045672e-18
5.1372930119244e-17
6.6131640973735e-17
3.2802274367795e-17
2.5397593086796e-17
1.0058308882736e-17
6.119496619465e-17
1.9356716233653e-17
3.071638112777e-17
2.902965099071e-17
6.7256559936382e-17
1.9109428849335e-18
8.6185066128242e-17
3.9915720545825e-17
3.5443142355443e-17
3.2808163675192e-17
-2.9630472720504e-17
3.4279254449599e-17
-8.4374100205691e-18
-2.8603662736997e-17
-4.4613129356589e-17
-2.6165821659432e-18
-1.2724334462047e-17
-6.0882396957179e-17
-1.6162314973442e-16
-1.3417714709761e-16
-1.6970022451836e-16
-1.9680550550145e-16
-3.4343208703949e-16
-2.7029046963175e-16
-3.2924576964622e-16
-8.003128089921e-17
-2.1256520013632e-16
-2.5463146508259e-16
-3.3603445833618e-16
-3.7259635870819e-16
-5.1641342209772e-16
-4.8430237638785e-16
-6.201768615769e-16
-6.9277750938211e-16
-7.8289928039699e-16
-7.4899170501069e-16
-9.055769630008e-16
-1.0097031445114e-15
-1.1702022810504e-15
-1.1903418252044e-15
-1.3828375210995e-15
-1.5302461442624e-15
-1.7048955007153e-15
-1.8572703880649e-15
-2.0537716831942e-15
-2.219055286368e-15
-2.4750020118768e-15
-2.6479306339199e-15
-2.8375478929819e-15
-3.1666407355577e-15
-3.3277019499519e-15
-3.6224419730254e-15
-3.833208168563e-15
-4.1588834932615e-15
-4.4930032360235e-15
-4.877512253992e-15
-5.2239786665756e-15
-5.5757412175624e-15
-6.0199165486229e-15
-6.4285555220778e-15
-6.9402729775038e-15
-7.4368723145954e-15
-7.9306749080271e-15
-8.4277210364567e-15
-9.1522240570871e-15
-9.70615944465e-15
-1.033477268942e-14
-1.1156534473748e-14
-1.1935374381099e-14
-1.2805142026012e-14
-1.3685501158505e-14
-1.4653376273063e-14
-1.5649754672782e-14
-1.6694932998361e-14
-1.7841762498603e-14
-1.9030531129262e-14
-2.0306949652927e-14
-2.1776598857986e-14
-2.3202433849178e-14
-2.4713394498025e-14
-2.6479650902798e-14
-2.8293273611187e-14
-3.0143272403524e-14
-3.2665485479101e-14
-3.4803735910572e-14
-3.7100252005595e-14
-3.9658103196913e-14
-4.2303634650955e-14
-4.5202775691934e-14
-4.8250133413599e-14
-5.1539403562992e-14
-5.5088906026698e-14
-5.8847437252409e-14
-6.286132151914e-14
-6.7109742406522e-14
-7.1676263533939e-14
-7.6711368229885e-14
-8.1998653449774e-14
-8.7583347610544e-14
-9.3658647919069e-14
-1.0011146167096e-13
-1.071169717692e-13
-1.1443099224805e-13
-1.2246784640413e-13
-1.3091466900165e-13
-1.4008739244825e-13
-1.4976188539022e-13
-1.6014521311274e-13
-1.7170803500614e-13
-1.8377183302157e-13
-1.9645004484503e-13
-2.1021499208621e-13
-2.2492816345472e-13
-2.4061580746195e-13
-2.5739396647657e-13
-2.7540029129036e-13
-2.9465094868549e-13
-3.1535133019516e-13
-3.374957380019e-13
-3.6125396046962e-13
-3.8662720419428e-13
-4.1387078401285e-13
-4.4299612854682e-13
-4.7423882007804e-13
-5.0782361221212e-13
-5.4360821486678e-13
-5.8206444354701e-13
-6.2325095372272e-13
-6.6744971915267e-13
-7.1487867161123e-13
-7.6570243890122e-13
-8.2009234158779e-13
-8.7856305846121e-13
-9.4120867211815e-13
-1.0084011916702e-12
-1.0804219884277e-12
-1.157712395529e-12
-1.2406702926263e-12
-1.3296726745958e-12
-1.4250862302698e-12
-1.5275764675673e-12
-1.6376172614396e-12
-1.7557544372684e-12
-1.8825125410083e-12
-2.0186781950437e-12
-2.1648394661763e-12
-2.3218283890654e-12
-2.4905113631198e-12
-2.6716334211676e-12
-2.8662053496877e-12
-3.0753215407028e-12
-3.2999210172625e-12
-3.5413413763394e-12
-3.8008060625687e-12
-4.0796877988594e-12
-4.3796086836595e-12
-4.7020009194763e-12
-5.0489124496523e-12
-5.4217800711542e-12
-5.8228548432826e-12
-6.2542536391848e-12
-6.718496222482e-12
-7.2179975363889e-12
-7.7555030183161e-12
-8.3340951130492e-12
-8.9568625946751e-12
-9.6273982667731e-12
-1.0349305392349e-11
-1.1126886247272e-11
-1.1964356227403e-11
-1.2866571328292e-11
-1.383862326494e-11
-1.4886074478271e-11
-1.6014896340137e-11
-1.7231651994742e-11
-1.8543252693974e-11
-1.9957527292244e-11
-2.1482620917952e-11
-2.3127317807323e-11
-2.4901422252916e-11
-2.6815484838397e-11
-2.8880617154e-11
-3.1109438359465e-11
-3.3515088370599e-11
-3.6111993663009e-11
-3.8915849484946e-11
-4.1943644513664e-11
-4.5213751991057e-11
-4.8746092682698e-11
-5.2562388517149e-11
-5.6686186720942e-11
-6.1142941698546e-11
-6.5960167051197e-11
-7.1168111546453e-11
-7.6799399754007e-11
-8.2889144189453e-11
-8.9476182440786e-11
-9.660180054154e-11
-1.0431189753805e-10
-1.1265558525472e-10
-1.216863069727e-10
-1.314625436665e-10
-1.4204752446228e-10
-1.5350996547601e-10
-1.6592488393305e-10
-1.7937359579723e-10
-1.9394435960995e-10
-2.0973453291543e-10
-2.2684842308273e-10
-2.4540009076043e-10
-2.6551409269591e-10
-2.8732539285682e-10
-3.1098134750076e-10
-3.3664266794132e-10
-3.6448400419534e-10
-3.9469556478308e-10
-4.2748505985458e-10
-4.6307842645088e-10
-5.0172218470243e-10
-5.4368500782139e-10
-5.8925960405905e-10
-6.3876555388848e-10
-6.9255090180333e-10
-7.5099608321849e-10
-8.1451546555284e-10
-8.8356149358383e-10
-9.5862778572203e-10
-1.0402528592689e-09
-1.129025162686e-09
-1.2255871358355e-09
-1.3306398211813e-09
-1.444949278396e-09
-1.5693522282108e-09
-1.7047627730262e-09
-1.8521795878073e-09
-2.0126941715574e-09
-2.1874995925298e-09
-2.3778999714768e-09
-2.5853208992987e-09
-2.8113216651489e-09
-3.0576075545199e-09
-3.3260430345519e-09
-3.6186686402354e-09
-3.937716399793e-09
-4.2856292073957e-09
-4.6650802720647e-09
-5.0789959193391e-09
-5.5305795857913e-09
-6.0233386883272e-09
-6.5611144270725e-09
-7.1481133360038e-09
-7.7889437491524e-09
-8.4886529270587e-09
-9.2527725255133e-09
-1.0087363755039e-08
-1.0999069781053e-08
-1.1995172484752e-08
-1.3083654495359e-08
-1.4273269826153e-08
-1.5573616651777e-08
-1.6995222849195e-08
-1.8549636413473e-08
-2.0249525393318e-08
-2.2108791027817e-08
-2.4142686689128e-08
-2.6367954117812e-08
-2.8802970134174e-08
-3.1467908918479e-08
-3.4384921670667e-08
-3.75783327597e-08
-4.1074857424856e-08
-4.4903840262265e-08
-4.9097518711292e-08
-5.3691312710904e-08
-5.8724144711737e-08
-6.4238791228423e-08
-7.0282272155107e-08
-7.6906277206317e-08
-8.4167638065821e-08
-9.2128848702014e-08
-1.008586391066e-07
-1.1043260707661e-07
-1.2093391651507e-07
-1.3245406733605e-07
-1.4509374380787e-07
-1.5896375307535e-07
-1.7418605880146e-07
-1.9089492291573e-07
-2.0923816620152e-07
-2.2937856017235e-07
-2.5149536381917e-07
-2.75786020598e-07
-3.0246803422087e-07
-3.3178103902198e-07
-3.6398908864737e-07
-3.9938318572277e-07
-4.3828407609595e-07
-4.8104533955796e-07
-5.2805680197851e-07
-5.7974831763389e-07
-6.3659394170422e-07
-6.9911655063573e-07
-7.678929512844e-07
-8.4355953529776e-07
-9.2681853319811e-07
-1.0184449369212e-06
-1.1192941631105e-06
-1.230310533424e-06
-1.3525366667008e-06
-1.4871238778303e-06
-1.6353436945596e-06
-1.7986006148545e-06
-1.9784462405754e-06
-2.1765949365998e-06
-2.3949411854274e-06
-2.6355788225052e-06
-2.9008223585902e-06
-3.1932306210956e-06
-3.5156329697118e-06
-3.8711583712535e-06
-4.2632676519834e-06
-4.6957892779832e-06
-5.1729590601723e-06
-5.6994642148905e-06
-6.2804922749272e-06
-6.921785385121e-06
-7.629700591938e-06
-8.4112767962558e-06
-9.274309118798e-06
-1.0227431516257e-05
-1.1280208572446e-05
-1.2443237509063e-05
-1.3728261567035e-05
-1.5148296050025e-05
-1.6717768470874e-05
-1.8452674401681e-05
-2.0370750822032e-05
-2.2491668962398e-05
-2.483724887308e-05
-2.7431698211787e-05
-3.0301878027594e-05
-3.3477598651148e-05
-3.6991949160356e-05
-4.0881664297192e-05
-4.5187533172173e-05
-4.9954854598611e-05
-5.5233944470669e-05
-6.108070124409e-05
-6.7557236289367e-05
-7.4732576698662e-05
-8.2683449015445e-05
-9.1495153388478e-05
-0.00010126253876018
-0.0001120910909822
-0.00012409814718131
-0.00013741425128485
-0.00015218466741905
-0.00016857106990661
-0.00018675343084926
-0.00020693212882547
-0.00022933030508471
-0.00025419649682918
-0.00028180758077334
-0.00031247206422447
-0.00034653376548535
-0.00038437593049279
-0.0004264258383785
-0.00047315995510823
-0.00052510970166186
-0.00058286791141394
-0.00064709606063399
-0.00071853236642075
-0.00079800085812686
-0.00088642154152413
-0.00098482178986802
-0.0010943491127882
-0.0012162854728674
-0.0013520633410988
-0.0015032837065083
-0.0016717362823552
-0.0018594221820282
-0.0020685793723155
-0.0023017112508379
-0.0025616187385508
-0.0028514363280891
-0.0031746725850707
-0.0035352556631612
-0.0039375844656968
-0.004386586168099
-0.0048877809074038
-0.0054473545494618
-0.0060722405622935
-0.0067702121576187
-0.0075499860137727
-0.0084213390644792
-0.0093952400319885
-0.010483997602963
-0.01170142739481
-0.013063040142778
-0.014586253858787
-0.016290633076681
-0.018198158711476
-0.020333532528824
-0.022724520753147
-0.025402341947528
-0.028402104985403
-0.031763303715084
-0.035530375806067
-0.039753334276148
-0.044488481347672
-0.049799215589491
-0.055756944790994
-0.062442118711755
-0.069945397784612
-0.078368976055519
-0.087828079159438
-0.09845266100327
-0.11038932610613
-0.12380350829462
-0.13888194073549
-0.15583545719089
-0.17490216999572
-0.19635107669132
-0.22048615463176
-0.24765101135717
-0.27823416827631
-0.31267506642468
-0.35147089600649
-0.39518436637824
-0.4444525504328
-0.49999695740923
