-0.4999999977477
-0.44378094220039
-0.39410127154279
-0.35017421636855
-0.31131083761569
-0.27690747076103
-0.24643483040971
-0.21942854948819
-0.19548095875637
-0.1742339393599
-0.15537270430454
-0.13862038461014
-0.12373331296867
-0.11049691239471
-0.098722109964249
-0.088242206582574
-0.078910143058403
-0.070596110801908
-0.063185462394806
-0.056576883257049
-0.050680790791919
-0.045417931844328
-0.04071815315443
-0.03651932281472
-0.032766383616032
-0.029410521658266
-0.026408435758736
-0.0237216950604
-0.021316173863314
-0.019161554109289
-0.017230887171045
-0.015500207658126
-0.013948192874281
-0.012555862363169
-0.011306312677614
-0.010184483115682
-0.0091769486967462
-0.008271737112728
-0.0074581667927981
-0.0067267035716646
-0.0060688337589268
-0.0054769516755938
-0.0049442599587374
-0.0044646811407881
-0.0040327791899278
-0.0036436898556276
-0.0032930588015586
-0.0029769866292493
-0.0026919800021724
-0.0024349081732865
-0.0022029643010428
-0.0019936310109313
-0.0018046497230174
-0.00163399332167
-0.001479841792775
-0.0013405604969617
-0.0012146807854702
-0.0011008826988847
-0.00099797951859195
-0.00090490396698648
-0.00082069587553591
-0.00074449116024024
-0.00067551196204351
-0.00061305782572653
-0.00055649780490946
-0.00050526339331163
-0.00045884219345222
-0.00041677224381392
-0.00037863693416191
-0.00034406044643496
-0.00031270366545466
-0.00028426050978218
-0.00025845463843672
-0.00023503649398597
-0.00021378064677645
-0.00019448340885768
-0.00017696068952673
-0.00016104606741436
-0.00014658905670533
-0.00013345354746499
-0.00012151640216152
-0.00011066619236123
-0.00010080206126252
-9.1832699232369e-05
-8.3675420855124e-05
-7.6255333196953e-05
-6.9504586061577e-05
-6.3361695966455e-05
-5.7770936425777e-05
-5.2681787886883e-05
-4.8048441350666e-05
-4.382935032292e-05
-3.9986826279236e-05
-3.648667333179e-05
-3.3297858208447e-05
-3.0392212061629e-05
-2.7744160967411e-05
-2.5330482296381e-05
-2.3130084421608e-05
-2.1123807476109e-05
-1.9294243111001e-05
-1.7625571401985e-05
-1.6103413239841e-05
-1.4714696704522e-05
-1.3447536070578e-05
-1.2291122226895e-05
-1.1235623410893e-05
-1.0272095268297e-05
-9.3923993442236e-06
-8.5891291997865e-06
-7.8555434273031e-06
-7.185504907035e-06
-6.5734257132159e-06
-6.0142171327206e-06
-5.5032443153913e-06
-5.0362851157264e-06
-4.6094927332663e-06
-4.2193617940424e-06
-3.8626975536888e-06
-3.5365879180214e-06
-3.238378036075e-06
-2.965647210845e-06
-2.7161879185733e-06
-2.4879867397973e-06
-2.279207024023e-06
-2.0881731280785e-06
-1.9133560839025e-06
-1.7533605621424e-06
-1.6069130128809e-06
-1.4728508767135e-06
-1.3501127658658e-06
-1.2377295287519e-06
-1.1348161151409e-06
-1.0405641702101e-06
-9.5423529198141e-07
-8.7515488857467e-07
-8.027065856312e-07
-7.3632712926084e-07
-6.7550174267973e-07
-6.1975989572504e-07
-5.6867144761692e-07
-5.2184313174933e-07
-4.7891535100304e-07
-4.3955925510894e-07
-4.0347407595782e-07
-3.7038469681198e-07
-3.4003943540012e-07
-3.1220802000297e-07
-2.8667974482121e-07
-2.6326178546216e-07
-2.4177766050515e-07
-2.2206582936014e-07
-2.0397841037281e-07
-1.8738001077801e-07
-1.7214665934724e-07
-1.5816482931106e-07
-1.4533054889589e-07
-1.3354858551823e-07
-1.2273170291111e-07
-1.1279998147845e-07
-1.0368019578659e-07
-9.5305248751961e-08
-8.7613651552973e-08
-8.054904911265e-08
-7.4059786665645e-08
-6.8098512723422e-08
-6.2621816683556e-08
-5.7589896653953e-08
-5.296625619792e-08
-4.8717426334355e-08
-4.4812711874032e-08
-4.1223958321838e-08
-3.7925340090638e-08
-3.4893164333598e-08
-3.210569419218e-08
-2.9542984755562e-08
-2.7186733289431e-08
-2.5020144208898e-08
-2.3027801828633e-08
-2.1195556129573e-08
-1.9510418104114e-08
-1.7960463688707e-08
-1.6534744679446e-08
-1.5223208713397e-08
-1.4016624991258e-08
-1.2906516169392e-08
-1.1885096853045e-08
-1.0945215493615e-08
-1.0080303314751e-08
-9.2843256701572e-09
-8.5517385658409e-09
-7.8774479256191e-09
-7.2567730183131e-09
-6.6854126579412e-09
-6.1594138300163e-09
-5.6751432002792e-09
-5.2292615035595e-09
-4.8186990407869e-09
-4.4406336359237e-09
-4.0924715575015e-09
-3.7718264445192e-09
-3.4765051238282e-09
-3.2044908170489e-09
-2.9539286186666e-09
-2.7231124243903e-09
-2.5104732780878e-09
-2.3145676241751e-09
-2.1340680763757e-09
-1.9677530976834e-09
-1.8144987148639e-09
-1.6732709454551e-09
-1.5431187985886e-09
-1.4231664650545e-09
-1.3126082838595e-09
-1.2107026953718e-09
-1.1167672657034e-09
-1.0301737316118e-09
-9.5034369418116e-10
-8.7674486682547e-10
-8.0888720708444e-10
-7.4631924706528e-10
-6.8862567280347e-10
-6.3542374092354e-10
-5.8636123664452e-10
-5.4111365597835e-10
-4.9938212381175e-10
-4.6089140446605e-10
-4.2538796195226e-10
-3.9263807711765e-10
-3.6242709781579e-10
-3.3455630221034e-10
-3.0884342790926e-10
-2.8512002358212e-10
-2.632312129635e-10
-2.4303399576771e-10
-2.243965972277e-10
-2.0719801702393e-10
-1.9132620798624e-10
-1.7667809996146e-10
-1.6315878871942e-10
-1.5068069762256e-10
-1.3916298026801e-10
-1.2853131246391e-10
-1.1871705116496e-10
-1.0965683587304e-10
-1.012925789516e-10
-9.3570146245973e-11
-8.6440221238078e-11
-7.9856995303902e-11
-7.3778223443721e-11
-6.8164875626177e-11
-6.298135567219e-11
-5.8194330343371e-11
-5.3773416040778e-11
-4.9690191427972e-11
-4.5918976007362e-11
-4.2435796671636e-11
-3.9218272348678e-11
-3.6246144721971e-11
-3.3500547103598e-11
-3.0964141773297e-11
-2.8620942418805e-11
-2.6456026469419e-11
-2.4455869285108e-11
-2.260775198232e-11
-2.0900068940977e-11
-1.9322087100208e-11
-1.7864021932448e-11
-1.6516802114165e-11
-1.527146793147e-11
-1.4120541813219e-11
-1.3056902750046e-11
-1.2073800058353e-11
-1.1165158202889e-11
-1.0325255675852e-11
-9.5484806567805e-12
-8.8308305824876e-12
-8.1673009336202e-12
-7.5540177930341e-12
-6.9869484692052e-12
-6.4627102470706e-12
-5.9780125015936e-12
-5.5297327671969e-12
-5.1153588334674e-12
-4.7321769020751e-12
-4.3779042909557e-12
-4.0502660116307e-12
-3.74717880247e-12
-3.4669412325827e-12
-3.2077782293977e-12
-2.9680538935158e-12
-2.7463399547361e-12
-2.5410886952933e-12
-2.3513420466515e-12
-2.1759159885899e-12
-2.0136535427257e-12
-1.863531032358e-12
-1.7246216311226e-12
-1.5960861994487e-12
-1.4772120308962e-12
-1.3673173508512e-12
-1.2655754060938e-12
-1.1714142390371e-12
-1.0843581116698e-12
-1.0037394885468e-12
-9.2914813567861e-13
-8.6012697245219e-13
-7.9624328862893e-13
-7.3716936612181e-13
-6.824989908576e-13
-6.3183283900432e-13
-5.8502758791276e-13
-5.4172551281983e-13
-5.0161739708001e-13
-4.6449651307259e-13
-4.3010371193698e-13
-3.9826509727382e-13
-3.6882633532992e-13
-3.4164804007864e-13
-3.164516605852e-13
-2.9309237532612e-13
-2.7140342120168e-13
-2.5135842527133e-13
-2.3290164894071e-13
-2.1578922628363e-13
-1.9986235781757e-13
-1.85150537793e-13
-1.7152056631923e-13
-1.5895976211546e-13
-1.4714404225737e-13
-1.3633607762809e-13
-1.2633793115257e-13
-1.1704869099828e-13
-1.0840251675931e-13
-1.0041094807593e-13
-9.3029584185986e-14
-8.6216017925072e-14
-7.9855108164223e-14
-7.3998276455457e-14
-6.8605544251178e-14
-6.3519623696198e-14
-5.8887284392875e-14
-5.4565554006332e-14
-5.0568428945695e-14
-4.6831753634239e-14
-4.3338455836982e-14
-4.0175995564325e-14
-3.7215390183388e-14
-3.4055565120534e-14
-3.1567584474573e-14
-2.9221300839587e-14
-2.7044231423876e-14
-2.5087694578964e-14
-2.3119085816136e-14
-2.1399472244018e-14
-1.9792641831584e-14
-1.8289642677354e-14
-1.6976525503667e-14
-1.562802955453e-14
-1.4383783424292e-14
-1.3407202850823e-14
-1.2410437652098e-14
-1.1501915406862e-14
-1.0589609525806e-14
-9.7195946506767e-15
-8.9837693778577e-15
-8.3259495655772e-15
-7.6415401379463e-15
-7.0469144361961e-15
-6.4685621890981e-15
-6.0224980266805e-15
-5.5032633224531e-15
-5.0114967648339e-15
-4.6115256031431e-15
-4.2772719403811e-15
-3.9329938025294e-15
-3.5727025002005e-15
-3.2375516363552e-15
-2.9541542498352e-15
-2.7325950391449e-15
-2.527368616495e-15
-2.3037936422617e-15
-1.9904929178125e-15
-1.8357797835506e-15
-1.6730371025776e-15
-1.5726157613654e-15
-1.4185260237801e-15
-1.2219253250352e-15
-1.1634813946662e-15
-1.0730143947388e-15
-8.7184332823015e-16
-8.4676333749833e-16
-7.4767267832746e-16
-6.5176504148247e-16
-5.5392420536397e-16
-5.2055141688011e-16
-4.5664321592658e-16
-3.7565241747254e-16
-3.4878694349347e-16
-2.6067691338271e-16
-2.6426634015459e-16
-1.9772138151583e-16
-1.5377453499659e-16
-1.1941238788667e-16
-1.0155440255911e-16
-5.1646943647241e-17
-7.1374615116563e-17
-4.8429841318996e-17
-6.6357776587951e-17
3.8185539724772e-17
4.0619083491312e-17
5.3464187451601e-18
-2.2533211677537e-17
5.7412642829184e-19
4.1046691591665e-17
-1.5526135929412e-18
3.1922997965302e-17
7.069780263318e-17
3.3749449561719e-17
5.9506699057458e-17
-8.6441062658827e-17
-1.2027251975939e-16
-1.7391600652633e-16
-8.465681502927e-17
-7.4246494420605e-17
-1.2914853964466e-16
-1.2379674237205e-16
-4.1165628236833e-17
-7.6588809886366e-17
-9.1479108196032e-17
-1.4087833476032e-16
-6.0921159248102e-17
-1.3501682768956e-16
-8.3382905874809e-17
-2.6975683213325e-17
-2.7729393635609e-17
-8.2014695630288e-17
-2.1150042728995e-17
-2.137931447314e-16
-2.2104837611783e-16
-2.6689877466563e-16
-2.7221032259577e-16
-2.7623666647388e-16
-1.9992054142712e-16
-2.3997991827187e-16
-2.9537689005436e-16
-2.6746775913368e-16
-2.2710240130811e-16
-2.5575093567466e-16
-2.4981157611893e-16
-2.7388860814605e-16
-2.7714962551273e-16
-2.6547861957816e-16
-1.842350325948e-16
-2.7833170177646e-16
-2.5280114724235e-16
-2.4102534587733e-16
-2.5972545480118e-16
-3.1713556662166e-16
-2.4514232638203e-16
-2.4627323742972e-16
-2.3254553825135e-16
-2.4413065144239e-16
-2.6276432808406e-16
-2.1357849627563e-16
-2.0103369376957e-16
-1.7828001233798e-16
-1.617927866834e-16
-1.7065628877095e-16
-2.0835582173808e-16
-1.2045560471498e-16
-1.9723568729964e-16
-1.2438475911803e-16
-1.3316688588641e-16
-1.8035811554784e-16
-1.2371458506101e-16
-2.4623614436839e-16
-1.4257097128402e-16
-1.7382912624271e-16
-1.3151321386207e-16
-1.3304753534722e-16
-1.5230324749346e-16
-1.975605704243e-16
-1.4048098263431e-16
-1.3797701618012e-16
-1.8775502140463e-16
-1.5680396542418e-16
-1.1708162558606e-16
-1.0899853646906e-16
-1.1707593102234e-16
-1.0865472119285e-16
-7.6487560123034e-17
-1.3110519310277e-16
-7.8959311996743e-17
-1.3040244096012e-16
-1.2141621434146e-16
-1.2829392291962e-16
-1.5187469235123e-16
-1.9282395914537e-16
-4.6480662889556e-17
-9.7671264676093e-17
-1.4063093903695e-16
-7.4919370747231e-17
-1.2994192234011e-16
-6.9805293735783e-17
-1.2177558377284e-16
-5.80155461932e-17
1.8214736711383e-17
-5.8087713585099e-17
-5.9111817867639e-17
-1.2413178691806e-18
-1.1568078711187e-16
-4.4693328953221e-17
-1.6977908788106e-16
-1.1780089907139e-16
-6.8062927924713e-17
-4.4743516469332e-17
-8.2107122807498e-17
-1.489078134862e-16
-6.3290864044806e-17
-1.8494542821819e-16
-1.145448224716e-16
-1.0984772737206e-16
-1.2568958874583e-16
-1.0811624095789e-16
-1.2546425402186e-16
-1.3307970590081e-16
-1.5339469983703e-16
-1.3214017207021e-16
-1.8421500720773e-16
-1.4403994988436e-16
-1.3479693303256e-16
-1.7997770116213e-16
-5.4146514672642e-17
-8.2743264882487e-17
-1.6484588050924e-16
-1.0658770899339e-16
-4.7888436380029e-17
-1.2349686642433e-16
-1.7824111297021e-16
-1.438195302866e-16
-1.055676877972e-16
-1.4461802783996e-16
-1.4904498278256e-16
-1.9353967569175e-16
-1.1104584037769e-16
-1.2746234781337e-16
-5.1723798954097e-18
-5.5673570610756e-17
-1.0449252116164e-17
-3.0514933294287e-17
3.2534182066012e-17
-6.5866809904906e-17
-3.1890608677995e-17
6.0303571288453e-17
1.0378708385575e-17
4.3896000996139e-17
6.1607173532575e-17
7.0734580143257e-17
7.1182018738179e-17
9.4130447380437e-17
5.880990826951e-18
5.1516354794522e-18
8.3183702623773e-17
3.8700263758857e-17
8.6320822925885e-17
9.9086761238058e-17
6.0229442189415e-17
5.1283747944761e-17
4.4991284099234e-17
9.4169118536433e-17
5.5865341844085e-17
7.0729212467473e-17
6.1848596122467e-17
1.114097070894e-16
4.5786646535032e-17
1.2611049642608e-16
6.574546984745e-17
7.8929348105301e-17
8.0261156245954e-17
2.3440190429539e-17
8.5105211114038e-17
4.7550395743223e-17
4.0923392352725e-17
2.2665853943603e-17
6.4489819492771e-17
6.5291441216563e-17
1.8935996018563e-17
-5.8332775813772e-17
-3.1332865268566e-17
-5.3085023988143e-17
-8.2142980660744e-17
-2.0672620391134e-16
-1.2513393180275e-16
-1.8398279188919e-16
7.7835384475846e-17
-2.7283596110678e-17
-6.507872658158e-17
-1.2590018312507e-16
-1.4888912797145e-16
-2.7952751147716e-16
-2.3439030807633e-16
-3.4686643453333e-16
-4.0764105894799e-16
-4.8125876277068e-16
-4.1786792314253e-16
-5.6228903236632e-16
-6.5270375146237e-16
-7.7925686321794e-16
-7.8107920523395e-16
-9.5769461330573e-16
-1.0860805017861e-15
-1.235908605495e-15
-1.3744668990205e-15
-1.5442265693076e-15
-1.6823449737707e-15
-1.9135660984379e-15
-2.0725100388173e-15
-2.2586759035945e-15
-2.551579005024e-15
-2.6995282931774e-15
-2.9916854693017e-15
-3.1783383095972e-15
-3.4984230504334e-15
-3.8298897365252e-15
-4.2081136376481e-15
-4.55236237633e-15
-4.9046056842758e-15
-5.3452981450285e-15
-5.7778546874235e-15
-6.3086351351191e-15
-6.8300357981187e-15
-7.365011098706e-15
-7.9050929826575e-15
-8.6741322191015e-15
-9.2938684809225e-15
-9.9954665771799e-15
-1.0910394265958e-14
-1.1793721251653e-14
-1.2781161016462e-14
-1.3808821830637e-14
-1.4924569971392e-14
-1.6098627192067e-14
-1.7361974212996e-14
-1.8739466018316e-14
-2.0188800406449e-14
-2.1772460712267e-14
-2.3567496907136e-14
-2.5388436075747e-14
-2.7323571179474e-14
-2.9563942795843e-14
-3.1897822627646e-14
-3.4352942697294e-14
-3.7534274776883e-14
-4.039853940465e-14
-4.351510355709e-14
-4.6975951501402e-14
-5.0617525410069e-14
-5.4633699427242e-14
-5.8908979688443e-14
-6.355225375604e-14
-6.8594151588791e-14
-7.3995537232226e-14
-7.9838131603778e-14
-8.6085857610995e-14
-9.2866914008331e-14
-1.0033148318235e-13
-1.0828286102536e-13
-1.1682018353e-13
-1.2610868125315e-13
-1.3612068677703e-13
-1.4701799796701e-13
-1.586050884762e-13
-1.7132920063934e-13
-1.8492284426889e-13
-1.9971150726952e-13
-2.1556686953692e-13
-2.3271450926571e-13
-2.516712188123e-13
-2.718425156171e-13
-2.9339152175015e-13
-3.1685982519057e-13
-3.4216610584465e-13
-3.6944942041039e-13
-3.9890984917006e-13
-4.3076835143986e-13
-4.6514164509876e-13
-5.0236803761106e-13
-5.4255394167594e-13
-5.8600437120029e-13
-6.3287183424587e-13
-6.8357008173303e-13
-7.3828968486963e-13
-7.9745455090739e-13
-8.6148224453849e-13
-9.3046269998656e-13
-1.0051050134962e-12
-1.0857439321315e-12
-1.1729317115724e-12
-1.2671942042946e-12
-1.369056106564e-12
-1.4790458599939e-12
-1.5980550779018e-12
-1.726646962009e-12
-1.8656331966059e-12
-2.015807019295e-12
-2.1781888762356e-12
-2.3537537932862e-12
-2.5435433206673e-12
-2.748619455561e-12
-2.9704358324693e-12
-3.2102886315654e-12
-3.4696461146804e-12
-3.7499953331963e-12
-4.0532015756763e-12
-4.3810181711063e-12
-4.7355345843617e-12
-5.1189760840226e-12
-5.5335871454997e-12
-5.9819742085976e-12
-6.4669669658926e-12
-6.9914452088699e-12
-7.5587406817498e-12
-8.1723754475734e-12
-8.8360846556229e-12
-9.5541429304267e-12
-1.0330844651124e-11
-1.1171313862688e-11
-1.2080357887503e-11
-1.3063857940419e-11
-1.412787982654e-11
-1.5279239267199e-11
-1.6524998813875e-11
-1.7872938160175e-11
-1.9331600376915e-11
-2.0910037759576e-11
-2.2618262148054e-11
-2.4466853220622e-11
-2.6467704266561e-11
-2.8633229362639e-11
-3.0977201723028e-11
-3.3514374123652e-11
-3.6260779156956e-11
-3.9233782604091e-11
-4.2452253618044e-11
-4.5936511612837e-11
-4.9708840940988e-11
-5.379313571594e-11
-5.8215247142636e-11
-6.3003472655065e-11
-6.8188426501622e-11
-7.3802968319508e-11
-7.9883334735105e-11
-8.6468236084075e-11
-9.359984605471e-11
-1.0132397062897e-10
-1.0969021061432e-10
-1.1875234290217e-10
-1.2856867576098e-10
-1.3920252904911e-10
-1.5072257685968e-10
-1.632032226045e-10
-1.7672503580449e-10
-1.9137583650273e-10
-2.0725063203592e-10
-2.2445221372354e-10
-2.430927790268e-10
-2.6329320429354e-10
-2.8518569014208e-10
-3.0891285439049e-10
-3.3462967465235e-10
-3.6250459282228e-10
-3.9272017243137e-10
-4.2547450552281e-10
-4.6098286561352e-10
-4.9947872578518e-10
-5.4121528459903e-10
-5.8646875363293e-10
-6.3553743176919e-10
-6.8874570446953e-10
-7.464462295315e-10
-8.090213055643e-10
-8.7688645576117e-10
-9.5049326371047e-10
-1.0303317338269e-09
-1.1169341009894e-09
-1.2108789071716e-09
-1.3127942763191e-09
-1.4233628373028e-09
-1.54332618448e-09
-1.673489871334e-09
-1.8147296266609e-09
-1.9679966177607e-09
-2.1343252730636e-09
-2.3148391998448e-09
-2.5107599922175e-09
-2.7234153409722e-09
-2.9542483040864e-09
-3.2048282536071e-09
-3.4768613770601e-09
-3.7722023693315e-09
-4.09286837644e-09
-4.4410528917393e-09
-4.819141419137e-09
-5.2297283739004e-09
-5.6756357951394e-09
-6.1599335698778e-09
-6.6859612180706e-09
-7.2573517563087e-09
-7.8780584783921e-09
-8.5523829753656e-09
-9.2850055578487e-09
-1.0081020576813e-08
-1.0945972096412e-08
-1.1885894973801e-08
-1.290735815247e-08
-1.4017513025395e-08
-1.5224145370877e-08
-1.6535732399783e-08
-1.7961505365649e-08
-1.9511516656679e-08
-2.1196714828131e-08
-2.3029023535272e-08
-2.5021432375586e-08
-2.7188091176248e-08
-2.9544415824683e-08
-3.2107202847834e-08
-3.4894754188954e-08
-3.7927015888111e-08
-4.1225724633785e-08
-4.4814573322952e-08
-4.8719388278771e-08
-5.2968323366237e-08
-5.7592074932003e-08
-6.2624111616116e-08
-6.8100930461595e-08
-7.406233372908e-08
-8.0551732230787e-08
-8.7616477851042e-08
-9.5308225594165e-08
-1.0368333091638e-07
-1.1280328311741e-07
-1.2273518009631e-07
-1.335522469145e-07
-1.4533440405536e-07
-1.5816888795399e-07
-1.7215093201019e-07
-1.8738450886925e-07
-2.0398314520614e-07
-2.220708130811e-07
-2.4178290585461e-07
-2.6326730571156e-07
-2.866855540887e-07
-3.1221413297465e-07
-3.4004586746278e-07
-3.7039146427004e-07
-4.0348119560255e-07
-4.3956674479127e-07
-4.7892322935871e-07
-5.2185141832529e-07
-5.686801629564e-07
-6.197690611459e-07
-6.7551138071805e-07
-7.3633726351274e-07
-8.0271724080915e-07
-8.7516609055789e-07
-9.5424706787801e-07
-1.0405765495215e-06
-1.1348291263865e-06
-1.2377432032324e-06
-1.3501271360827e-06
-1.4728659768474e-06
-1.6069288785075e-06
-1.753377230749e-06
-1.9133735947188e-06
-2.0881915216438e-06
-2.2792263434103e-06
-2.4880070298305e-06
-2.7162092258406e-06
-2.9656695843236e-06
-3.238401527118e-06
-3.5366125800126e-06
-3.8627234426895e-06
-4.2193889686407e-06
-4.6095212534168e-06
-5.0363150461914e-06
-5.5032757230402e-06
-6.0142500871818e-06
-6.5734602873149e-06
-7.185541176879e-06
-7.8555814722537e-06
-8.5891691025345e-06
-9.3924411916609e-06
-1.0272139150554e-05
-1.1235669422193e-05
-1.2291170465368e-05
-1.3447586638637e-05
-1.4714749709144e-05
-1.6103468792223e-05
-1.7625629618622e-05
-1.9294304112916e-05
-2.1123871389521e-05
-2.3130151378094e-05
-2.5330552432718e-05
-2.7744234426325e-05
-3.0392288992193e-05
-3.329793876526e-05
-3.6486757675967e-05
-3.998691457838e-05
-4.3829442751564e-05
-4.8048538090572e-05
-5.2681889126222e-05
-5.7771042361266e-05
-6.3361806801959e-05
-6.950470200936e-05
-7.6255454477863e-05
-8.3675547698276e-05
-9.1832831875946e-05
-0.0001008021999534
-0.00011066633735705
-0.00012151655372849
-0.00013345370587978
-0.00014658922225583
-0.00016104624039891
-0.00017696087025465
-0.00019448359764963
-0.0002137808439649
-0.00023503669991565
-0.00025845485346478
-0.00028426073427896
-0.00031270389980325
-0.00034406069103204
-0.00037863718941847
-0.00041677251015471
-0.00045884247131738
-0.00050526368315552
-0.0005564981072025
-0.00061305814095425
-0.0006755122907093
-0.00074449150286199
-0.00082069623264945
-0.00090490433914373
-0.00099797990636357
-0.0011008831028584
-0.0012146812062526
-0.0013405609351772
-0.0014798422490676
-0.0016339937967011
-0.0018046502174694
-0.0019936315255047
-0.0022029648364583
-0.0024349087302839
-0.0026919805815106
-0.0029769872317068
-0.0032930594279334
-0.003643690506736
-0.0040327798666054
-0.004464681843888
-0.0049442606891319
-0.0054769524341718
-0.0060688345465912
-0.0067267043893342
-0.0074581676414056
-0.0082717379932171
-0.0091769496100707
-0.010184484062806
-0.011306313659503
-0.012555863380793
-0.013948193928607
-0.015500208750115
-0.017230888301648
-0.019161555279443
-0.021316175073928
-0.023721696312359
-0.026408437052888
-0.029410522995414
-0.03276638499693
-0.036519324240058
-0.040718154624833
-0.045417933360347
-0.050680792354029
-0.056576884865654
-0.063185464050247
-0.070596112504485
-0.078910144808424
-0.088242208380424
-0.098722111810503
-0.11049691429032
-0.12373331491519
-0.13862038661017
-0.15537270636219
-0.17423394148166
-0.19548096095218
-0.219428551773
-0.24643483280569
-0.27690747330061
-0.31131084034576
-0.35017421935629
-0.39410127488359
-0.4437809460288
-0.50000000225225
