   1.0901728e-04
  -3.5870323e-05
  -1.2992763e-05
   7.3373752e-05
   1.2033157e-05
   1.1363313e-04
  -6.8677312e-05
   4.7168286e-05
   2.8834247e-05
   1.3918548e-04
  -1.3455020e-04
   7.4740619e-08
   5.3494808e-06
  -2.3419052e-04
   1.2480951e-04
   2.8092319e-04
  -2.3218486e-05
   2.8703215e-05
  -4.6460449e-05
   3.8431778e-05
  -3.7982752e-05
  -1.0177823e-05
   1.6181511e-04
  -8.4722988e-05
  -5.7588318e-05
  -7.5913128e-06
  -1.3247159e-05
   1.4393097e-04
   2.0312629e-04
  -9.7820161e-05
  -6.4102367e-05
   5.2047567e-05
  -3.8070000e-05
   1.9928519e-04
   1.6358702e-04
   5.5901889e-05
   5.6363758e-05
  -3.3839662e-05
   7.6364737e-05
   1.1274423e-04
   1.4157117e-05
   1.9281341e-04
   6.7063791e-05
  -1.1011124e-05
   3.7096226e-05
   1.0965947e-04
  -3.9816311e-05
  -8.5462551e-06
   2.3732874e-04
  -4.7392102e-05
   9.4634086e-05
   8.1816158e-05
   1.5889709e-04
   5.2601200e-05
  -2.4651976e-04
  -8.5252794e-05
   5.1173541e-05
   2.5777491e-05
   1.9624474e-04
   1.4063149e-04
   4.9683373e-05
   8.2830562e-06
  -1.5484779e-04
   1.8631596e-04
   1.3402662e-05
  -1.5460026e-04
   4.3328240e-05
   1.0295422e-05
  -5.7034610e-05
   4.9306216e-05
  -7.0751321e-05
  -1.3480250e-04
  -1.7543015e-04
  -3.6380895e-05
  -6.2709401e-05
   4.4015025e-05
  -1.5026411e-04
  -2.0823544e-05
  -1.5051255e-04
   1.8097408e-04
  -1.1697257e-05
   1.2262090e-04
   4.9494314e-05
   9.0859485e-05
  -1.1542188e-04
   1.2575555e-04
   1.4525324e-04
  -2.0768115e-04
  -1.7648800e-05
  -6.5208219e-05
   1.5653380e-05
  -8.5022579e-05
   2.7904592e-05
   5.9709373e-05
   2.4471671e-05
  -1.1834651e-05
  -1.2894079e-04
   5.7563642e-06
  -5.2093289e-05
  -1.2790269e-04
  -5.6227232e-06
  -2.0968028e-05
   1.9210156e-05
   9.9233229e-05
   5.7624419e-05
   1.3057838e-04
  -7.2930583e-05
  -8.6457469e-05
  -9.4920991e-06
   1.3832139e-04
   1.3036814e-04
  -1.2581218e-05
  -5.9687378e-05
  -1.5206463e-04
   6.7184160e-05
   2.2844290e-06
  -1.1777886e-04
  -3.3457816e-05
  -1.8294552e-04
   4.2998960e-05
  -1.7399346e-05
   1.6312424e-04
  -1.3594280e-04
   9.7050668e-05
   1.4363981e-05
   8.2603591e-06
   7.1666401e-05
   1.1934839e-04
  -1.0710619e-04
   1.3189022e-04
  -1.2100031e-04
  -1.0741149e-04
  -6.7256008e-05
   7.3646218e-05
  -1.0699607e-04
   3.3471512e-05
   4.1188260e-05
   1.5412019e-05
   5.5457070e-05
  -1.1728457e-04
   1.0075867e-04
   1.1352028e-05
   7.3005087e-05
  -9.8351178e-05
   5.2031557e-06
   8.7759937e-05
   1.0141410e-04
  -8.4348411e-06
  -1.8535316e-04
  -1.0968207e-04
   2.1862763e-05
   7.9424585e-05
   4.6312419e-05
  -6.1263002e-05
   2.2443998e-04
   7.2347608e-06
   8.6551440e-05
  -4.1569647e-05
  -1.1149381e-04
   6.8525243e-05
   1.0376732e-04
   1.8222115e-04
  -5.2898849e-05
  -1.6279667e-04
   1.6173024e-04
   2.6413674e-05
  -1.1271462e-04
  -5.5917586e-05
  -8.0884516e-05
   1.1610043e-04
   5.9210527e-05
   2.4274766e-05
   2.4047748e-05
  -8.2150040e-05
   9.9311213e-05
   3.4639472e-05
  -2.6113353e-05
  -1.8471291e-05
  -1.0173500e-05
  -8.8704314e-05
   7.4137710e-05
   1.3922079e-04
   2.4739003e-04
   5.0391924e-05
  -8.2248055e-05
   2.0098187e-05
  -1.0070525e-04
  -6.1317156e-05
  -6.5896339e-05
  -8.3322933e-05
   3.7817930e-05
  -1.1153426e-04
   6.6724135e-05
   7.9533280e-05
   1.0374919e-04
  -2.0431193e-06
   6.1895309e-05
   1.8030635e-04
   5.2993311e-06
  -1.7789009e-05
   1.7724826e-04
  -2.5088036e-04
  -4.5658919e-05
   2.4303775e-04
  -4.7145409e-05
  -5.6032849e-05
  -1.2264674e-04
   7.9295036e-05
  -2.1099404e-04
  -7.9939513e-05
   5.6697509e-05
  -1.4428989e-07
   6.2392467e-05
   1.2644083e-05
   6.8086779e-05
  -1.2874159e-04
   2.1808485e-05
  -1.5665671e-04
   7.8328193e-05
  -3.1056991e-05
   6.5532441e-05
  -5.3746736e-05
   3.2864340e-05
   1.0540720e-04
  -1.9796993e-04
  -1.8673882e-04
  -1.8323557e-04
   8.4859212e-05
   4.0518726e-05
  -7.0245604e-05
   1.4990460e-04
   1.3779487e-05
  -1.5868214e-04
  -1.0191455e-04
  -1.3852337e-04
   9.5488643e-05
  -6.0112032e-05
  -1.1718908e-04
  -5.7711031e-05
  -8.3643052e-05
   8.5296953e-05
   4.7733118e-05
   3.0232007e-05
   4.1577619e-05
   4.2974829e-06
  -9.4885323e-05
   5.4160837e-05
  -8.2112826e-05
  -1.0719050e-04
  -1.0740916e-04
   8.6955281e-05
   9.8105141e-05
  -1.7588254e-04
  -1.4809596e-05
   2.5194175e-05
  -6.1038463e-05
   7.6097981e-05
   2.5442950e-05
  -1.5283368e-05
  -5.5741088e-05
   6.7701766e-05
   8.4929744e-05
   4.6930718e-05
  -2.3978170e-05
   9.2098545e-05
  -9.0688138e-05
   1.4444061e-05
   1.3964090e-04
  -1.8969876e-05
  -8.4383589e-05
   1.9434380e-04
  -2.4692154e-05
   4.4161916e-05
  -8.0361148e-05
   2.8760943e-05
   4.6701809e-05
   4.5616096e-07
   3.2609036e-05
   1.2045867e-04
  -1.4041158e-04
   2.0556356e-05
  -1.9911958e-04
   2.8408934e-06
   1.9305154e-04
   9.4113679e-05
  -6.9244513e-07
  -3.3824165e-05
   5.2826578e-05
   1.0568996e-04
   1.4740617e-06
   1.6147613e-04
  -8.1585496e-05
  -1.9977591e-04
  -7.4819141e-05
  -1.9930402e-05
  -3.7276008e-05
  -8.4737116e-05
   1.3372380e-04
  -1.6163173e-04
  -4.9181759e-05
  -9.6930157e-05
  -4.7410792e-05
  -6.6616383e-05
   4.7837468e-05
  -1.0410581e-04
  -8.2065909e-05
   1.0112961e-05
   1.0839825e-04
  -1.8545272e-04
   1.7997528e-04
  -8.7837431e-05
   6.4773273e-05
   1.0495650e-04
   1.3230934e-04
  -5.1735897e-05
   2.4314950e-06
  -1.6236687e-05
  -6.0566109e-05
   2.7170976e-05
   3.5864341e-05
  -3.5231512e-05
   1.3235993e-05
   2.6735818e-04
  -7.5660754e-07
   7.1030294e-05
  -4.6253936e-05
  -5.2787790e-05
  -3.4578707e-05
   5.6455777e-05
  -8.0153914e-05
  -1.8529468e-04
   5.3216017e-06
  -4.3641522e-05
   2.8000747e-05
   8.4605887e-06
   7.2911906e-05
   9.0075310e-05
  -1.3256383e-04
  -1.5245788e-04
   5.0243333e-05
   3.0639143e-05
  -9.3916047e-05
   1.2374021e-04
   3.3011915e-06
   1.2356832e-05
   2.7393938e-05
   7.5416581e-05
   1.5244975e-04
  -2.6197576e-05
  -1.7306835e-04
   1.0134643e-04
  -9.2773610e-05
   1.2436803e-04
  -5.8948870e-05
   1.4914817e-04
  -8.0597809e-05
  -1.1125991e-04
   9.5693957e-05
  -1.3630516e-04
   6.8058496e-05
   4.3782362e-05
  -1.4326755e-05
  -3.4153250e-05
   2.0578106e-04
  -3.7453504e-05
  -1.9020320e-05
  -9.3873241e-05
  -8.1346236e-05
  -5.8361875e-05
   1.7095254e-04
  -3.9041982e-05
  -6.9006536e-05
  -4.4822070e-05
   7.1437635e-05
  -1.3157312e-04
   6.2712210e-05
  -1.3312948e-04
  -1.3084815e-05
  -1.8268962e-04
   5.3592247e-05
   6.9286472e-05
  -6.8754976e-05
   3.1757576e-05
   1.6284234e-05
   1.1591159e-04
   1.2838806e-05
   1.0394581e-04
  -1.1677114e-05
  -6.4829691e-05
  -3.7981205e-06
  -1.9932482e-05
   8.8166987e-05
  -5.6144071e-06
  -8.4123887e-05
  -1.5484384e-05
   1.1885947e-04
  -4.1490728e-05
  -6.5861676e-05
   9.8399067e-05
   1.0122749e-05
  -3.6270582e-05
  -7.3882783e-05
  -1.4798424e-04
   1.5337175e-05
  -3.1701747e-05
   3.1891825e-05
  -1.4565466e-04
   1.3218345e-04
   4.8720394e-05
  -1.5666262e-04
   1.0570596e-04
  -5.8757780e-05
   3.0222162e-05
   2.1946239e-05
  -8.7820110e-05
  -2.8613998e-04
   5.3555530e-05
  -3.4203731e-05
  -5.9785885e-05
   4.1891271e-05
  -6.8968072e-05
   6.7119104e-05
   1.5089746e-05
  -9.9131888e-05
   8.3682995e-05
   4.7450897e-05
   1.2521659e-04
  -8.9262266e-05
  -8.9527423e-05
   3.1332593e-05
   6.6703316e-05
   8.2811655e-05
   6.5092782e-07
  -2.3589220e-05
   6.5282109e-05
   1.9645325e-04
   8.8458417e-05
   8.4536957e-06
  -5.7451406e-05
   4.9975063e-05
  -4.8410448e-05
   2.3844564e-05
   7.7824819e-05
   9.2427293e-05
   5.8813791e-05
   1.3779343e-04
   1.8512049e-04
  -1.8976648e-04
  -1.7786842e-04
  -9.2264124e-05
  -1.9979271e-04
  -3.5710006e-05
  -3.3640076e-05
   2.5042600e-05
   2.8616190e-05
  -6.8616857e-05
  -8.1331449e-05
   7.9340256e-05
  -3.8194525e-05
  -1.3712042e-04
   1.0307454e-06
   2.0413205e-05
  -4.1102551e-05
   6.6356118e-05
   2.2578214e-05
  -2.1284311e-05
  -4.4034571e-06
   4.5818182e-05
  -4.4141738e-05
  -1.0549467e-04
  -1.5558426e-05
   1.2914786e-05
   5.0942833e-05
  -3.0123529e-06
  -4.5736495e-05
   5.9633563e-05
  -1.1352845e-05
   8.0702442e-05
  -8.9802740e-06
  -6.2921252e-07
  -9.1860671e-06
  -9.2123828e-05
  -9.2695153e-05
  -9.6122067e-05
   1.7848298e-04
  -2.0018899e-05
   9.4041165e-05
   3.4915634e-05
   1.8592803e-04
   9.2707197e-05
  -1.2269638e-04
  -3.2723914e-05
   8.9164640e-05
   2.8818558e-05
   2.2651954e-04
  -4.7890330e-06
  -1.5518641e-04
   4.4408331e-05
  -9.1181888e-05
   4.9434648e-06
   1.0780459e-04
   3.0817876e-05
   2.9963854e-05
  -1.9721846e-05
  -1.4642243e-05
  -1.0307087e-05
  -2.7989819e-04
   3.9327518e-05
   9.9024715e-05
  -1.2976329e-04
  -1.5219684e-04
   6.2101131e-05
  -1.5075226e-04
  -1.6794021e-04
   7.8897620e-05
  -6.5428236e-05
   1.2449030e-04
  -1.2922644e-04
  -6.1435247e-05
   2.4169521e-05
   5.4934915e-05
   4.6763432e-05
   1.9145700e-05
  -2.2980496e-05
  -5.7921684e-05
   4.8048118e-05
  -3.8683264e-05
   4.2161554e-05
   1.0877059e-04
  -2.2493319e-04
   1.8044801e-04
  -6.3206038e-05
   1.3164582e-04
   1.5515921e-04
  -1.4689081e-04
   1.7693836e-05
   3.4662599e-04
  -2.1462672e-05
   4.8628256e-05
   3.3088512e-05
   1.2679021e-04
   1.0905142e-04
  -9.4645061e-05
  -4.3849914e-05
   3.4322067e-05
  -5.8403382e-06
   2.5349747e-04
   4.3864544e-05
   4.3751772e-05
  -8.3767600e-05
  -1.3075026e-04
   7.9414272e-05
  -1.9726379e-05
   6.4915282e-05
  -8.3147427e-05
   8.9595406e-05
  -1.8134864e-04
   1.5666835e-04
   8.4650066e-05
   1.1015484e-05
  -1.1611015e-04
  -3.9753570e-05
   2.5429431e-05
   1.2077894e-04
  -1.0335416e-04
   1.2951468e-04
   2.7681230e-04
  -4.9534715e-05
   4.6876552e-05
  -6.5729689e-05
  -1.7169572e-04
   1.4705191e-04
   6.9413727e-05
  -5.1069699e-05
   1.1338738e-05
  -2.2980715e-05
  -1.4617328e-04
  -2.8823361e-04
  -4.7467608e-06
  -4.6246595e-05
  -5.7664589e-05
  -8.4596836e-05
  -1.8172355e-04
  -5.2173061e-05
   1.6143588e-05
  -1.0618109e-04
   4.5049374e-05
  -2.7279807e-05
  -1.0145435e-05
  -1.4291059e-04
  -7.6440944e-05
   4.1013754e-05
  -7.8993275e-05
   1.6163713e-05
   1.9779040e-04
   7.9526643e-05
   1.0373667e-04
   2.3603300e-04
   1.1753951e-04
   3.9774043e-05
   1.9512487e-04
  -9.0465636e-05
  -6.8215219e-05
   2.0182916e-04
   4.5434318e-05
  -4.2104180e-06
   4.5816730e-05
  -2.6414414e-05
  -2.9198515e-05
  -3.8679814e-05
  -5.5399293e-05
  -9.4372793e-05
  -5.9848183e-06
  -5.7468477e-05
   1.4418553e-04
   2.3552673e-05
   1.0213766e-04
  -1.3983053e-05
  -8.1551103e-06
   1.2582468e-04
   1.4685340e-04
   3.2940856e-06
   1.6924781e-04
   4.7572856e-05
   3.6853022e-05
   2.1920007e-04
   1.5356851e-04
   9.0726022e-05
   4.0225958e-05
  -5.3838200e-05
  -1.1521549e-05
   1.8220001e-04
  -2.0215067e-04
  -6.3697746e-05
  -1.8880322e-05
   1.4827504e-05
  -1.7838800e-04
   5.2906755e-05
   7.2973186e-05
  -9.4013492e-05
  -2.5928695e-05
  -1.2135448e-04
   1.6245497e-04
   3.7351241e-05
  -2.5089179e-05
  -9.2545590e-05
   9.8660330e-06
   1.6842798e-04
   2.7525940e-05
   3.5328938e-05
  -1.2003756e-04
   1.6612868e-05
   7.7616176e-05
  -1.3814354e-04
   1.1282790e-04
   2.4654396e-04
  -1.5579172e-04
  -2.0666478e-04
  -7.2598665e-06
   7.5911144e-05
  -8.1664148e-06
  -1.5847329e-05
   6.4980365e-07
  -1.0646078e-04
  -1.6439151e-04
   1.5815498e-04
   2.9261414e-05
  -1.1876086e-04
   1.0759367e-04
  -1.2973716e-04
  -1.2177023e-05
   7.4077154e-05
  -8.4071763e-05
  -3.4947080e-05
   2.9631957e-06
   1.9523735e-04
   4.5902353e-05
  -3.9931193e-05
  -2.2538464e-05
  -2.8028294e-05
   1.3067246e-04
  -2.8437513e-05
  -7.9171049e-05
   2.4061889e-05
  -9.4645984e-06
   7.9323468e-05
   9.5943953e-05
   1.0871028e-04
   6.4716871e-05
   6.3255017e-05
   1.9032763e-04
  -1.1600255e-04
  -3.4730926e-05
  -1.6950647e-04
   9.1938606e-05
   2.1531217e-06
  -2.9934033e-05
  -1.7210158e-04
   1.8343187e-05
  -2.5973230e-05
  -1.3547889e-04
  -1.1574420e-04
  -7.6198636e-05
  -2.5029959e-05
  -1.6487631e-04
  -1.8199062e-05
   6.1568723e-05
  -3.7667427e-05
  -6.9803527e-05
   3.0412243e-05
   1.1010799e-04
  -4.4660797e-05
  -4.6671225e-05
  -1.4358206e-04
  -9.7771611e-05
   6.0589460e-05
  -1.1365452e-05
   7.6456155e-05
   6.6989746e-05
   3.7578369e-05
   7.6665281e-05
   1.5234718e-04
   5.7682419e-05
   4.2597302e-05
  -4.2930971e-06
  -1.2422630e-04
  -5.0495167e-05
   3.2585131e-05
  -1.1114234e-04
   4.6818432e-05
   3.2261288e-05
   1.0002144e-05
   3.0143458e-05
   2.3823638e-06
  -2.2054734e-06
  -8.7579288e-07
   9.2945513e-05
  -9.0432312e-06
  -2.6411458e-04
  -4.8614999e-05
   1.9596962e-05
   9.5972221e-05
   1.3803244e-04
  -9.4146364e-05
   7.6086810e-05
   2.3792045e-05
  -2.0837346e-05
   2.4739199e-06
  -2.8091104e-06
   1.4035913e-05
   2.3758618e-05
  -6.7154873e-05
  -1.0450000e-04
   9.6576664e-05
  -2.1975652e-05
   1.4145359e-04
  -9.2418666e-05
  -5.9414082e-05
   1.4212755e-04
   1.4076076e-04
  -1.0290008e-04
   2.0651223e-05
   1.3411113e-04
   1.3327166e-04
  -1.2848947e-04
   1.6183759e-04
   6.6164377e-05
   2.2734644e-05
  -2.2557613e-05
  -9.6599344e-05
   9.5017861e-06
  -2.5673250e-05
   2.3101314e-04
   1.9005972e-05
  -1.7340399e-05
  -1.4028823e-06
  -6.1273831e-05
   2.0717999e-04
   6.3702409e-05
   7.4893933e-06
   1.1232672e-04
  -3.3127938e-06
  -9.7747705e-06
  -5.5661989e-05
  -6.1549901e-05
   1.6045532e-04
   7.6849543e-05
   8.6933473e-06
   1.7043591e-04
   2.3633855e-06
   2.9004282e-05
  -1.4198992e-04
   4.7527356e-05
  -1.4473190e-04
  -9.8827999e-05
   9.4937952e-05
   3.5122397e-05
  -8.7228157e-05
  -3.9812717e-05
   2.5643588e-05
   2.2002545e-05
  -1.7114406e-04
  -1.2057552e-04
  -1.7729137e-04
  -7.2491642e-06
  -1.7211148e-04
   7.0188123e-05
  -1.0054680e-04
  -1.1064268e-04
   1.7905599e-04
   2.1623842e-04
  -8.1927752e-05
  -3.7049590e-06
   1.9630040e-04
  -5.4026637e-05
   1.7175038e-04
   8.1980828e-05
   5.5520834e-06
  -3.5312534e-05
   1.6931493e-04
   7.1105040e-05
  -6.3276394e-05
   3.9272639e-05
  -8.7796157e-05
   1.4894543e-05
   1.5318781e-04
   5.3184776e-05
  -7.5966712e-05
   3.4798414e-05
  -6.9780270e-05
   2.0193148e-04
  -1.7936995e-04
  -6.5950755e-05
   7.7145334e-05
  -8.2034110e-05
   1.7888182e-06
   6.5453522e-05
   1.2576988e-04
  -9.2707999e-05
  -1.6987767e-05
  -4.7167249e-05
  -1.1423349e-05
   3.6948689e-05
  -6.1861528e-05
   8.0011512e-05
   4.2669605e-05
  -4.7233076e-05
   2.7595178e-05
   9.8422710e-05
   9.9310744e-05
   6.6820912e-05
  -6.4998424e-06
  -6.2009863e-05
   2.2410427e-05
  -4.6613619e-05
  -3.3208688e-05
   9.2481481e-05
   1.4470255e-04
   5.9583211e-05
   2.0532706e-04
  -1.5292503e-04
   2.2687575e-06
   9.5284810e-06
   1.6145263e-04
   5.0127317e-05
  -3.2384021e-05
   5.5421661e-05
   6.4244346e-05
   1.8262511e-05
  -2.0274764e-04
   1.0230809e-04
  -3.4915418e-04
   1.0948964e-05
  -1.5513315e-04
  -3.5511091e-05
   1.3985575e-04
  -5.1347496e-05
   1.9171796e-04
   7.7841056e-05
  -2.4645511e-05
  -9.0353165e-05
  -4.9590226e-05
   3.7449479e-05
  -2.3705321e-04
   6.1506201e-05
   2.7946498e-05
   8.1886509e-05
   2.0475065e-04
  -3.2374435e-05
  -9.8054229e-05
   1.1796342e-04
   8.9458275e-05
  -1.4293062e-05
  -5.9347053e-05
   2.4891720e-05
  -1.1297823e-04
   6.6094615e-06
  -6.3792459e-05
  -8.1930765e-05
   9.6795352e-05
   3.0349010e-06
   1.3510965e-04
  -1.0863743e-04
   2.4026504e-05
  -1.0461813e-04
   6.1871764e-05
   1.3050342e-04
   1.0234911e-04
  -2.1153825e-04
   6.8172887e-05
   8.7092754e-07
   3.3427333e-05
  -5.4741276e-05
  -1.6509843e-04
   8.9279328e-05
  -5.0705555e-05
  -3.2979115e-05
   1.6835380e-05
   2.5367400e-04
   2.2936267e-04
  -1.3186609e-04
  -4.7413473e-05
   9.8738199e-05
  -2.0730264e-04
   1.2440261e-04
  -3.1523958e-05
   1.3992940e-04
  -8.7988140e-05
  -9.2247246e-05
   2.3144029e-04
   5.8801320e-05
  -3.0976763e-05
  -1.0329641e-04
   1.1033507e-04
   3.4210893e-05
  -2.2639932e-04
  -9.0328582e-05
   2.9700290e-04
  -1.1766296e-06
  -1.9995391e-04
  -8.8801531e-05
  -4.1990240e-05
   6.9457836e-05
  -1.6275270e-05
   1.0157664e-05
  -1.7858461e-06
  -9.6032709e-05
   1.1728056e-04
  -3.6527268e-05
  -4.6341064e-05
   1.9498957e-05
  -6.6946503e-06
  -5.2153014e-05
   1.2709976e-05
   2.1130185e-04
   5.4128110e-05
  -6.5508527e-05
  -8.6952873e-05
  -2.3889789e-05
  -1.5759873e-04
   1.8257512e-04
   2.0426748e-05
  -1.1633958e-04
   1.2060982e-05
  -1.4435184e-04
   5.8234605e-05
  -1.8146547e-05
   4.2009782e-06
   3.6184195e-05
   8.5371462e-05
  -8.0977202e-05
  -1.4670507e-04
  -1.0389624e-05
  -8.2291339e-05
   4.2498142e-05
  -1.8546844e-04
   8.5857509e-05
   3.0639365e-05
  -1.1115618e-04
  -3.1724072e-05
   8.3786265e-05
   2.4264653e-04
  -3.5108944e-05
   1.3819618e-04
  -8.6065546e-05
   2.0689047e-05
  -2.0749724e-05
   3.4025704e-05
  -4.9811215e-05
  -1.4213947e-04
  -2.7077415e-05
   4.3966311e-05
  -5.0614377e-05
  -1.8434823e-05
   4.0199901e-05
   5.3922824e-05
  -7.3359322e-05
  -2.6837199e-05
   8.7059843e-05
   3.3076052e-05
  -1.3478967e-04
