-0.49999999999998
-0.47664542331102
-0.45563748320592
-0.43659602590709
-0.41922441444568
-0.40328762968574
-0.38859674032944
-0.37499776642424
-0.36236360035214
-0.3505880754588
-0.33958155809233
-0.32926763137492
-0.31958056967745
-0.31046339201721
-0.30186634401102
-0.29374570059862
-0.28606281151433
-0.27878333246388
-0.27187659987906
-0.26531511782266
-0.25907413336303
-0.25313128239712
-0.24746629207564
-0.24206072909097
-0.23689778542298
-0.23196209490773
-0.22723957534733
-0.22271729192381
-0.21838333849177
-0.21422673396196
-0.21023733149092
-0.20640573859271
-0.20272324660995
-0.19918176824039
-0.1957737820259
-0.19249228288257
-0.189330737892
-0.18628304669031
-0.18334350588856
-0.18050677703888
-0.17776785772834
-0.17512205543965
-0.17256496386605
-0.1700924414083
-0.16770059161685
-0.1653857453719
-0.16314444461941
-0.16097342750336
-0.15886961475327
-0.1568300972025
-0.15485212432712
-0.15293309370736
-0.15107054132472
-0.14926213261699
-0.14750565422202
-0.14579900634804
-0.14414019571512
-0.14252732901773
-0.14095860686347
-0.13943231814761
-0.13794683482681
-0.13650060705906
-0.13509215867995
-0.1337200829882
-0.13238303881588
-0.13107974686085
-0.12980898626132
-0.12856959139376
-0.12736044887736
-0.12618049476961
-0.12502871193883
-0.12390412760073
-0.12280581100714
-0.12173287127607
-0.12068445535308
-0.11965974609476
-0.11865796046588
-0.11767834784253
-0.11672018841383
-0.1157827916759
-0.11486549501166
-0.11396766235109
-0.11308868290647
-0.11222796997795
-0.11138495982486
-0.11055911059859
-0.10974990133325
-0.10895683099043
-0.10817941755481
-0.10741719717749
-0.10666972336408
-0.10593656620498
-0.10521731164527
-0.10451156079191
-0.103818929256
-0.10313904652815
-0.10247155538503
-0.10181611132527
-0.10117238203313
-0.1005400468683
-0.09991879638044
-0.099308331847067
-0.09870836483346
-0.098118616773475
-0.097538818570074
-0.096968710214521
-0.096408040423268
-0.095856566291576
-0.095314052963006
-0.094780273313942
-0.094255007652375
-0.093738043430212
-0.093229174968418
-0.092728203194341
-0.092234935390607
-0.091749184955003
-0.09127077117081
-0.090799518987054
-0.090335258808209
-0.08987782629287
-0.089427062160976
-0.088982812009171
-0.0885449261339
-0.088113259361892
-0.08768767088766
-0.087268024117709
-0.08685418652112
-0.086446029486231
-0.08604342818312
-0.08564626143163
-0.085254411574685
-0.084867764356652
-0.084486208806532
-0.08410963712574
-0.083737944580306
-0.083371029397264
-0.08300879266507
-0.08265113823786
-0.082297972643383
-0.081949204994458
-0.081604746903781
-0.081264512401971
-0.080928417858686
-0.080596381906694
-0.080268325368776
-0.079944171187335
-0.0796238443566
-0.079307271857315
-0.078994382593825
-0.078685107333433
-0.078379378647959
-0.078077130857404
-0.077778299975626
-0.077482823657957
-0.077190641150682
-0.076901693242295
-0.076615922216476
-0.076333271806713
-0.076053687152498
-0.075777114757056
-0.07550350244652
-0.075232799330515
-0.074964955764097
-0.074699923310976
-0.074437654707996
-0.074178103830815
-0.073921225660732
-0.073666976252629
-0.073415312703988
-0.073166193124919
-0.072919576609201
-0.072675423206258
-0.072433693894061
-0.072194350552916
-0.071957355940102
-0.071722673665326
-0.071490268166977
-0.071260104689135
-0.07103214925932
-0.070806368666944
-0.070582730442455
-0.07036120283713
-0.07014175480351
-0.069924355976446
-0.069708976654734
-0.069495587783328
-0.069284160936093
-0.069074668299102
-0.068867082654434
-0.068661377364477
-0.068457526356706
-0.068255504108919
-0.068055285634931
-0.067856846470684
-0.067660162660787
-0.067465210745449
-0.067271967747806
-0.067080411161629
-0.066890518939378
-0.066702269480631
-0.066515641620833
-0.066330614620385
-0.066147168154049
-0.065965282300656
-0.065784937533115
-0.065606114708711
-0.065428795059677
-0.065252960184042
-0.065078592036734
-0.064905672920935
-0.064734185479689
-0.064564112687735
-0.064395437843578
-0.06422814456178
-0.06406221676546
-0.063897638679012
-0.063734394821018
-0.063572469997358
-0.06341184929451
-0.063252518073033
-0.063094461961227
-0.06293766684897
-0.062782118881716
-0.062627804454658
-0.062474710207047
-0.062322823016667
-0.062172129994454
-0.062022618479257
-0.061874276032743
-0.061727090434435
-0.061581049676878
-0.061436141960934
-0.061292355691203
-0.061149679471558
-0.061008102100802
-0.060867612568432
-0.060728200050517
-0.060589853905679
-0.060452563671179
-0.060316319059104
-0.060181109952647
-0.060046926402485
-0.059913758623251
-0.059781596990088
-0.059650432035297
-0.059520254445064
-0.059391055056269
-0.059262824853383
-0.059135554965426
-0.059009236663015
-0.05888386135548
-0.058759420588045
-0.05863590603909
-0.058513309517468
-0.058391622959893
-0.058270838428393
-0.058150948107823
-0.058031944303434
-0.057913819438506
-0.057796566052034
-0.057680176796474
-0.057564644435536
-0.057449961842036
-0.057336121995792
-0.057223117981575
-0.057110942987107
-0.056999590301106
-0.056889053311373
-0.05677932550293
-0.05667040045619
-0.056562271845188
-0.056454933435835
-0.05634837908422
-0.056242602734951
-0.056137598419531
-0.056033360254771
-0.055929882441248
-0.055827159261782
-0.05572518507996
-0.055623954338689
-0.055523461558781
-0.055423701337572
-0.055324668347565
-0.055226357335115
-0.055128763119129
-0.055031880589808
-0.054935704707407
-0.054840230501027
-0.054745453067432
-0.054651367569891
-0.054557969237047
-0.054465253361811
-0.054373215300277
-0.054281850470661
-0.054191154352266
-0.054101122484465
-0.054011750465709
-0.053923033952552
-0.053834968658705
-0.053747550354097
-0.053660774863969
-0.053574638067978
-0.053489135899327
-0.053404264343902
-0.053320019439442
-0.053236397274715
-0.053153393988712
-0.053071005769866
-0.052989228855276
-0.052908059529955
-0.052827494126089
-0.052747529022316
-0.052668160643012
-0.052589385457599
-0.052511199979862
-0.052433600767284
-0.05235658442039
-0.052280147582108
-0.052204286937139
-0.052128999211344
-0.052054281171139
-0.051980129622905
-0.05190654141241
-0.051833513424236
-0.051761042581228
-0.051689125843944
-0.051617760210122
-0.051546942714156
-0.051476670426578
-0.051406940453558
-0.051337749936404
-0.051269096051083
-0.051200976007741
-0.051133387050236
-0.051066326455683
-0.050999791534003
-0.050933779627485
-0.050868288110351
-0.050803314388332
-0.050738855898256
-0.050674910107637
-0.050611474514277
-0.050548546645869
-0.050486124059616
-0.050424204341852
-0.05036278510767
-0.050301864000557
-0.050241438692039
-0.050181506881328
-0.050122066294981
-0.050063114686557
-0.050004649836289
-0.049946669550758
-0.049889171662572
-0.049832154030054
-0.049775614536932
-0.04971955109204
-0.049663961629014
-0.04960884410601
-0.04955419650541
-0.049500016833544
-0.049446303120416
-0.049393053419427
-0.049340265807115
-0.049287938382891
-0.049236069268783
-0.049184656609183
-0.049133698570597
-0.04908319334141
-0.049033139131637
-0.048983534172697
-0.048934376717175
-0.048885665038603
-0.048837397431232
-0.048789572209817
-0.0487421877094
-0.048695242285101
-0.048648734311911
-0.048602662184488
-0.048557024316956
-0.048511819142712
-0.048467045114229
-0.048422700702871
-0.048378784398702
-0.048335294710308
-0.048292230164615
-0.04824958930671
-0.048207370699673
-0.048165572924402
-0.048124194579449
-0.048083234280852
-0.048042690661976
-0.048002562373353
-0.047962848082528
-0.047923546473902
-0.047884656248586
-0.047846176124248
-0.047808104834973
-0.047770441131116
-0.047733183779163
-0.047696331561593
-0.047659883276744
-0.047623837738679
-0.047588193777053
-0.04755295023699
-0.047518105978949
-0.04748365987861
-0.047449610826743
-0.047415957729093
-0.047382699506262
-0.047349835093596
-0.047317363441066
-0.04728528351316
-0.047253594288777
-0.047222294761112
-0.047191383937558
-0.047160860839598
-0.047130724502705
-0.047100973976243
-0.047071608323367
-0.047042626620927
-0.047014027959377
-0.046985811442679
-0.04695797618821
-0.046930521326679
-0.046903446002036
-0.046876749371383
-0.046850430604895
-0.046824488885734
-0.04679892340997
-0.046773733386499
-0.046748918036966
-0.046724476595689
-0.046700408309582
-0.046676712438084
-0.046653388253085
-0.046630435038857
-0.046607852091981
-0.046585638721284
-0.046563794247769
-0.04654231800455
-0.046521209336791
-0.046500467601639
-0.046480092168167
-0.046460082417312
-0.046440437741818
-0.046421157546174
-0.046402241246566
-0.046383688270813
-0.046365498058321
-0.046347670060027
-0.046330203738347
-0.046313098567129
-0.046296354031602
-0.046279969628329
-0.046263944865158
-0.046248279261183
-0.046232972346692
-0.04621802366313
-0.046203432763054
-0.046189199210092
-0.046175322578905
-0.046161802455146
-0.046148638435424
-0.046135830127267
-0.046123377149086
-0.046111279130141
-0.046099535710508
-0.046088146541044
-0.046077111283359
-0.046066429609784
-0.046056101203342
-0.046046125757718
-0.046036502977234
-0.046027232576821
-0.046018314281995
-0.04600974782883
-0.046001532963938
-0.045993669444442
-0.045986157037959
-0.045978995522578
-0.045972184686837
-0.045965724329711
-0.045959614260586
-0.045953854299249
-0.04594844427587
-0.045943384030983
-0.04593867341548
-0.045934312290591
-0.045930300527873
-0.045926638009202
-0.045923324626759
-0.045920360283024
-0.045917744890762
-0.045915478373021
-0.045913560663123
-0.045911991704658
-0.045910771451478
-0.045909899867696
-0.045909376927678
-0.045909202616048
-0.045909376927678
-0.045909899867696
-0.045910771451478
-0.045911991704658
-0.045913560663123
-0.045915478373021
-0.045917744890762
-0.045920360283024
-0.045923324626759
-0.045926638009202
-0.045930300527873
-0.045934312290591
-0.04593867341548
-0.045943384030983
-0.045948444275869
-0.045953854299249
-0.045959614260586
-0.045965724329711
-0.045972184686837
-0.045978995522578
-0.045986157037959
-0.045993669444441
-0.046001532963937
-0.04600974782883
-0.046018314281995
-0.046027232576821
-0.046036502977234
-0.046046125757718
-0.046056101203342
-0.046066429609784
-0.046077111283359
-0.046088146541044
-0.046099535710508
-0.046111279130141
-0.046123377149086
-0.046135830127267
-0.046148638435424
-0.046161802455146
-0.046175322578905
-0.046189199210092
-0.046203432763054
-0.04621802366313
-0.046232972346692
-0.046248279261183
-0.046263944865158
-0.046279969628329
-0.046296354031602
-0.046313098567129
-0.046330203738347
-0.046347670060027
-0.046365498058321
-0.046383688270813
-0.046402241246566
-0.046421157546174
-0.046440437741818
-0.046460082417313
-0.046480092168167
-0.046500467601639
-0.046521209336791
-0.04654231800455
-0.046563794247769
-0.046585638721284
-0.046607852091981
-0.046630435038857
-0.046653388253085
-0.046676712438084
-0.046700408309582
-0.046724476595689
-0.046748918036966
-0.0467737333865
-0.046798923409971
-0.046824488885734
-0.046850430604895
-0.046876749371383
-0.046903446002036
-0.046930521326679
-0.04695797618821
-0.046985811442679
-0.047014027959378
-0.047042626620927
-0.047071608323367
-0.047100973976243
-0.047130724502705
-0.047160860839598
-0.047191383937558
-0.047222294761112
-0.047253594288777
-0.04728528351316
-0.047317363441066
-0.047349835093596
-0.047382699506262
-0.047415957729093
-0.047449610826743
-0.04748365987861
-0.047518105978949
-0.047552950236989
-0.047588193777053
-0.047623837738679
-0.047659883276744
-0.047696331561593
-0.047733183779163
-0.047770441131116
-0.047808104834973
-0.047846176124248
-0.047884656248585
-0.047923546473902
-0.047962848082527
-0.048002562373353
-0.048042690661975
-0.048083234280851
-0.048124194579449
-0.048165572924402
-0.048207370699673
-0.04824958930671
-0.048292230164614
-0.048335294710308
-0.048378784398702
-0.048422700702871
-0.048467045114229
-0.048511819142712
-0.048557024316956
-0.048602662184488
-0.048648734311911
-0.048695242285101
-0.0487421877094
-0.048789572209817
-0.048837397431232
-0.048885665038603
-0.048934376717175
-0.048983534172696
-0.049033139131637
-0.04908319334141
-0.049133698570597
-0.049184656609183
-0.049236069268783
-0.049287938382891
-0.049340265807115
-0.049393053419426
-0.049446303120415
-0.049500016833544
-0.04955419650541
-0.04960884410601
-0.049663961629014
-0.04971955109204
-0.049775614536933
-0.049832154030054
-0.049889171662572
-0.049946669550758
-0.050004649836289
-0.050063114686557
-0.050122066294981
-0.050181506881328
-0.050241438692039
-0.050301864000557
-0.05036278510767
-0.050424204341852
-0.050486124059616
-0.050548546645869
-0.050611474514277
-0.050674910107638
-0.050738855898256
-0.050803314388332
-0.050868288110351
-0.050933779627486
-0.050999791534004
-0.051066326455683
-0.051133387050236
-0.051200976007741
-0.051269096051084
-0.051337749936404
-0.051406940453558
-0.051476670426578
-0.051546942714156
-0.051617760210122
-0.051689125843944
-0.051761042581228
-0.051833513424236
-0.05190654141241
-0.051980129622906
-0.052054281171139
-0.052128999211344
-0.052204286937139
-0.052280147582108
-0.05235658442039
-0.052433600767284
-0.052511199979862
-0.052589385457599
-0.052668160643013
-0.052747529022317
-0.05282749412609
-0.052908059529955
-0.052989228855276
-0.053071005769867
-0.053153393988713
-0.053236397274715
-0.053320019439442
-0.053404264343902
-0.053489135899327
-0.053574638067978
-0.053660774863969
-0.053747550354097
-0.053834968658705
-0.053923033952552
-0.054011750465709
-0.054101122484466
-0.054191154352267
-0.054281850470662
-0.054373215300277
-0.054465253361811
-0.054557969237047
-0.05465136756989
-0.054745453067432
-0.054840230501027
-0.054935704707407
-0.055031880589808
-0.055128763119129
-0.055226357335115
-0.055324668347565
-0.055423701337572
-0.055523461558781
-0.055623954338689
-0.05572518507996
-0.055827159261782
-0.055929882441248
-0.056033360254771
-0.05613759841953
-0.056242602734951
-0.05634837908422
-0.056454933435835
-0.056562271845187
-0.05667040045619
-0.05677932550293
-0.056889053311375
-0.056999590301109
-0.057110942987109
-0.057223117981577
-0.057336121995794
-0.057449961842038
-0.057564644435538
-0.057680176796476
-0.057796566052036
-0.057913819438507
-0.058031944303436
-0.058150948107825
-0.058270838428395
-0.058391622959895
-0.05851330951747
-0.058635906039092
-0.058759420588047
-0.058883861355482
-0.059009236663017
-0.059135554965428
-0.059262824853385
-0.059391055056271
-0.059520254445066
-0.059650432035299
-0.05978159699009
-0.059913758623253
-0.060046926402487
-0.060181109952649
-0.060316319059106
-0.060452563671182
-0.060589853905681
-0.06072820005052
-0.060867612568434
-0.061008102100804
-0.06114967947156
-0.061292355691205
-0.061436141960936
-0.06158104967688
-0.061727090434437
-0.061874276032745
-0.062022618479259
-0.062172129994456
-0.062322823016669
-0.062474710207048
-0.062627804454659
-0.062782118881718
-0.062937666848972
-0.063094461961228
-0.063252518073034
-0.063411849294512
-0.06357246999736
-0.06373439482102
-0.063897638679014
-0.064062216765461
-0.064228144561781
-0.06439543784358
-0.064564112687736
-0.06473418547969
-0.064905672920937
-0.065078592036735
-0.065252960184044
-0.065428795059678
-0.065606114708712
-0.065784937533117
-0.065965282300658
-0.066147168154051
-0.066330614620386
-0.066515641620834
-0.066702269480632
-0.06689051893938
-0.06708041116163
-0.067271967747808
-0.06746521074545
-0.067660162660789
-0.067856846470686
-0.068055285634933
-0.068255504108921
-0.068457526356708
-0.068661377364479
-0.068867082654436
-0.069074668299104
-0.069284160936096
-0.06949558778333
-0.069708976654736
-0.069924355976448
-0.070141754803512
-0.070361202837132
-0.070582730442457
-0.070806368666947
-0.071032149259322
-0.071260104689138
-0.07149026816698
-0.071722673665328
-0.071957355940104
-0.072194350552918
-0.072433693894063
-0.07267542320626
-0.072919576609203
-0.073166193124921
-0.073415312703989
-0.073666976252631
-0.073921225660733
-0.074178103830816
-0.074437654707997
-0.074699923310977
-0.074964955764098
-0.075232799330517
-0.075503502446521
-0.075777114757057
-0.0760536871525
-0.076333271806714
-0.076615922216478
-0.076901693242296
-0.077190641150683
-0.077482823657958
-0.077778299975627
-0.078077130857405
-0.07837937864796
-0.078685107333434
-0.078994382593826
-0.079307271857317
-0.079623844356601
-0.079944171187337
-0.080268325368777
-0.080596381906695
-0.080928417858687
-0.081264512401973
-0.081604746903782
-0.081949204994459
-0.082297972643385
-0.082651138237861
-0.083008792665071
-0.083371029397265
-0.083737944580307
-0.084109637125742
-0.084486208806533
-0.084867764356655
-0.085254411574687
-0.085646261431632
-0.086043428183122
-0.086446029486233
-0.086854186521122
-0.087268024117711
-0.087687670887662
-0.088113259361894
-0.088544926133902
-0.088982812009172
-0.089427062160978
-0.089877826292871
-0.090335258808211
-0.090799518987056
-0.091270771170811
-0.091749184955004
-0.092234935390608
-0.092728203194342
-0.093229174968419
-0.093738043430213
-0.094255007652376
-0.094780273313942
-0.095314052963007
-0.095856566291577
-0.096408040423269
-0.096968710214523
-0.097538818570075
-0.098118616773477
-0.098708364833461
-0.099308331847068
-0.099918796380442
-0.1005400468683
-0.10117238203313
-0.10181611132527
-0.10247155538503
-0.10313904652815
-0.103818929256
-0.10451156079191
-0.10521731164527
-0.10593656620498
-0.10666972336408
-0.10741719717749
-0.10817941755481
-0.10895683099043
-0.10974990133325
-0.1105591105986
-0.11138495982486
-0.11222796997795
-0.11308868290647
-0.11396766235109
-0.11486549501166
-0.1157827916759
-0.11672018841383
-0.11767834784253
-0.11865796046588
-0.11965974609476
-0.12068445535308
-0.12173287127607
-0.12280581100714
-0.12390412760073
-0.12502871193884
-0.12618049476961
-0.12736044887736
-0.12856959139376
-0.12980898626132
-0.13107974686085
-0.13238303881587
-0.1337200829882
-0.13509215867995
-0.13650060705906
-0.13794683482681
-0.13943231814761
-0.14095860686347
-0.14252732901773
-0.14414019571513
-0.14579900634804
-0.14750565422202
-0.14926213261699
-0.15107054132471
-0.15293309370736
-0.15485212432712
-0.1568300972025
-0.15886961475327
-0.16097342750336
-0.16314444461941
-0.1653857453719
-0.16770059161685
-0.1700924414083
-0.17256496386605
-0.17512205543965
-0.17776785772833
-0.18050677703888
-0.18334350588856
-0.18628304669031
-0.189330737892
-0.19249228288257
-0.19577378202589
-0.19918176824038
-0.20272324660994
-0.2064057385927
-0.21023733149091
-0.21422673396196
-0.21838333849176
-0.2227172919238
-0.22723957534733
-0.23196209490773
-0.23689778542298
-0.24206072909097
-0.24746629207564
-0.25313128239711
-0.25907413336302
-0.26531511782266
-0.27187659987905
-0.27878333246388
-0.28606281151432
-0.29374570059862
-0.30186634401102
-0.3104633920172
-0.31958056967744
-0.32926763137491
-0.33958155809233
-0.35058807545879
-0.36236360035213
-0.37499776642423
-0.38859674032944
-0.40328762968574
-0.41922441444568
-0.43659602590709
-0.45563748320592
-0.47664542331103
-0.49999999999998
