-0.49995556205615
-0.47933433286723
-0.46006690420601
-0.44204776197883
-0.42518057720833
-0.40937733616309
-0.39455755865934
-0.38064759507584
-0.3675799936899
-0.35529293088147
-0.34372969758334
-0.33283823608783
-0.32257072196941
-0.31288318645624
-0.3037351750915
-0.29508943897593
-0.28691165528199
-0.27917017408455
-0.27183578886738
-0.26488152834431
-0.25828246748275
-0.25201555583787
-0.24605946150318
-0.24039442915811
-0.23500215085013
-0.22986564828774
-0.22496916554583
-0.22029807119548
-0.21583876897011
-0.21157861616835
-0.20750584907389
-0.20360951474327
-0.19987940857685
-0.19630601714505
-0.19288046579314
-0.18959447059438
-0.18644029426193
-0.18341070566775
-0.18049894264976
-0.17769867781856
-0.17500398710229
-0.17240932079231
-0.16990947687468
-0.16749957645184
-0.16517504107706
-0.16293157184027
-0.16076513005854
-0.15867191943752
-0.15664836958217
-0.15469112074602
-0.15279700971776
-0.15096305675295
-0.14918645346675
-0.14746455161061
-0.14579485266276
-0.14417499816827
-0.14260276076967
-0.14107603587452
-0.1395928339105
-0.13815127312285
-0.13674957287263
-0.13538604739794
-0.134059100003
-0.13276721764314
-0.13150896587613
-0.13028298415283
-0.12908798142215
-0.12792273202741
-0.12678607187291
-0.12567689484126
-0.12459414944349
-0.12353683568536
-0.12250400213462
-0.12149474317499
-0.12050819643395
-0.11954354037216
-0.11859999202346
-0.11767680487501
-0.11677326687813
-0.11588869858096
-0.11502245137468
-0.11417390584582
-0.11334247022744
-0.11252757894283
-0.11172869123552
-0.11094528988001
-0.11017687996803
-0.10942298776538
-0.10868315963488
-0.10795696102117
-0.10724397549354
-0.10654380384299
-0.10585606323029
-0.10518038638171
-0.10451642082956
-0.10386382819482
-0.10322228350917
-0.10259147457412
-0.10197110135497
-0.10136087540748
-0.10076051933535
-0.10016976627664
-0.099588359417394
-0.099016051530984
-0.098452604541509
-0.097897789109994
-0.097351384241986
-0.096813176915364
-0.096282961727177
-0.095760540558455
-0.09524572225596
-0.094738322329933
-0.094238162666944
-0.093745071257002
-0.093258881934142
-0.092779434129742
-0.092306572637874
-0.091840147392052
-0.09138001325273
-0.090926029805001
-0.090478061165928
-0.090035975801019
-0.089599646349335
-0.089168949456798
-0.088743765617257
-0.088323979020913
-0.087909477409722
-0.087500151939416
-0.087095897047795
-0.086696610328981
-0.086302192413331
-0.085912546852712
-0.085527580010876
-0.085147200958689
-0.08477132137395
-0.084399855445598
-0.084032719782076
-0.083669833323649
-0.083311117258492
-0.082956494942354
-0.082605891821641
-0.08225923535973
-0.081916454966392
-0.081577481930142
-0.081242249353408
-0.080910692090363
-0.080582746687314
-0.080258351325513
-0.079937445766289
-0.079619971298394
-0.079305870687449
-0.078995088127412
-0.078687569193963
-0.078383260799727
-0.078082111151244
-0.077784069707619
-0.077489087140772
-0.077197115297209
-0.076908107161264
-0.076622016819734
-0.07633879942785
-0.07605841117653
-0.075780809260853
-0.075505951849703
-0.075233798056537
-0.074964307911224
-0.074697442332913
-0.074433163103884
-0.074171432844345
-0.07391221498813
-0.073655473759265
-0.073401174149365
-0.073149281895829
-0.072899763460794
-0.072652586010826
-0.072407717397318
-0.072165126137552
-0.071924781396424
-0.071686652968776
-0.071450711262333
-0.071216927281218
-0.070985272610011
-0.070755719398341
-0.070528240345985
-0.070302808688463
-0.070079398183095
-0.069857983095515
-0.069638538186624
-0.069421038699955
-0.069205460349444
-0.068991779307591
-0.068779972193992
-0.068570016064233
-0.068361888399124
-0.068155567094277
-0.067951030449997
-0.067748257161481
-0.06754722630933
-0.067347917350328
-0.067150310108513
-0.066954384766513
-0.066760121857131
-0.066567502255196
-0.066376507169636
-0.066187118135791
-0.065999317007954
-0.065813085952117
-0.065628407438937
-0.065445264236894
-0.065263639405645
-0.065083516289574
-0.064904878511513
-0.064727709966641
-0.06455199481656
-0.064377717483523
-0.064204862644829
-0.064033415227368
-0.063863360402315
-0.063694683579967
-0.063527370404718
-0.063361406750169
-0.063196778714371
-0.063033472615185
-0.062871474985773
-0.062710772570203
-0.062551352319169
-0.062393201385819
-0.062236307121692
-0.062080657072765
-0.061926238975585
-0.061773040753516
-0.061621050513072
-0.061470256540338
-0.06132064729749
-0.061172211419392
-0.061024937710281
-0.060878815140537
-0.060733832843519
-0.060589980112495
-0.060447246397629
-0.060305621303056
-0.060165094584011
-0.06002565614404
-0.05988729603227
-0.059750004440741
-0.059613771701806
-0.059478588285589
-0.059344444797502
-0.059211331975814
-0.059079240689289
-0.05894816193486
-0.058818086835373
-0.058689006637369
-0.058560912708922
-0.058433796537523
-0.058307649728016
-0.058182464000572
-0.058058231188709
-0.057934943237365
-0.057812592200998
-0.057691170241743
-0.057570669627591
-0.057451082730626
-0.057332402025286
-0.057214620086666
-0.057097729588857
-0.056981723303322
-0.056866594097299
-0.056752334932251
-0.056638938862323
-0.056526399032869
-0.056414708678973
-0.056303861124019
-0.056193849778289
-0.056084668137586
-0.055976309781882
-0.055868768374006
-0.055762037658341
-0.055656111459561
-0.055550983681388
-0.055446648305371
-0.055343099389694
-0.055240331068004
-0.055138337548266
-0.055037113111636
-0.054936652111356
-0.054836948971676
-0.054737998186789
-0.054639794319794
-0.054542332001672
-0.054445605930287
-0.054349610869403
-0.05425434164772
-0.054159793157929
-0.054065960355787
-0.053972838259201
-0.053880421947339
-0.053788706559752
-0.053697687295515
-0.05360735941238
-0.053517718225947
-0.053428759108854
-0.053340477489973
-0.05325286885363
-0.05316592873883
-0.053079652738506
-0.052994036498773
-0.052909075718197
-0.052824766147085
-0.052741103586775
-0.052658083888948
-0.052575702954949
-0.05249395673512
-0.052412841228147
-0.05233235248041
-0.05225248658536
-0.052173239682891
-0.052094607958732
-0.052016587643847
-0.051939175013845
-0.051862366388402
-0.051786158130691
-0.051710546646821
-0.051635528385289
-0.051561099836441
-0.051487257531936
-0.051413998044225
-0.051341317986042
-0.051269214009894
-0.051197682807565
-0.051126721109631
-0.051056325684978
-0.05098649334033
-0.050917220919787
-0.050848505304365
-0.050780343411553
-0.050712732194864
-0.05064566864341
-0.050579149781468
-0.050513172668063
-0.050447734396556
-0.050382832094235
-0.050318462921919
-0.050254624073562
-0.050191312775869
-0.050128526287914
-0.050066261900764
-0.050004516937116
-0.049943288750931
-0.049882574727078
-0.049822372280986
-0.049762678858294
-0.049703491934517
-0.049644809014709
-0.049586627633137
-0.049528945352953
-0.049471759765881
-0.049415068491899
-0.049358869178937
-0.049303159502565
-0.049247937165705
-0.049193199898329
-0.049138945457173
-0.049085171625453
-0.049031876212583
-0.048979057053904
-0.048926712010407
-0.048874838968469
-0.04882343583959
-0.048772500560136
-0.04872203109108
-0.048672025417756
-0.048622481549611
-0.048573397519962
-0.048524771385755
-0.048476601227333
-0.048428885148206
-0.048381621274816
-0.048334807756321
-0.048288442764368
-0.048242524492881
-0.048197051157841
-0.048152020997082
-0.048107432270079
-0.048063283257745
-0.048019572262234
-0.047976297606737
-0.047933457635292
-0.047891050712592
-0.047849075223795
-0.04780752957434
-0.047766412189764
-0.047725721515523
-0.047685456016814
-0.0476456141784
-0.047606194504442
-0.04756719551833
-0.047528615762512
-0.047490453798339
-0.047452708205897
-0.047415377583854
-0.047378460549301
-0.047341955737601
-0.047305861802238
-0.04727017741467
-0.04723490126418
-0.047200032057736
-0.047165568519849
-0.047131509392432
-0.047097853434667
-0.04706459942287
-0.047031746150356
-0.046999292427312
-0.04696723708067
-0.046935578953977
-0.046904316907277
-0.046873449816986
-0.046842976575774
-0.046812896092446
-0.04678320729183
-0.046753909114659
-0.046725000517464
-0.046696480472461
-0.046668347967445
-0.046640602005685
-0.046613241605816
-0.046586265801744
-0.046559673642538
-0.046533464192337
-0.046507636530249
-0.046482189750262
-0.046457122961143
-0.046432435286353
-0.046408125863953
-0.046384193846516
-0.046360638401046
-0.046337458708884
-0.046314653965632
-0.046292223381067
-0.046270166179063
-0.046248481597514
-0.046227168888251
-0.046206227316972
-0.046185656163168
-0.046165454720047
-0.046145622294465
-0.046126158206857
-0.046107061791168
-0.046088332394787
-0.046069969378481
-0.046051972116333
-0.046034339995677
-0.046017072417039
-0.046000168794078
-0.045983628553526
-0.045967451135133
-0.045951635991609
-0.045936182588572
-0.045921090404496
-0.045906358930657
-0.045891987671085
-0.045877976142512
-0.04586432387433
-0.045851030408538
-0.045838095299703
-0.045825518114913
-0.045813298433734
-0.045801435848171
-0.045789929962627
-0.045778780393864
-0.045767986770964
-0.045757548735296
-0.045747465940479
-0.045737738052349
-0.045728364748923
-0.045719345720372
-0.045710680668988
-0.045702369309156
-0.045694411367325
-0.045686806581982
-0.045679554703625
-0.045672655494742
-0.045666108729782
-0.045659914195138
-0.045654071689124
-0.045648581021956
-0.045643442015728
-0.045638654504404
-0.045634218333793
-0.045630133361537
-0.045626399457098
-0.045623016501742
-0.04561998438853
-0.045617303022303
-0.045614972319676
-0.04561299220903
-0.0456113626305
-0.045610083535971
-0.045609154889075
-0.045608576665182
-0.045608348851401
-0.045608471446576
-0.045608944461286
-0.045609767917844
-0.045610941850299
-0.045612466304439
-0.045614341337793
-0.045616567019638
-0.045619143431003
-0.045622070664675
-0.045625348825209
-0.045628978028937
-0.045632958403976
-0.045637290090242
-0.045641973239461
-0.04564700801518
-0.045652394592789
-0.045658133159529
-0.045664223914513
-0.045670667068742
-0.045677462845127
-0.045684611478507
-0.045692113215671
-0.04569996831538
-0.045708177048393
-0.045716739697489
-0.045725656557496
-0.045734927935314
-0.04574455414995
-0.04575453553254
-0.045764872426386
-0.045775565186985
-0.045786614182062
-0.045798019791604
-0.045809782407899
-0.045821902435569
-0.04583438029161
-0.045847216405428
-0.045860411218885
-0.045873965186337
-0.045887878774676
-0.045902152463377
-0.045916786744544
-0.04593178212295
-0.045947139116096
-0.045962858254251
-0.045978940080506
-0.045995385150826
-0.046012194034106
-0.046029367312219
-0.046046905580078
-0.04606480944569
-0.046083079530216
-0.046101716468032
-0.046120720906788
-0.046140093507472
-0.046159834944475
-0.046179945905655
-0.046200427092406
-0.046221279219726
-0.046242503016286
-0.046264099224502
-0.046286068600609
-0.046308411914735
-0.046331129950976
-0.046354223507476
-0.046377693396502
-0.046401540444531
-0.046425765492325
-0.046450369395022
-0.046475353022216
-0.046500717258047
-0.046526463001289
-0.046552591165442
-0.04657910267882
-0.046605998484652
-0.046633279541169
-0.046660946821712
-0.046689001314818
-0.046717444024334
-0.046746275969512
-0.046775498185115
-0.046805111721524
-0.046835117644849
-0.046865517037034
-0.046896310995974
-0.046927500635626
-0.046959087086128
-0.046991071493914
-0.047023455021836
-0.047056238849289
-0.047089424172327
-0.0471230122038
-0.047157004173475
-0.047191401328168
-0.047226204931881
-0.047261416265933
-0.047297036629097
-0.047333067337745
-0.047369509725982
-0.047406365145798
-0.04744363496721
-0.047481320578413
-0.047519423385932
-0.047557944814773
-0.047596886308585
-0.047636249329814
-0.047676035359866
-0.047716245899274
-0.047756882467863
-0.047797946604919
-0.047839439869363
-0.047881363839924
-0.047923720115321
-0.047966510314441
-0.048009736076522
-0.048053399061343
-0.048097500949412
-0.048142043442158
-0.048187028262129
-0.048232457153189
-0.048278331880724
-0.048324654231841
-0.048371426015584
-0.048418649063142
-0.048466325228063
-0.048514456386479
-0.048563044437323
-0.048612091302559
-0.048661598927405
-0.048711569280578
-0.048762004354518
-0.048812906165638
-0.048864276754566
-0.048916118186393
-0.048968432550925
-0.049021221962943
-0.049074488562461
-0.049128234514991
-0.049182462011814
-0.049237173270252
-0.049292370533948
-0.049348056073146
-0.04940423218498
-0.049460901193765
-0.049518065451295
-0.04957572733714
-0.049633889258958
-0.049692553652801
-0.049751722983435
-0.049811399744658
-0.049871586459629
-0.049932285681199
-0.04999349999225
-0.050055232006032
-0.050117484366521
-0.050180259748766
-0.050243560859249
-0.050307390436256
-0.050371751250245
-0.050436646104225
-0.050502077834142
-0.050568049309267
-0.050634563432596
-0.050701623141254
-0.050769231406904
-0.050837391236166
-0.05090610567104
-0.050975377789341
-0.051045210705135
-0.051115607569188
-0.051186571569419
-0.051258105931359
-0.051330213918629
-0.051402898833408
-0.051476164016924
-0.051550012849949
-0.051624448753299
-0.051699475188349
-0.051775095657549
-0.051851313704955
-0.051928132916772
-0.052005556921894
-0.052083589392468
-0.052162234044457
-0.052241494638222
-0.052321374979104
-0.052401878918026
-0.052483010352102
-0.05256477322525
-0.052647171528833
-0.052730209302289
-0.052813890633793
-0.052898219660918
-0.052983200571316
-0.053068837603398
-0.05315513504705
-0.053242097244333
-0.053329728590223
-0.053418033533344
-0.053507016576727
-0.053596682278576
-0.053687035253056
-0.053778080171085
-0.05386982176115
-0.053962264810133
-0.054055414164157
-0.054149274729443
-0.054243851473188
-0.054339149424453
-0.05443517367508
-0.054531929380612
-0.05462942176124
-0.054727656102768
-0.054826637757592
-0.054926372145703
-0.055026864755705
-0.05512812114586
-0.055230146945144
-0.055332947854331
-0.055436529647097
-0.055540898171146
-0.055646059349357
-0.055752019180955
-0.055858783742706
-0.055966359190137
-0.056074751758781
-0.056183967765442
-0.056294013609495
-0.056404895774205
-0.056516620828079
-0.056629195426243
-0.056742626311848
-0.056856920317504
-0.056972084366752
-0.057088125475554
-0.057205050753828
-0.057322867407008
-0.057441582737637
-0.057561204147002
-0.057681739136794
-0.057803195310812
-0.0579255803767
-0.058048902147728
-0.058173168544601
-0.058298387597322
-0.058424567447085
-0.05855171634822
-0.058679842670169
-0.058808954899524
-0.058939061642095
-0.059070171625034
-0.05920229369901
-0.05933543684042
-0.059469610153674
-0.059604822873509
-0.059741084367375
-0.059878404137872
-0.060016791825235
-0.060156257209897
-0.060296810215095
-0.06043846090955
-0.060581219510206
-0.060725096385039
-0.06087010205593
-0.061016247201615
-0.061163542660701
-0.061311999434762
-0.061461628691508
-0.061612441768035
-0.061764450174158
-0.061917665595829
-0.062072099898635
-0.062227765131395
-0.062384673529847
-0.062542837520423
-0.062702269724131
-0.062862982960537
-0.063024990251845
-0.063188304827096
-0.063352940126467
-0.063518909805694
-0.063686227740608
-0.063854908031798
-0.064024965009396
-0.064196413237999
-0.064369267521717
-0.064543542909375
-0.064719254699841
-0.064896418447522
-0.065075049967996
-0.065255165343823
-0.065436780930504
-0.065619913362618
-0.06580457956014
-0.065990796734929
-0.066178582397421
-0.066367954363505
-0.066558930761605
-0.066751530039979
-0.066945770974222
-0.067141672675006
-0.067339254596048
-0.067538536542318
-0.067739538678502
-0.067942281537719
-0.068146786030513
-0.068353073454119
-0.068561165502021
-0.06877108427381
-0.068982852285353
-0.069196492479283
-0.06941202823583
-0.069629483383995
-0.069848882213087
-0.070070249484635
-0.070293610444695
-0.070518990836553
-0.070746416913856
-0.070975915454179
-0.071207513773047
-0.071441239738428
-0.071677121785718
-0.071915188933242
-0.072155470798283
-0.072397997613662
-0.072642800244904
-0.072889910207993
-0.073139359687759
-0.073391181556913
-0.073645409395757
-0.073902077512607
-0.074161220964944
-0.074422875581336
-0.074687077984158
-0.074953865613145
-0.075223276749816
-0.075495350542801
-0.075770127034121
-0.076047647186444
-0.076327952911385
-0.076611087098868
-0.076897093647626
-0.077186017496862
-0.077477904659144
-0.077772802254575
-0.078070758546312
-0.078371822977473
-0.078676046209516
-0.078983480162148
-0.079294178054836
-0.07960819444999
-0.079925585297907
-0.080246407983549
-0.080570721375246
-0.080898585875407
-0.081230063473355
-0.08156521780036
-0.081904114186998
-0.082246819722942
-0.082593403319295
-0.082943935773604
-0.083298489837675
-0.083657140288332
-0.084019964001272
-0.084387040028156
-0.084758449677115
-0.085134276596837
-0.085514606864406
-0.085899529077112
-0.086289134448401
-0.086683516908215
-0.087082773207913
-0.087487003030045
-0.087896309103217
-0.088310797322312
-0.088730576874365
-0.089155760370383
-0.089586463983433
-0.090022807593337
-0.090464914938328
-0.090912913774055
-0.091366936040329
-0.091827118036052
-0.092293600602764
-0.092766529317308
-0.093246054694116
-0.093732332397653
-0.094225523465604
-0.094725794543425
-0.095233318130882
-0.095748272841308
-0.096270843674286
-0.096801222302559
-0.097339607373997
-0.097886204829509
-0.098441228237863
-0.099004899148395
-0.099577447462721
-0.10015911182657
-0.10075014004297
-0.10135078950815
-0.1019613276714
-0.10258203252062
-0.10321319309491
-0.10385511002609
-0.10450809611083
-0.10517247691543
-0.10584859141535
-0.1065367926716
-0.10723744854652
-0.10795094246142
-0.10867767419888
-0.10941806075261
-0.11017253722803
-0.11094155779704
-0.11172559671044
-0.11252514937213
-0.1133407334791
-0.11417289023183
-0.11502218561987
-0.11588921178796
-0.11677458848813
-0.11767896462395
-0.11860301989344
-0.11954746653765
-0.12051305120244
-0.12150055692175
-0.12251080523108
-0.12354465842079
-0.12460302193944
-0.12568684695839
-0.12679713310966
-0.12793493141001
-0.12910134738553
-0.1302975444118
-0.13152474728631
-0.1327842460511
-0.134077400085
-0.13540564248673
-0.13677048477165
-0.13817352190731
-0.13961643771481
-0.14110101066534
-0.14262912010429
-0.14420275293767
-0.1458240108189
-0.14749511787776
-0.14921842903639
-0.15099643896218
-0.15283179171122
-0.15472729112142
-0.1566859120198
-0.15871081231445
-0.1608053460483
-0.16297307749946
-0.16521779642058
-0.16754353451896
-0.16995458328895
-0.17245551331889
-0.17505119520725
-0.17774682223562
-0.18054793496129
-0.18346044790811
-0.18649067855306
-0.18964537882526
-0.19293176935719
-0.19635757675217
-0.19993107415976
-0.20366112548145
-0.20755723356273
-0.21162959276576
-0.21588914635865
-0.22034764920473
-0.22501773628704
-0.22991299766212
-0.23504806050211
-0.24043867895704
-0.24610183265086
-0.25205583471538
-0.25832045036871
-0.26491702715877
-0.27186863812017
-0.27920023923682
-0.28693884276305
-0.29511370813736
-0.30375655242575
-0.3129017824603
-0.32258675109566
-0.3328520402955
-0.34374177408738
-0.35530396479198
-0.36759089634788
-0.38065954902172
-0.39457207032317
-0.40939629754357
-0.42520633801536
-0.44208321395825
-0.46011557965039
-0.47940051965308
-0.50004443794381
