-0.49999999999998
-0.48904452622261
-0.47874494285819
-0.46900883793141
-0.45976417045474
-0.4509537774339
-0.44253152026018
-0.43445955150377
-0.42670635379736
-0.41924531553761
-0.41205368338175
-0.40511178188424
-0.3984024245333
-0.39191046342797
-0.38562244051561
-0.37952631408429
-0.37361124166605
-0.3678674057157
-0.36228587209786
-0.3568584740189
-0.3515777159084
-0.3464366931047
-0.34142902418603
-0.33654879351597
-0.33179050211326
-0.3271490253632
-0.32261957639633
-0.31819767419648
-0.31387911568284
-0.309659951153
-0.30553646258541
-0.30150514438864
-0.29756268625506
-0.29370595783358
-0.28993199498195
-0.28623798739675
-0.28262126744959
-0.27907930008378
-0.2756096736464
-0.27221009154852
-0.26887836466056
-0.26561240436288
-0.26241021618122
-0.25926989394637
-0.25618961442445
-0.25316763237086
-0.25020227596663
-0.24729194260054
-0.24443509496468
-0.24163025743461
-0.23887601270856
-0.23617099868277
-0.23351390554247
-0.23090347305017
-0.22833848801479
-0.22581778192668
-0.22334022874527
-0.2209047428271
-0.21851027698335
-0.21615582065687
-0.21384039820972
-0.21156306731292
-0.20932291743103
-0.20711906839453
-0.20495066905398
-0.20281689601002
-0.20071695241409
-0.19865006683498
-0.19661549218684
-0.19461250471454
-0.19264040303258
-0.19069850721424
-0.18878615792758
-0.18690271561548
-0.18504755971688
-0.18322008792683
-0.18141971549279
-0.17964587454524
-0.17789801346038
-0.17617559625312
-0.17447810199863
-0.17280502428081
-0.17115587066602
-0.16953016220094
-0.16792743293291
-0.16634722945173
-0.16478911045174
-0.16325264631291
-0.16173741870023
-0.16024302018014
-0.15876905385335
-0.15731513300304
-0.15588088075775
-0.15446592976821
-0.15306992189735
-0.15169250792294
-0.15033334725213
-0.14899210764738
-0.14766846496325
-0.14636210289345
-0.14507271272773
-0.14379999311817
-0.14254364985432
-0.14130339564693
-0.14007894991973
-0.13887003860908
-0.13767639397091
-0.1364977543948
-0.13533386422485
-0.13418447358696
-0.13304933822235
-0.13192821932698
-0.13082088339664
-0.12972710207749
-0.12864665202178
-0.12757931474855
-0.12652487650911
-0.12548312815714
-0.12445386502312
-0.12343688679301
-0.12243199739095
-0.12143900486593
-0.12045772128204
-0.11948796261243
-0.11852954863668
-0.11758230284142
-0.11664605232425
-0.11572062770056
-0.11480586301346
-0.11390159564642
-0.11300766623869
-0.11212391860333
-0.11125019964777
-0.1103863592968
-0.10953225041792
-0.10868772874894
-0.10785265282771
-0.10702688392406
-0.10621028597365
-0.10540272551385
-0.10460407162147
-0.10381419585231
-0.10303297218249
-0.10226027695144
-0.10149598880653
-0.10073998864933
-0.099992159583348
-0.099252386863224
-0.098520557845421
-0.097796561940234
-0.097080290565157
-0.096371637099536
-0.095670496840459
-0.094976766959863
-0.094290346462803
-0.093611136146845
-0.092939038562563
-0.092273957975081
-0.091615800326647
-0.090964473200197
-0.090319885783879
-0.089681948836509
-0.08905057465393
-0.088425677036237
-0.087807171255861
-0.087194974026464
-0.086589003472635
-0.085989179100359
-0.085395421768232
-0.0848076536594
-0.08422579825421
-0.08364978030354
-0.08307952580279
-0.082514961966521
-0.081956017203722
-0.081402621093675
-0.080854704362417
-0.080312198859775
-0.079775037536947
-0.079243154424636
-0.078716484611702
-0.078194964224322
-0.077678530405652
-0.077167121295965
-0.076660676013259
-0.076159134634323
-0.075662438176239
-0.075170528578323
-0.074683348684478
-0.074200842225957
-0.073722953804521
-0.073249628875983
-0.072780813734131
-0.072316455495006
-0.071856502081548
-0.071400902208576
-0.070949605368112
-0.070502561815036
-0.070059722553045
-0.069621039320944
-0.069186464579218
-0.068755951496919
-0.068329453938829
-0.067906926452902
-0.067488324257983
-0.067073603231794
-0.066662719899175
-0.06625563142058
-0.065852295580818
-0.065452670778037
-0.065056716012936
-0.06466439087821
-0.06427565554822
-0.063890470768871
-0.063508797847711
-0.063130598644231
-0.062755835560369
-0.062384471531209
-0.062016470015872
-0.061651794988598
-0.061290410930005
-0.060932282818527
-0.060577376122033
-0.060225656789606
-0.059877091243497
-0.059531646371233
-0.059189289517889
-0.058849988478514
-0.058513711490703
-0.058180427227323
-0.057850104789377
-0.057522713699016
-0.057198223892677
-0.056876605714369
-0.05655782990908
-0.056241867616316
-0.055928690363764
-0.055618270061083
-0.055310578993803
-0.055005589817355
-0.054703275551204
-0.054403609573101
-0.054106565613442
-0.053812117749734
-0.053520240401162
-0.053230908323268
-0.052944096602721
-0.052659780652187
-0.052377936205295
-0.052098539311703
-0.051821566332243
-0.051546993934168
-0.051274799086479
-0.051004959055342
-0.050737451399583
-0.050472253966281
-0.050209344886416
-0.04994870257062
-0.049690305704995
-0.049434133247002
-0.049180164421432
-0.048928378716448
-0.048678755879693
-0.048431275914476
-0.048185919076012
-0.047942665867749
-0.047701497037739
-0.04746239357509
-0.047225336706469
-0.046990307892669
-0.046757288825245
-0.046526261423197
-0.046297207829718
-0.046070110408991
-0.045844951743054
-0.045621714628707
-0.045400382074477
-0.04518093729764
-0.044963363721283
-0.044747644971428
-0.044533764874199
-0.044321707453033
-0.044111456925954
-0.043902997702871
-0.04369631438294
-0.043491391751963
-0.043288214779831
-0.043086768618009
-0.042887038597068
-0.042689010224249
-0.042492669181079
-0.042298001321018
-0.042104992667148
-0.0419136294099
-0.041723897904818
-0.041535784670364
-0.04134927638575
-0.041164359888814
-0.040981022173926
-0.040799250389933
-0.040619031838131
-0.040440353970273
-0.040263204386612
-0.04008757083397
-0.039913441203846
-0.039740803530542
-0.039569645989335
-0.039399956894665
-0.039231724698358
-0.039064937987877
-0.038899585484601
-0.038735656042129
-0.038573138644614
-0.038412022405121
-0.038252296564014
-0.038093950487362
-0.03793697366538
-0.037781355710886
-0.037627086357783
-0.037474155459575
-0.037322552987886
-0.037172269031028
-0.037023293792566
-0.036875617589924
-0.036729230853004
-0.036584124122825
-0.036440288050191
-0.036297713394371
-0.036156391021804
-0.036016311904824
-0.035877467120403
-0.035739847848913
-0.035603445372909
-0.035468251075927
-0.035334256441308
-0.03520145305103
-0.035069832584564
-0.034939386817747
-0.034810107621672
-0.034681986961589
-0.034555016895835
-0.034429189574767
-0.03430449723972
-0.034180932221978
-0.034058486941757
-0.033937153907211
-0.033816925713448
-0.033697795041557
-0.033579754657661
-0.03346279741197
-0.033346916237862
-0.033232104150968
-0.033118354248274
-0.033005659707237
-0.032894013784915
-0.032783409817105
-0.032673841217502
-0.032565301476865
-0.032457784162194
-0.032351282915923
-0.032245791455126
-0.032141303570732
-0.032037813126749
-0.031935314059508
-0.03183380037691
-0.031733266157688
-0.031633705550681
-0.031535112774112
-0.031437482114892
-0.031340807927913
-0.031245084635371
-0.031150306726086
-0.03105646875484
-0.030963565341722
-0.030871591171479
-0.030780540992885
-0.03069040961811
-0.030601191922109
-0.030512882842009
-0.030425477376511
-0.030338970585304
-0.03025335758848
-0.030168633565964
-0.03008479375695
-0.030001833459345
-0.029919748029224
-0.029838532880289
-0.029758183483338
-0.029678695365748
-0.029600064110953
-0.029522285357942
-0.029445354800757
-0.029369268188004
-0.029294021322366
-0.029219610060127
-0.029146030310705
-0.029073278036185
-0.029001349250867
-0.028930240020817
-0.028859946463424
-0.028790464746969
-0.028721791090191
-0.028653921761871
-0.028586853080416
-0.028520581413448
-0.028455103177405
-0.028390414837144
-0.028326512905553
-0.028263393943166
-0.028201054557783
-0.028139491404107
-0.028078701183371
-0.02801868064298
-0.027959426576161
-0.02790093582161
-0.027843205263154
-0.02778623182941
-0.027730012493457
-0.02767454427251
-0.027619824227597
-0.027565849463246
-0.027512617127175
-0.027460124409985
-0.027408368544865
-0.027357346807292
-0.027307056514748
-0.027257495026429
-0.02720865974297
-0.027160548106168
-0.027113157598713
-0.027066485743925
-0.027020530105489
-0.026975288287205
-0.026930757932731
-0.026886936725342
-0.026843822387685
-0.026801412681541
-0.026759705407594
-0.026718698405204
-0.026678389552177
-0.026638776764551
-0.026599857996376
-0.026561631239506
-0.026524094523391
-0.026487245914873
-0.026451083517986
-0.026415605473764
-0.026380809960049
-0.026346695191305
-0.026313259418433
-0.026280500928594
-0.026248418045036
-0.026217009126919
-0.02618627256915
-0.026156206802221
-0.026126810292046
-0.02609808153981
-0.026070019081813
-0.026042621489323
-0.026015887368432
-0.025989815359917
-0.025964404139099
-0.02593965241571
-0.025915558933766
-0.025892122471439
-0.025869341840932
-0.025847215888363
-0.025825743493647
-0.025804923570384
-0.025784755065751
-0.025765236960396
-0.025746368268337
-0.025728148036859
-0.025710575346425
-0.025693649310581
-0.025677369075867
-0.025661733821735
-0.025646742760462
-0.025632395137075
-0.025618690229279
-0.025605627347377
-0.025593205834209
-0.025581425065081
-0.025570284447709
-0.025559783422154
-0.025549921460771
-0.025540698068153
-0.025532112781085
-0.025524165168498
-0.025516854831424
-0.025510181402956
-0.025504144548215
-0.025498743964316
-0.025493979380335
-0.025489850557286
-0.025486357288095
-0.025483499397579
-0.025481276742433
-0.025479689211209
-0.025478736724311
-0.025478419233984
-0.025478736724311
-0.025479689211209
-0.025481276742433
-0.02548349939758
-0.025486357288095
-0.025489850557286
-0.025493979380335
-0.025498743964316
-0.025504144548215
-0.025510181402956
-0.025516854831424
-0.025524165168498
-0.025532112781086
-0.025540698068153
-0.02554992146077
-0.025559783422154
-0.025570284447709
-0.025581425065081
-0.025593205834208
-0.025605627347377
-0.025618690229279
-0.025632395137076
-0.025646742760462
-0.025661733821735
-0.025677369075867
-0.025693649310581
-0.025710575346425
-0.025728148036858
-0.025746368268337
-0.025765236960397
-0.025784755065751
-0.025804923570384
-0.025825743493647
-0.025847215888363
-0.025869341840932
-0.025892122471439
-0.025915558933766
-0.02593965241571
-0.025964404139099
-0.025989815359917
-0.026015887368432
-0.026042621489322
-0.026070019081813
-0.02609808153981
-0.026126810292046
-0.026156206802221
-0.026186272569151
-0.026217009126919
-0.026248418045036
-0.026280500928594
-0.026313259418433
-0.026346695191305
-0.026380809960049
-0.026415605473764
-0.026451083517986
-0.026487245914873
-0.026524094523392
-0.026561631239506
-0.026599857996376
-0.026638776764551
-0.026678389552177
-0.026718698405204
-0.026759705407595
-0.026801412681541
-0.026843822387685
-0.026886936725342
-0.026930757932731
-0.026975288287205
-0.027020530105489
-0.027066485743925
-0.027113157598713
-0.027160548106167
-0.02720865974297
-0.027257495026429
-0.027307056514748
-0.027357346807292
-0.027408368544865
-0.027460124409985
-0.027512617127175
-0.027565849463246
-0.027619824227597
-0.02767454427251
-0.027730012493457
-0.02778623182941
-0.027843205263153
-0.02790093582161
-0.027959426576161
-0.02801868064298
-0.028078701183371
-0.028139491404107
-0.028201054557783
-0.028263393943165
-0.028326512905553
-0.028390414837144
-0.028455103177404
-0.028520581413447
-0.028586853080415
-0.028653921761871
-0.028721791090191
-0.028790464746969
-0.028859946463424
-0.028930240020816
-0.029001349250866
-0.029073278036184
-0.029146030310704
-0.029219610060127
-0.029294021322365
-0.029369268188004
-0.029445354800757
-0.029522285357942
-0.029600064110953
-0.029678695365748
-0.029758183483338
-0.029838532880289
-0.029919748029224
-0.030001833459346
-0.03008479375695
-0.030168633565964
-0.03025335758848
-0.030338970585304
-0.030425477376511
-0.030512882842009
-0.030601191922109
-0.03069040961811
-0.030780540992885
-0.030871591171479
-0.030963565341722
-0.03105646875484
-0.031150306726086
-0.031245084635371
-0.031340807927913
-0.031437482114892
-0.031535112774112
-0.03163370555068
-0.031733266157688
-0.03183380037691
-0.031935314059508
-0.032037813126749
-0.032141303570732
-0.032245791455126
-0.032351282915923
-0.032457784162193
-0.032565301476865
-0.032673841217502
-0.032783409817105
-0.032894013784914
-0.033005659707237
-0.033118354248274
-0.033232104150968
-0.033346916237862
-0.03346279741197
-0.033579754657661
-0.033697795041558
-0.033816925713449
-0.033937153907212
-0.034058486941758
-0.034180932221978
-0.034304497239721
-0.034429189574768
-0.034555016895836
-0.03468198696159
-0.034810107621673
-0.034939386817748
-0.035069832584565
-0.03520145305103
-0.035334256441309
-0.035468251075928
-0.035603445372909
-0.035739847848914
-0.035877467120404
-0.036016311904825
-0.036156391021804
-0.036297713394371
-0.036440288050192
-0.036584124122826
-0.036729230853005
-0.036875617589925
-0.037023293792567
-0.037172269031029
-0.037322552987887
-0.037474155459575
-0.037627086357784
-0.037781355710886
-0.037936973665381
-0.038093950487363
-0.038252296564014
-0.038412022405122
-0.038573138644615
-0.03873565604213
-0.038899585484602
-0.039064937987878
-0.039231724698358
-0.039399956894666
-0.039569645989336
-0.039740803530542
-0.039913441203846
-0.04008757083397
-0.040263204386612
-0.040440353970273
-0.040619031838131
-0.040799250389934
-0.040981022173927
-0.041164359888814
-0.041349276385751
-0.041535784670365
-0.041723897904819
-0.0419136294099
-0.042104992667148
-0.042298001321018
-0.042492669181079
-0.042689010224249
-0.042887038597068
-0.04308676861801
-0.043288214779831
-0.043491391751963
-0.04369631438294
-0.043902997702871
-0.044111456925954
-0.044321707453034
-0.044533764874199
-0.044747644971429
-0.044963363721283
-0.04518093729764
-0.045400382074477
-0.045621714628707
-0.045844951743054
-0.046070110408991
-0.046297207829717
-0.046526261423197
-0.046757288825244
-0.046990307892668
-0.047225336706469
-0.047462393575092
-0.047701497037742
-0.047942665867751
-0.048185919076015
-0.048431275914478
-0.048678755879696
-0.04892837871645
-0.049180164421434
-0.049434133247004
-0.049690305704997
-0.049948702570623
-0.050209344886418
-0.050472253966283
-0.050737451399586
-0.051004959055344
-0.051274799086482
-0.051546993934171
-0.051821566332246
-0.052098539311705
-0.052377936205298
-0.052659780652189
-0.052944096602724
-0.053230908323271
-0.053520240401164
-0.053812117749736
-0.054106565613445
-0.054403609573103
-0.054703275551206
-0.055005589817358
-0.055310578993806
-0.055618270061086
-0.055928690363767
-0.056241867616318
-0.056557829909083
-0.056876605714372
-0.057198223892679
-0.057522713699018
-0.05785010478938
-0.058180427227325
-0.058513711490705
-0.058849988478516
-0.059189289517891
-0.059531646371235
-0.059877091243498
-0.060225656789608
-0.060577376122034
-0.060932282818528
-0.061290410930006
-0.0616517949886
-0.062016470015873
-0.06238447153121
-0.062755835560371
-0.063130598644233
-0.063508797847713
-0.063890470768872
-0.064275655548221
-0.064664390878211
-0.065056716012937
-0.065452670778038
-0.065852295580819
-0.066255631420581
-0.066662719899176
-0.067073603231795
-0.067488324257984
-0.067906926452903
-0.06832945393883
-0.06875595149692
-0.069186464579219
-0.069621039320945
-0.070059722553047
-0.070502561815038
-0.070949605368115
-0.071400902208578
-0.07185650208155
-0.072316455495009
-0.072780813734133
-0.073249628875985
-0.073722953804523
-0.07420084222596
-0.074683348684481
-0.075170528578326
-0.075662438176242
-0.076159134634326
-0.076660676013262
-0.077167121295968
-0.077678530405655
-0.078194964224325
-0.078716484611704
-0.079243154424639
-0.079775037536949
-0.080312198859777
-0.08085470436242
-0.081402621093677
-0.081956017203724
-0.082514961966524
-0.083079525802792
-0.083649780303543
-0.084225798254213
-0.084807653659402
-0.085395421768234
-0.085989179100361
-0.086589003472637
-0.087194974026465
-0.087807171255862
-0.088425677036239
-0.089050574653931
-0.089681948836511
-0.09031988578388
-0.090964473200198
-0.091615800326648
-0.092273957975083
-0.092939038562565
-0.093611136146847
-0.094290346462804
-0.094976766959865
-0.095670496840461
-0.096371637099538
-0.097080290565159
-0.097796561940235
-0.098520557845423
-0.099252386863226
-0.09999215958335
-0.10073998864933
-0.10149598880653
-0.10226027695144
-0.10303297218249
-0.10381419585231
-0.10460407162147
-0.10540272551385
-0.10621028597365
-0.10702688392406
-0.10785265282771
-0.10868772874894
-0.10953225041793
-0.1103863592968
-0.11125019964777
-0.11212391860333
-0.11300766623869
-0.11390159564643
-0.11480586301347
-0.11572062770056
-0.11664605232425
-0.11758230284143
-0.11852954863668
-0.11948796261243
-0.12045772128204
-0.12143900486593
-0.12243199739096
-0.12343688679301
-0.12445386502312
-0.12548312815715
-0.12652487650911
-0.12757931474855
-0.12864665202178
-0.12972710207749
-0.13082088339664
-0.13192821932698
-0.13304933822235
-0.13418447358696
-0.13533386422485
-0.1364977543948
-0.13767639397091
-0.13887003860908
-0.14007894991973
-0.14130339564693
-0.14254364985433
-0.14379999311817
-0.14507271272773
-0.14636210289345
-0.14766846496325
-0.14899210764738
-0.15033334725213
-0.15169250792295
-0.15306992189735
-0.15446592976821
-0.15588088075775
-0.15731513300304
-0.15876905385335
-0.16024302018014
-0.16173741870023
-0.16325264631291
-0.16478911045174
-0.16634722945173
-0.16792743293291
-0.16953016220094
-0.17115587066602
-0.17280502428081
-0.17447810199864
-0.17617559625312
-0.17789801346038
-0.17964587454524
-0.18141971549279
-0.18322008792683
-0.18504755971688
-0.18690271561548
-0.18878615792758
-0.19069850721424
-0.19264040303258
-0.19461250471454
-0.19661549218684
-0.19865006683498
-0.20071695241409
-0.20281689601002
-0.20495066905397
-0.20711906839453
-0.20932291743103
-0.21156306731292
-0.21384039820972
-0.21615582065687
-0.21851027698335
-0.2209047428271
-0.22334022874527
-0.22581778192668
-0.22833848801478
-0.23090347305017
-0.23351390554246
-0.23617099868277
-0.23887601270855
-0.2416302574346
-0.24443509496468
-0.24729194260054
-0.25020227596663
-0.25316763237086
-0.25618961442445
-0.25926989394637
-0.26241021618121
-0.26561240436288
-0.26887836466056
-0.27221009154851
-0.2756096736464
-0.27907930008377
-0.28262126744959
-0.28623798739675
-0.28993199498195
-0.29370595783357
-0.29756268625506
-0.30150514438863
-0.3055364625854
-0.309659951153
-0.31387911568284
-0.31819767419647
-0.32261957639633
-0.3271490253632
-0.33179050211326
-0.33654879351597
-0.34142902418603
-0.34643669310469
-0.3515777159084
-0.3568584740189
-0.36228587209786
-0.3678674057157
-0.37361124166604
-0.37952631408429
-0.3856224405156
-0.39191046342797
-0.3984024245333
-0.40511178188423
-0.41205368338174
-0.4192453155376
-0.42670635379735
-0.43445955150376
-0.44253152026017
-0.4509537774339
-0.45976417045474
-0.46900883793141
-0.47874494285819
-0.48904452622262
-0.49999999999999
