-0.49999997693442
-0.47581703672088
-0.45318327771062
-0.43198718856103
-0.41212584689372
-0.39350422515113
-0.37603455490567
-0.35963574447958
-0.34423284521383
-0.32975656215493
-0.31614280531564
-0.30333227801473
-0.29127009911534
-0.27990545626629
-0.26919128750823
-0.25908398883957
-0.2495431455491
-0.24053128531392
-0.23201365123612
-0.22395799315013
-0.21633437567689
-0.20911500163261
-0.20227404951918
-0.19578752393254
-0.18963311782431
-0.18379008564305
-0.17823912646358
-0.1729622762885
-0.16794280877483
-0.16316514370149
-0.15861476255053
-0.15427813062785
-0.15014262519668
-0.14619646914114
-0.14242866971695
-0.13882896198352
-0.13538775654446
-0.1320960912548
-0.12894558658094
-0.12592840432522
-0.1230372094503
-0.12026513476042
-0.11760574821606
-0.11505302267669
-0.11260130788299
-0.11024530450495
-0.10798004009639
-0.10580084680901
-0.10370334073091
-0.10168340272543
-0.099737160655741
-0.097860972889841
-0.096051412989071
-0.094305255490605
-0.092619462701642
-0.090991172429393
-0.089417686576858
-0.087896460539905
-0.086425093346118
-0.08500131848053
-0.083622995347572
-0.082288101322488
-0.080994724349043
-0.079741056043665
-0.078525385269199
-0.077346092144258
-0.076201642456726
-0.07509058245236
-0.074011533971617
-0.072963189909858
-0.071944309977947
-0.070953716741962
-0.069990291922343
-0.06905297293424
-0.068140749652189
-0.067252661383486
-0.066387794035762
-0.065545277465345
-0.064724282993959
-0.063924021082228
-0.063143739149273
-0.062382719528477
-0.061640277550209
-0.060915759742939
-0.060208542144823
-0.05951802871836
-0.058843649861285
-0.05818486100732
-0.057541141310866
-0.05691199241014
-0.056296937263624
-0.055695519055071
-0.055107300162643
-0.054531861188044
-0.053968800041813
-0.053417731081197
-0.052878284297278
-0.05235010454823
-0.051832850835838
-0.05132619562255
-0.050829824186564
-0.050343434012587
-0.049866734216086
-0.049399444998966
-0.048941297134783
-0.048492031481686
-0.048051398521435
-0.047619157922924
-0.047195078128755
-0.046778935963499
-0.046370516262365
-0.045969611519085
-0.04557602155189
-0.045189553186545
-0.044810019955439
-0.044437241811837
-0.044071044858403
-0.043711261089216
-0.043357728144502
-0.043010289077369
-0.042668792131895
-0.042333090531926
-0.042003042280001
-0.04167850996586
-0.041359360583993
-0.041045465359773
-0.040736699583684
-0.040432942453231
-0.040134076922122
-0.039839989556333
-0.039550570396702
-0.039265712827712
-0.038985313452146
-0.038709271971298
-0.038437491070481
-0.038169876309546
-0.037906336018158
-0.037646781195606
-0.037391125414907
-0.037139284730999
-0.036891177592824
-0.036646724759096
-0.036405849217605
-0.036168476107851
-0.035934532646877
-0.035703948058135
-0.035476653503245
-0.035252582016505
-0.03503166844204
-0.034813849373449
-0.034599063095839
-0.034387249530153
-0.034178350179663
-0.033972308078545
-0.03376906774244
-0.033568575120916
-0.033370777551729
-0.033175623716832
-0.03298306360003
-0.032793048446222
-0.032605530722156
-0.032420464078641
-0.03223780331414
-0.032057504339695
-0.031879524145125
-0.03170382076644
-0.031530353254433
-0.031359081644377
-0.031189966926811
-0.031022971019343
-0.03085805673945
-0.030695187778221
-0.030534328675009
-0.030375444792959
-0.030218502295369
-0.030063468122863
-0.029910309971331
-0.029758996270615
-0.029609496163909
-0.029461779487844
-0.029315816753231
-0.029171579126446
-0.029029038411419
-0.028888167032208
-0.028748938016147
-0.028611324977531
-0.028475302101827
-0.028340844130388
-0.028207926345658
-0.028076524556832
-0.027946615085987
-0.027818174754624
-0.027691180870652
-0.027565611215755
-0.027441444033163
-0.02731865801579
-0.027197232294742
-0.027077146428161
-0.026958380390425
-0.026840914561656
-0.026724729717549
-0.026609807019509
-0.026496128005072
-0.026383674578617
-0.026272429002342
-0.026162373887515
-0.02605349218597
-0.025945767181853
-0.025839182483612
-0.025733722016206
-0.02562937001355
-0.025526111011159
-0.025423929839019
-0.025322811614644
-0.025222741736336
-0.02512370587663
-0.025025689975928
-0.024928680236298
-0.024832663115457
-0.024737625320909
-0.02464355380425
-0.024550435755629
-0.024458258598349
-0.024367009983632
-0.024276677785503
-0.024187250095832
-0.024098715219496
-0.024011061669667
-0.023924278163241
-0.023838353616368
-0.023753277140109
-0.023669038036211
-0.023585625792982
-0.023503030081279
-0.023421240750596
-0.023340247825261
-0.023260041500718
-0.023180612139911
-0.023101950269763
-0.023024046577738
-0.022946891908489
-0.022870477260596
-0.022794793783385
-0.022719832773819
-0.02264558567347
-0.022572044065576
-0.02249919967215
-0.022427044351179
-0.022355570093879
-0.022284769022025
-0.022214633385339
-0.022145155558947
-0.022076328040892
-0.022008143449709
-0.021940594522062
-0.021873674110426
-0.021807375180837
-0.021741690810686
-0.021676614186568
-0.021612138602184
-0.021548257456285
-0.02148496425067
-0.021422252588231
-0.021360116171034
-0.021298548798458
-0.021237544365364
-0.021177096860312
-0.02111720036382
-0.021057849046658
-0.020999037168179
-0.020940759074698
-0.020883009197895
-0.02082578205326
-0.020769072238575
-0.020712874432418
-0.020657183392717
-0.020601993955323
-0.020547301032615
-0.020493099612144
-0.0204393847553
-0.020386151596006
-0.020333395339447
-0.020281111260818
-0.020229294704111
-0.020177941080912
-0.020127045869237
-0.020076604612389
-0.020026612917832
-0.019977066456102
-0.019927960959726
-0.019879292222179
-0.019831056096848
-0.019783248496029
-0.01973586538994
-0.019688902805752
-0.019642356826644
-0.019596223590876
-0.019550499290883
-0.019505180172382
-0.019460262533502
-0.01941574272393
-0.019371617144077
-0.019327882244252
-0.019284534523866
-0.019241570530639
-0.01919898685983
-0.019156780153485
-0.019114947099686
-0.019073484431836
-0.019032388927936
-0.018991657409893
-0.018951286742834
-0.018911273834434
-0.018871615634255
-0.018832309133105
-0.018793351362402
-0.018754739393552
-0.018716470337343
-0.018678541343345
-0.018640949599323
-0.018603692330666
-0.01856676679982
-0.018530170305732
-0.018493900183315
-0.018457953802907
-0.018422328569752
-0.018387021923487
-0.018352031337638
-0.018317354319125
-0.018282988407778
-0.018248931175862
-0.018215180227607
-0.018181733198752
-0.018148587756094
-0.018115741597044
-0.018083192449196
-0.018050938069901
-0.018018976245844
-0.017987304792639
-0.017955921554422
-0.017924824403457
-0.017894011239746
-0.017863479990647
-0.017833228610498
-0.01780325508025
-0.017773557407105
-0.017744133624161
-0.017714981790059
-0.017686099988645
-0.017657486328629
-0.017629138943259
-0.017601055989988
-0.017573235650162
-0.017545676128703
-0.017518375653799
-0.017491332476603
-0.017464544870935
-0.017438011132988
-0.017411729581043
-0.017385698555184
-0.01735991641702
-0.017334381549413
-0.017309092356212
-0.017284047261986
-0.017259244711765
-0.017234683170789
-0.017210361124251
-0.017186277077059
-0.017162429553589
-0.017138817097447
-0.01711543827124
-0.017092291656339
-0.01706937585266
-0.017046689478439
-0.017024231170015
-0.017001999581612
-0.016979993385133
-0.01695821126995
-0.0169366519427
-0.016915314127085
-0.016894196563677
-0.01687329800972
-0.016852617238945
-0.016832153041376
-0.016811904223155
-0.016791869606352
-0.016772048028792
-0.01675243834388
-0.016733039420427
-0.016713850142483
-0.016694869409169
-0.016676096134516
-0.016657529247301
-0.016639167690892
-0.01662101042309
-0.016603056415981
-0.016585304655779
-0.016567754142685
-0.016550403890737
-0.016533252927672
-0.016516300294781
-0.016499545046774
-0.016482986251646
-0.01646662299054
-0.016450454357618
-0.016434479459934
-0.016418697417304
-0.016403107362184
-0.01638770843955
-0.016372499806772
-0.016357480633502
-0.016342650101554
-0.016328007404792
-0.016313551749019
-0.016299282351865
-0.016285198442679
-0.016271299262424
-0.016257584063573
-0.016244052110004
-0.016230702676903
-0.016217535050664
-0.016204548528788
-0.016191742419795
-0.016179116043123
-0.016166668729043
-0.016154399818561
-0.016142308663337
-0.016130394625595
-0.016118657078035
-0.016107095403753
-0.016095708996158
-0.01608449725889
-0.016073459605744
-0.016062595460586
-0.016051904257287
-0.016041385439636
-0.01603103846128
-0.01602086278564
-0.01601085788585
-0.016001023244683
-0.015991358354486
-0.015981862717111
-0.015972535843855
-0.01596337725539
-0.015954386481709
-0.015945563062056
-0.015936906544875
-0.015928416487746
-0.015920092457332
-0.015911934029319
-0.015903940788367
-0.015896112328051
-0.015888448250814
-0.015880948167914
-0.015873611699373
-0.015866438473932
-0.015859428129001
-0.015852580310614
-0.015845894673386
-0.015839370880465
-0.015833008603493
-0.015826807522563
-0.01582076732618
-0.015814887711219
-0.015809168382891
-0.015803609054701
-0.015798209448417
-0.015792969294031
-0.015787888329728
-0.015782966301853
-0.015778202964876
-0.015773598081366
-0.015769151421958
-0.015764862765326
-0.015760731898155
-0.015756758615116
-0.015752942718835
-0.015749284019877
-0.015745782336715
-0.015742437495712
-0.015739249331096
-0.015736217684944
-0.015733342407158
-0.015730623355447
-0.015728060395315
-0.015725653400035
-0.015723402250641
-0.015721306835911
-0.015719367052352
-0.015717582804187
-0.015715954003348
-0.015714480569457
-0.015713162429825
-0.015711999519434
-0.015710991780938
-0.015710139164649
-0.015709441628535
-0.015708899138211
-0.01570851166694
-0.015708279195624
-0.015708201712806
-0.015708279214667
-0.015708511705025
-0.015708899195337
-0.015709441704697
-0.015710139259844
-0.015710991895161
-0.015711999652677
-0.015713162582081
-0.015714480740719
-0.015715954193605
-0.015717583013429
-0.015719367280567
-0.015721307083086
-0.015723402516763
-0.015725653685088
-0.015728060699283
-0.015730623678313
-0.015733342748903
-0.01573621804555
-0.015739249710542
-0.015742437893975
-0.015745782753774
-0.015749284455707
-0.015752943173411
-0.015756759088411
-0.015760732390143
-0.015764863275978
-0.015769151951243
-0.015773598629254
-0.015778203531335
-0.015782966886849
-0.015787888933226
-0.015792969915995
-0.01579821008881
-0.015803609713485
-0.015809169060026
-0.015814888406664
-0.015820768039892
-0.0158268082545
-0.015833009353608
-0.015839371648713
-0.015845895459718
-0.015852581114982
-0.015859428951354
-0.015866439314218
-0.015873612557539
-0.015880949043905
-0.015888449144575
-0.015896113239523
-0.015903941717491
-0.015911934976035
-0.015920093421577
-0.015928417469456
-0.015936907543985
-0.0159455640785
-0.015954387515417
-0.015963378306293
-0.015972536911881
-0.015981863802187
-0.015991359456536
-0.016001024363631
-0.016010859021617
-0.016020863938146
-0.016031039630443
-0.016041386625373
-0.016051905459511
-0.016062596679212
-0.01607346084068
-0.016084498510047
-0.016095710263442
-0.016107096687069
-0.016118658377287
-0.016130395940684
-0.016142309994163
-0.016154401165021
-0.016166670091031
-0.016179117420534
-0.016191743812519
-0.016204549936715
-0.01621753647368
-0.016230704114894
-0.016244053562851
-0.016257585531157
-0.016271300744625
-0.016285199939371
-0.016299283862923
-0.016313553274315
-0.016328008944194
-0.016342651654929
-0.016357482200715
-0.016372501387685
-0.016387710034023
-0.016403108970074
-0.016418699038466
-0.01643448109422
-0.016450456004879
-0.016466624650622
-0.016482987924395
-0.016499546732032
-0.016516301992387
-0.016533254637463
-0.016550405612548
-0.016567755876348
-0.016585306401122
-0.016603058172831
-0.016621012191271
-0.016639169470224
-0.016657531037602
-0.016676097935601
-0.016694871220851
-0.016713851964571
-0.016733041252728
-0.016752440186198
-0.016772049880928
-0.016791871468103
-0.016811906094317
-0.016832154921741
-0.0168526191283
-0.016873299907853
-0.016894198470369
-0.016915316042117
-0.016936653865848
-0.016958213200989
-0.016979995323832
-0.017002001527739
-0.017024233123334
-0.017046691438711
-0.017069377819643
-0.017092293629787
-0.017115440250905
-0.017138819083078
-0.01716243154493
-0.017186279073852
-0.017210363126234
-0.017234685177696
-0.01725924672333
-0.017284049277937
-0.017309094376274
-0.017334383573308
-0.017359918444466
-0.017385700585897
-0.017411731614735
-0.017438013169368
-0.017464546909707
-0.017491334517469
-0.017518377696458
-0.017545678172851
-0.01757323769549
-0.017601058036184
-0.017629140990008
-0.017657488375615
-0.017686102035544
-0.017714983836548
-0.017744135669911
-0.017773559451785
-0.017803257123524
-0.017833230652028
-0.017863482030092
-0.017894013276762
-0.017924826437696
-0.017955923585532
-0.017987306820266
-0.018018978269631
-0.018050940089487
-0.018083194464217
-0.018115743607133
-0.018148589760881
-0.018181735197864
-0.018215182220668
-0.018248933162492
-0.018282990387596
-0.018317356291745
-0.018352033302673
-0.018387023880546
-0.018422330518441
-0.018457955742829
-0.018493902114072
-0.018530172226922
-0.018566768711037
-0.018603694231505
-0.018640951489374
-0.018678543222195
-0.018716472204579
-0.018754741248757
-0.018793353205157
-0.018832310962989
-0.018871617450845
-0.018911275637304
-0.018951288531558
-0.01899165918404
-0.019032390687076
-0.019073486175537
-0.019114948827514
-0.019156781865002
-0.019198988554601
-0.019241572208223
-0.019284536183825
-0.019327883886144
-0.01937161876746
-0.019415744328362
-0.019460264118537
-0.019505181737577
-0.019550500835792
-0.019596225115054
-0.019642358329643
-0.019688904287128
-0.019735866849246
-0.019783249932818
-0.019831057510673
-0.019879293612596
-0.019927962326289
-0.019977067798366
-0.020026614235354
-0.020076605904725
-0.020127047135945
-0.020177942321551
-0.020229295918243
-0.020281112448005
-0.020333396499252
-0.020386152727997
-0.020439385859044
-0.020493100687212
-0.02054730207858
-0.02060199497176
-0.020657184379207
-0.020712875388541
-0.020769073163916
-0.02082578294741
-0.020883010060444
-0.020940759905244
-0.020999037966324
-0.021057849812006
-0.021117201095982
-0.021177097558902
-0.021237545030001
-0.021298549428768
-0.021360116766648
-0.021422253148786
-0.02148496477581
-0.021548257945659
-0.021612139055449
-0.021676614603386
-0.021741691190728
-0.021807375523781
-0.021873674415958
-0.021940594789875
-0.022008143679507
-0.022076328232384
-0.022145155711854
-0.022214633499389
-0.022284769096957
-0.022355570129442
-0.022427044347131
-0.022499199628261
-0.022572043981625
-0.022645585549249
-0.022719832609129
-0.022794793578041
-0.022870477014424
-0.022946891621327
-0.023024046249438
-0.023101949900189
-0.02318061172894
-0.023260041048241
-0.023340247331185
-0.023421240214839
-0.023503029503775
-0.023585625173682
-0.023669037375079
-0.023753276437125
-0.023838352871528
-0.023924277376559
-0.024011060841171
-0.024098714349231
-0.024187249183864
-0.024276676831911
-0.024367008988516
-0.024458257561827
-0.024550434677836
-0.024643552685342
-0.024737624161058
-0.024832661914857
-0.024928678995163
-0.025025688694491
-0.025123704555144
-0.025222740375074
-0.025322810213903
-0.025423928399114
-0.025526109532427
-0.02562936849635
-0.025733720460919
-0.02583918089064
-0.025945765551622
-0.026053490518927
-0.026162372184132
-0.02627242726311
-0.026383672804051
-0.026496126195712
-0.026609805175917
-0.02672472784031
-0.026840912651378
-0.026958378447742
-0.027077144453727
-0.027197230289235
-0.027318655979914
-0.027441441967642
-0.02756560912134
-0.027691178748115
-0.027818172604761
-0.027946612909617
-0.028076522354798
-0.028207924118823
-0.028340841879641
-0.028475299828077
-0.02861132268171
-0.028748935699209
-0.028888164695128
-0.029029036055193
-0.029171576752091
-0.029315814361784
-0.029461777080362
-0.029609493741468
-0.029758993834309
-0.029910307522272
-0.030063465662182
-0.030218499824212
-0.030375442312489
-0.030534326186403
-0.030695185282671
-0.03085805423816
-0.031022968513531
-0.031189964417706
-0.031359079133218
-0.031530350742468
-0.031703818254925
-0.031879521635323
-0.032057501832876
-0.032237800811576
-0.032420461581608
-0.032605528231931
-0.032793045964082
-0.032983061127251
-0.033175621254685
-0.033370775101481
-0.033568572683826
-0.033769065319762
-0.033972305671518
-0.034178347789517
-0.034387247158102
-0.034599060743081
-0.034813847041163
-0.035031666131387
-0.035252579728619
-0.035476651239238
-0.035703945819092
-0.035934530433851
-0.036168473921864
-0.036405847059646
-0.036646722630116
-0.036891175493734
-0.037139282662669
-0.037391123378162
-0.037646779191225
-0.03790633404687
-0.038169874372029
-0.038437489167358
-0.038709270103135
-0.03898531161945
-0.039265711030928
-0.03955056863621
-0.039839987832449
-0.040134075235092
-0.040432940803229
-0.040736697970813
-0.041045463784061
-0.04135935904539
-0.041678508464239
-0.042003040815157
-0.04233308910357
-0.04266879073966
-0.043010287720803
-0.043357726823071
-0.043711259802303
-0.044071043605306
-0.044437240591773
-0.044810018767544
-0.045189552029873
-0.045576020425419
-0.045969610421715
-0.046370515192923
-0.046778934920741
-0.047195077111372
-0.047619156929546
-0.048051397550636
-0.04849203053199
-0.04894129620467
-0.049399444086884
-0.049866733320455
-0.050343433131813
-0.050829823319046
-0.051326194766694
-0.05183284999007
-0.052350103711009
-0.052878283467115
-0.053417730256669
-0.053968799221581
-0.054531860370876
-0.055107299347432
-0.05569551824086
-0.05629693644963
-0.05691199159578
-0.057541140495784
-0.058184860191419
-0.058843649044759
-0.059518027901723
-0.060208541328947
-0.060915758929093
-0.061640276740092
-0.062382718724264
-0.063143738353652
-0.063924020298447
-0.064724282225869
-0.065545276717447
-0.066387793313252
-0.067252660692303
-0.068140748999065
-0.069052972326745
-0.069990291368937
-0.070953716252035
-0.071944309561871
-0.072963189579025
-0.074011533738482
-0.075090582330475
-0.076201642460771
-0.077346092290066
-0.078525385573773
-0.079741056525189
-0.080994725026874
-0.082288102217144
-0.083622996480701
-0.085001319874861
-0.086425095025397
-0.087896462528804
-0.089417688900861
-0.090991175114647
-0.092619465774786
-0.094305258978549
-0.096051416918747
-0.097860977287896
-0.09973716554819
-0.10168340813725
-0.10370334668555
-0.1058008533279
-0.1079800471983
-0.11024531220532
-0.11260131619317
-0.11505303160311
-0.11760575775925
-0.12026514491404
-0.12303722019998
-0.1259284156474
-0.12894559844156
-0.13209610360793
-0.13538776933093
-0.1388289751294
-0.14242868313213
-0.14619648271782
-0.15014263880805
-0.15427814412674
-0.15861477576842
-0.16316515644772
-0.16794282083622
-0.17296228742951
-0.17823913642725
-0.18379009415274
-0.18963312458662
-0.19578752864167
-0.20227405186291
-0.20911500130037
-0.21633437237026
-0.22395798659612
-0.2320136412036
-0.24053127163368
-0.24954312813773
-0.25908396772731
-0.26919126287069
-0.27990542845956
-0.29127006871323
-0.30333224584617
-0.3161427724986
-0.3297565301215
-0.34423281571788
-0.35963571957458
-0.37603453687426
-0.39350421635998
-0.41212584953578
-0.43198720423158
-0.45318330674147
-0.47581707716702
-0.50000002306551
