-0.49975837983002
-0.49446558775129
-0.48926319482016
-0.4841493508216
-0.4791222479961
-0.47418011998299
-0.46932124079179
-0.46454392380062
-0.45984652078108
-0.45522742094871
-0.45068505003849
-0.44621786940455
-0.4418243751435
-0.43750309724071
-0.43325259873893
-0.42907147492859
-0.42495835255928
-0.42091188907167
-0.41693077184952
-0.41301371749105
-0.40915947109923
-0.40536680559047
-0.4016345210212
-0.39796144393183
-0.39434642670769
-0.39078834695634
-0.38728610690107
-0.38383863278981
-0.38044487431933
-0.37710380407418
-0.37381441697993
-0.37057572977051
-0.36738678046897
-0.3642466278817
-0.3611543511053
-0.35810904904615
-0.35510983995209
-0.35215586095604
-0.34924626763108
-0.34638023355688
-0.34355694989697
-0.34077562498681
-0.33803548393203
-0.33533576821697
-0.33267573532292
-0.33005465835594
-0.32747182568405
-0.32492654058347
-0.32241812089361
-0.31994589868076
-0.31750921991012
-0.31510744412591
-0.31273994413953
-0.31040610572533
-0.30810532732402
-0.30583701975327
-0.30360060592557
-0.30139552057297
-0.29922120997862
-0.29707713171485
-0.29496275438773
-0.29287755738784
-0.29082103064718
-0.28879267440191
-0.28679199896099
-0.28481852448038
-0.28287178074271
-0.28095130694238
-0.27905665147571
-0.27718737173634
-0.27534303391543
-0.27352321280673
-0.27172749161636
-0.26995546177711
-0.26820672276721
-0.26648088193349
-0.26477755431864
-0.26309636249277
-0.26143693638882
-0.25979891314199
-0.25818193693291
-0.25658565883461
-0.25500973666303
-0.25345383483115
-0.25191762420644
-0.2504007819718
-0.24890299148969
-0.24742394216948
-0.24596332933788
-0.24452085411244
-0.24309622327797
-0.24168914916589
-0.24029934953631
-0.23892654746296
-0.23757047122066
-0.23623085417552
-0.23490743467759
-0.23359995595606
-0.23230816601678
-0.23103181754225
-0.22977066779384
-0.22852447851623
-0.22729301584412
-0.22607605021097
-0.22487335625994
-0.22368471275672
-0.22250990250447
-0.22134871226061
-0.2202009326555
-0.219066358113
-0.21794478677281
-0.2168360204145
-0.21573986438337
-0.21465612751781
-0.21358462207846
-0.21252516367884
-0.21147757121756
-0.21044166681203
-0.20941727573372
-0.2084042263447
-0.20740235003577
-0.20641148116583
-0.20543145700265
-0.20446211766488
-0.20350330606547
-0.20255486785615
-0.20161665137329
-0.20068850758487
-0.19977029003859
-0.19886185481115
-0.19796306045864
-0.19707376796797
-0.19619384070938
-0.19532314438999
-0.19446154700828
-0.19360891880969
-0.19276513224301
-0.19193006191785
-0.19110358456293
-0.19028557898531
-0.18947592603046
-0.18867450854319
-0.18788121132947
-0.18709592111894
-0.18631852652833
-0.18554891802558
-0.18478698789478
-0.18403263020178
-0.18328574076058
-0.18254621710038
-0.1818139584334
-0.18108886562324
-0.18037084115405
-0.17965978910023
-0.17895561509681
-0.17825822631045
-0.17756753141101
-0.17688344054373
-0.176205865302
-0.17553471870064
-0.17486991514976
-0.17421137042921
-0.17355900166341
-0.17291272729687
-0.17227246707007
-0.17163814199592
-0.17100967433661
-0.17038698758105
-0.16977000642264
-0.1691586567376
-0.16855286556364
-0.16795256107913
-0.16735767258266
-0.16676813047299
-0.16618386622945
-0.16560481239272
-0.16503090254591
-0.16446207129616
-0.16389825425649
-0.16333938802804
-0.1627854101827
-0.16223625924602
-0.16169187468053
-0.16115219686929
-0.16061716709988
-0.16008672754859
-0.159560821265
-0.15903939215683
-0.15852238497509
-0.15800974529949
-0.15750141952418
-0.15699735484374
-0.15649749923944
-0.15600180146578
-0.15551021103726
-0.15502267821542
-0.15453915399616
-0.15405959009723
-0.15358393894602
-0.15311215366758
-0.15264418807281
-0.15217999664696
-0.15171953453826
-0.15126275754683
-0.15080962211376
-0.15036008531043
-0.14991410482801
-0.14947163896713
-0.14903264662779
-0.14859708729946
-0.14816492105129
-0.14773610852261
-0.14731061091352
-0.14688838997569
-0.14646940800334
-0.14605362782435
-0.14564101279157
-0.14523152677428
-0.14482513414977
-0.14442179979516
-0.14402148907925
-0.14362416785463
-0.14322980244988
-0.1428383596619
-0.1424498067484
-0.14206411142054
-0.14168124183567
-0.14130116659023
-0.14092385471274
-0.14054927565696
-0.14017739929514
-0.1398081959114
-0.13944163619526
-0.1390776912352
-0.13871633251245
-0.13835753189478
-0.13800126163047
-0.13764749434237
-0.13729620302206
-0.13694736102409
-0.13660094206037
-0.13625692019464
-0.13591526983697
-0.13557596573849
-0.1352389829861
-0.13490429699729
-0.13457188351509
-0.13424171860311
-0.13391377864058
-0.13358804031759
-0.13326448063033
-0.13294307687644
-0.13262380665047
-0.13230664783934
-0.13199157861796
-0.13167857744487
-0.131367623058
-0.13105869447043
-0.13075177096631
-0.13044683209679
-0.13014385767602
-0.12984282777726
-0.12954372272901
-0.12924652311121
-0.12895120975156
-0.1286577637218
-0.12836616633414
-0.12807639913774
-0.12778844391519
-0.12750228267908
-0.12721789766867
-0.12693527134656
-0.12665438639543
-0.12637522571482
-0.12609777241801
-0.1258220098289
-0.12554792147896
-0.12527549110425
-0.12500470264244
-0.12473554022993
-0.12446798819898
-0.12420203107492
-0.12393765357336
-0.1236748405975
-0.12341357723542
-0.12315384875748
-0.12289564061372
-0.1226389384313
-0.12238372801201
-0.12212999532978
-0.12187772652828
-0.12162690791849
-0.12137752597641
-0.12112956734067
-0.12088301881033
-0.12063786734256
-0.12039410005049
-0.12015170420102
-0.11991066721268
-0.11967097665353
-0.11943262023909
-0.11919558583028
-0.11895986143145
-0.11872543518837
-0.11849229538631
-0.1182604304481
-0.11802982893227
-0.11780047953118
-0.11757237106918
-0.11734549250084
-0.11711983290916
-0.11689538150383
-0.11667212761949
-0.11645006071408
-0.11622917036714
-0.11600944627819
-0.11579087826509
-0.11557345626248
-0.11535717032019
-0.11514201060171
-0.11492796738265
-0.11471503104927
-0.11450319209699
-0.11429244112893
-0.11408276885451
-0.11387416608799
-0.11366662374715
-0.11346013285185
-0.11325468452273
-0.11305026997987
-0.11284688054149
-0.11264450762265
-0.11244314273398
-0.11224277748044
-0.11204340356009
-0.11184501276286
-0.11164759696937
-0.11145114814975
-0.11125565836246
-0.11106111975319
-0.11086752455367
-0.11067486508061
-0.1104831337346
-0.110292322999
-0.1101024254389
-0.10991343370008
-0.10972534050795
-0.10953813866655
-0.10935182105756
-0.10916638063928
-0.10898181044568
-0.10879810358542
-0.10861525324093
-0.10843325266745
-0.10825209519212
-0.10807177421309
-0.10789228319858
-0.10771361568607
-0.10753576528134
-0.10735872565771
-0.10718249055512
-0.10700705377934
-0.10683240920112
-0.10665855075543
-0.10648547244059
-0.10631316831754
-0.10614163250905
-0.10597085919894
-0.10580084263136
-0.10563157710999
-0.10546305699736
-0.10529527671412
-0.10512823073829
-0.10496191360458
-0.10479631990373
-0.10463144428176
-0.10446728143933
-0.1043038261311
-0.10414107316502
-0.10397901740172
-0.10381765375388
-0.10365697718554
-0.10349698271157
-0.10333766539698
-0.10317902035635
-0.10302104275323
-0.10286372779955
-0.10270707075505
-0.10255106692669
-0.1023957116681
-0.10224100037901
-0.10208692850471
-0.10193349153554
-0.10178068500626
-0.10162850449565
-0.10147694562589
-0.10132600406207
-0.10117567551174
-0.10102595572432
-0.10087684049069
-0.10072832564263
-0.10058040705241
-0.10043308063225
-0.10028634233391
-0.1001401881482
-0.099994614104519
-0.09984961627042
-0.099705190751161
-0.099561333689271
-0.099418041264113
-0.099275309691464
-0.09913313522309
-0.098991514146331
-0.098850442783693
-0.098709917492448
-0.098569934664225
-0.098430490724625
-0.09829158213283
-0.098153205381216
-0.09801535699498
-0.09787803353176
-0.097741231581272
-0.097604947764942
-0.097469178735548
-0.097333921176864
-0.09719917180331
-0.097064927359609
-0.096931184620439
-0.096797940390104
-0.096665191502195
-0.096532934819264
-0.0964011672325
-0.096269885661408
-0.096139087053492
-0.096008768383947
-0.095878926655343
-0.09574955889733
-0.095620662166329
-0.095492233545242
-0.095364270143156
-0.095236769095054
-0.095109727561527
-0.094983142728498
-0.094857011806938
-0.094731332032594
-0.094606100665715
-0.094481314990785
-0.094356972316261
-0.094233069974305
-0.094109605320531
-0.093986575733749
-0.093863978615711
-0.093741811390865
-0.093620071506106
-0.093498756430536
-0.093377863655223
-0.093257390692963
-0.093137335078051
-0.093017694366044
-0.092898466133535
-0.09277964797793
-0.092661237517223
-0.092543232389775
-0.092425630254098
-0.092308428788644
-0.092191625691588
-0.092075218680618
-0.091959205492734
-0.091843583884039
-0.091728351629537
-0.091613506522936
-0.091499046376451
-0.091384969020606
-0.091271272304046
-0.091157954093343
-0.091045012272812
-0.090932444744322
-0.090820249427116
-0.090708424257629
-0.090596967189306
-0.09048587619243
-0.090375149253946
-0.090264784377286
-0.0901547795822
-0.090045132904589
-0.089935842396338
-0.089826906125148
-0.089718322174378
-0.089610088642882
-0.089502203644852
-0.089394665309658
-0.089287471781697
-0.089180621220235
-0.089074111799261
-0.088967941707333
-0.088862109147433
-0.088756612336819
-0.088651449506881
-0.088546618902997
-0.088442118784397
-0.088337947424017
-0.088234103108365
-0.088130584137384
-0.088027388824317
-0.087924515495574
-0.0878219624906
-0.087719728161748
-0.087617810874144
-0.087516209005568
-0.087414920946321
-0.087313945099108
-0.087213279878908
-0.087112923712857
-0.08701287504013
-0.086913132311816
-0.086813693990807
-0.086714558551678
-0.086615724480577
-0.086517190275106
-0.086418954444214
-0.086321015508083
-0.086223371998021
-0.086126022456352
-0.086028965436311
-0.085932199501935
-0.085835723227962
-0.085739535199727
-0.085643634013058
-0.085548018274174
-0.085452686599591
-0.085357637616016
-0.085262869960254
-0.085168382279109
-0.08507417322929
-0.084980241477316
-0.084886585699422
-0.084793204581468
-0.084700096818847
-0.084607261116393
-0.084514696188294
-0.084422400758003
-0.084330373558152
-0.084238613330462
-0.08414711882566
-0.084055888803395
-0.083964922032154
-0.083874217289179
-0.083783773360384
-0.083693589040277
-0.083603663131878
-0.08351399444664
-0.083424581804373
-0.083335424033163
-0.083246519969299
-0.083157868457195
-0.083069468349316
-0.082981318506104
-0.082893417795904
-0.082805765094894
-0.082718359287011
-0.082631199263879
-0.082544283924742
-0.082457612176393
-0.082371182933107
-0.08228499511657
-0.082199047655814
-0.08211333948715
-0.082027869554104
-0.08194263680735
-0.081857640204643
-0.081772878710765
-0.081688351297449
-0.081604056943328
-0.081519994633867
-0.081436163361304
-0.08135256212459
-0.081269189929328
-0.081186045787715
-0.081103128718485
-0.081020437746847
-0.080937971904433
-0.080855730229237
-0.080773711765563
-0.080691915563965
-0.080610340681196
-0.080528986180154
-0.080447851129823
-0.080366934605228
-0.080286235687376
-0.080205753463205
-0.080125487025537
-0.08004543547302
-0.079965597910084
-0.079885973446888
-0.07980656119927
-0.079727360288702
-0.079648369842236
-0.079569588992461
-0.079491016877453
-0.079412652640729
-0.079334495431201
-0.079256544403129
-0.079178798716078
-0.079101257534869
-0.079023920029538
-0.078946785375292
-0.078869852752461
-0.078793121346462
-0.078716590347748
-0.078640258951775
-0.07856412635895
-0.078488191774599
-0.07841245440892
-0.078336913476944
-0.078261568198497
-0.078186417798155
-0.07811146150521
-0.07803669855363
-0.077962128182018
-0.077887749633574
-0.077813562156061
-0.077739565001765
-0.077665757427454
-0.077592138694349
-0.077518708068085
-0.077445464818669
-0.077372408220455
-0.077299537552099
-0.077226852096531
-0.077154351140916
-0.077082033976622
-0.077009899899186
-0.076937948208281
-0.07686617820768
-0.076794589205227
-0.076723180512802
-0.076651951446289
-0.076580901325543
-0.076510029474365
-0.076439335220458
-0.076368817895411
-0.076298476834656
-0.076228311377445
-0.076158320866816
-0.076088504649566
-0.076018862076218
-0.075949392500997
-0.075880095281797
-0.075810969780153
-0.075742015361211
-0.075673231393707
-0.075604617249929
-0.075536172305699
-0.075467895940337
-0.075399787536641
-0.075331846480857
-0.075264072162654
-0.075196463975093
-0.07512902131461
-0.075061743580981
-0.074994630177302
-0.074927680509961
-0.074860893988617
-0.074794270026168
-0.074727808038735
-0.074661507445631
-0.074595367669341
-0.074529388135495
-0.074463568272845
-0.074397907513246
-0.074332405291627
-0.074267061045969
-0.074201874217286
-0.074136844249598
-0.074071970589913
-0.0740072526882
-0.07394268999737
-0.073878281973256
-0.073814028074586
-0.073749927762967
-0.073685980502862
-0.073622185761569
-0.073558543009198
-0.073495051718656
-0.073431711365621
-0.073368521428524
-0.073305481388531
-0.073242590729519
-0.073179848938062
-0.073117255503405
-0.07305480991745
-0.072992511674734
-0.072930360272411
-0.072868355210236
-0.072806495990539
-0.072744782118216
-0.072683213100704
-0.072621788447963
-0.072560507672465
-0.072499370289169
-0.072438375815504
-0.072377523771356
-0.072316813679048
-0.072256245063321
-0.072195817451323
-0.072135530372584
-0.072075383359007
-0.072015375944845
-0.071955507666692
-0.071895778063459
-0.071836186676362
-0.071776733048908
-0.071717416726875
-0.071658237258297
-0.071599194193452
-0.071540287084843
-0.071481515487186
-0.07142287895739
-0.071364377054547
-0.071306009339914
-0.071247775376901
-0.071189674731053
-0.07113170697004
-0.071073871663638
-0.071016168383717
-0.070958596704227
-0.070901156201186
-0.070843846452662
-0.07078666703876
-0.070729617541614
-0.070672697545365
-0.070615906636154
-0.070559244402108
-0.070502710433322
-0.070446304321852
-0.070390025661701
-0.070333874048801
-0.070277849081007
-0.070221950358081
-0.070166177481679
-0.070110530055342
-0.070055007684479
-0.069999609976359
-0.069944336540096
-0.069889186986641
-0.069834160928763
-0.069779257981046
-0.069724477759871
-0.069669819883406
-0.069615283971597
-0.069560869646153
-0.069506576530538
-0.069452404249956
-0.069398352431344
-0.069344420703359
-0.069290608696367
-0.069236916042432
-0.069183342375308
-0.069129887330422
-0.069076550544871
-0.069023331657408
-0.068970230308431
-0.068917246139973
-0.068864378795693
-0.068811627920866
-0.06875899316237
-0.068706474168681
-0.068654070589857
-0.068601782077536
-0.068549608284918
-0.06849754886676
-0.068445603479369
-0.068393771780583
-0.068342053429775
-0.068290448087831
-0.068238955417148
-0.068187575081625
-0.068136306746648
-0.06808515007909
-0.068034104747293
-0.067983170421064
-0.067932346771666
-0.06788163347181
-0.067831030195642
-0.067780536618739
-0.067730152418098
-0.06767987727213
-0.067629710860648
-0.067579652864861
-0.067529702967367
-0.067479860852141
-0.067430126204529
-0.067380498711243
-0.067330978060345
-0.067281563941249
-0.067232256044705
-0.067183054062794
-0.067133957688922
-0.067084966617811
-0.067036080545489
-0.066987299169287
-0.066938622187829
-0.066890049301021
-0.066841580210051
-0.066793214617377
-0.066744952226719
-0.066696792743055
-0.066648735872611
-0.066600781322855
-0.066552928802491
-0.06650517802145
-0.066457528690884
-0.066409980523157
-0.066362533231844
-0.066315186531718
-0.066267940138745
-0.066220793770079
-0.066173747144053
-0.066126799980175
-0.06607995199912
-0.066033202922721
-0.065986552473968
-0.065940000376998
-0.065893546357086
-0.065847190140647
-0.065800931455221
-0.065754770029471
-0.065708705593178
-0.065662737877232
-0.065616866613626
-0.065571091535452
-0.065525412376893
-0.06547982887322
-0.065434340760783
-0.065388947777006
-0.06534364966038
-0.065298446150463
-0.065253336987864
-0.065208321914249
-0.065163400672324
-0.06511857300584
-0.065073838659579
-0.065029197379352
-0.064984648911995
-0.064940193005361
-0.064895829408315
-0.064851557870729
-0.064807378143477
-0.064763289978429
-0.064719293128448
-0.06467538734738
-0.064631572390053
-0.064587848012271
-0.064544213970809
-0.064500670023405
-0.06445721592876
-0.064413851446527
-0.064370576337313
-0.064327390362669
-0.064284293285084
-0.064241284867987
-0.064198364875735
-0.06415553307361
-0.064112789227819
-0.064070133105481
-0.064027564474629
-0.063985083104204
-0.063942688764048
-0.063900381224901
-0.063858160258397
-0.063816025637057
-0.063773977134287
-0.063732014524374
-0.06369013758248
-0.063648346084635
-0.063606639807739
-0.063565018529552
-0.063523482028692
-0.063482030084632
-0.063440662477692
-0.063399378989037
-0.063358179400676
-0.06331706349545
-0.063276031057034
-0.063235081869934
-0.063194215719476
-0.063153432391808
-0.063112731673895
-0.063072113353511
-0.063031577219241
-0.062991123060473
-0.062950750667393
-0.062910459830987
-0.06287025034303
-0.062830121996087
-0.062790074583507
-0.06275010789942
-0.062710221738732
-0.062670415897125
-0.062630690171046
-0.062591044357712
-0.0625514782551
-0.062511991661944
-0.062472584377735
-0.062433256202714
-0.062394006937871
-0.062354836384937
-0.062315744346387
-0.062276730625429
-0.062237795026007
-0.062198937352793
-0.062160157411189
-0.062121455007315
-0.062082829948014
-0.062044282040844
-0.062005811094075
-0.061967416916688
-0.061929099318368
-0.061890858109506
-0.061852693101189
-0.061814604105203
-0.061776590934024
-0.06173865340082
-0.061700791319445
-0.061663004504436
-0.06162529277101
-0.061587655935063
-0.061550093813161
-0.061512606222544
-0.06147519298112
-0.061437853907458
-0.061400588820792
-0.061363397541013
-0.061326279888668
-0.061289235684957
-0.061252264751728
-0.061215366911477
-0.061178541987342
-0.061141789803105
-0.061105110183182
-0.061068502952627
-0.061031967937122
-0.060995504962984
-0.06095911385715
-0.060922794447186
-0.060886546561276
-0.060850370028222
-0.060814264677441
-0.060778230338963
-0.060742266843429
-0.060706374022084
-0.06067055170678
-0.060634799729968
-0.060599117924702
-0.060563506124627
-0.060527964163986
-0.06049249187761
-0.06045708910092
-0.060421755669923
-0.060386491421208
-0.060351296191946
-0.060316169819884
-0.060281112143347
-0.060246123001232
-0.060211202233007
-0.060176349678706
-0.060141565178931
-0.060106848574847
-0.060072199708178
-0.060037618421208
-0.060003104556776
-0.059968657958274
-0.059934278469646
-0.059899965935384
-0.059865720200526
-0.059831541110655
-0.059797428511895
-0.05976338225091
-0.059729402174899
-0.059695488131598
-0.059661639969274
-0.059627857536725
-0.059594140683276
-0.059560489258778
-0.059526903113605
-0.059493382098654
-0.059459926065339
-0.059426534865591
-0.059393208351856
-0.059359946377093
-0.05932674879477
-0.059293615458864
-0.059260546223858
-0.05922754094474
-0.059194599476995
-0.059161721676614
-0.059128907400082
-0.05909615650438
-0.059063468846982
-0.059030844285854
-0.058998282679452
-0.058965783886719
-0.058933347767082
-0.058900974180452
-0.058868662987222
-0.058836414048263
-0.058804227224925
-0.058772102379032
-0.058740039372881
-0.058708038069243
-0.058676098331355
-0.058644220022925
-0.058612403008124
-0.058580647151588
-0.058548952318415
-0.058517318374163
-0.058485745184847
-0.05845423261694
-0.058422780537368
-0.058391388813511
-0.058360057313198
-0.058328785904709
-0.058297574456768
-0.058266422838549
-0.058235330919665
-0.058204298570172
-0.058173325660568
-0.058142412061787
-0.058111557645201
-0.058080762282614
-0.058050025846266
-0.058019348208828
-0.057988729243397
-0.057958168823502
-0.057927666823096
-0.057897223116556
-0.057866837578684
-0.0578365100847
-0.057806240510246
-0.05777602873138
-0.057745874624576
-0.057715778066725
-0.057685738935127
-0.057655757107495
-0.057625832461953
-0.05759596487703
-0.057566154231664
-0.057536400405195
-0.05750670327737
-0.057477062728333
-0.057447478638631
-0.057417950889209
-0.057388479361409
-0.057359063936967
-0.057329704498014
-0.057300400927074
-0.057271153107061
-0.057241960921277
-0.057212824253413
-0.057183742987549
-0.057154717008142
-0.05712574620004
-0.057096830448469
-0.057067969639037
-0.05703916365773
-0.057010412390911
-0.056981715725321
-0.056953073548074
-0.056924485746655
-0.056895952208925
-0.056867472823113
-0.056839047477816
-0.056810676062
-0.056782358464997
-0.056754094576502
-0.056725884286574
-0.056697727485636
-0.056669624064469
-0.056641573914213
-0.056613576926368
-0.056585632992788
-0.056557742005685
-0.056529903857621
-0.056502118441514
-0.056474385650631
-0.056446705378588
-0.056419077519353
-0.056391501967239
-0.056363978616902
-0.056336507363349
-0.056309088101924
-0.056281720728317
-0.056254405138558
-0.056227141229014
-0.056199928896394
-0.056172768037741
-0.056145658550436
-0.056118600332191
-0.056091593281056
-0.056064637295408
-0.056037732273959
-0.056010878115747
-0.055984074720141
-0.055957321986837
-0.055930619815854
-0.055903968107538
-0.05587736676256
-0.055850815681909
-0.055824314766899
-0.055797863919163
-0.055771463040651
-0.055745112033633
-0.055718810800694
-0.055692559244735
-0.05566635726897
-0.055640204776928
-0.055614101672448
-0.055588047859681
-0.055562043243087
-0.055536087727435
-0.0555101812178
-0.055484323619565
-0.055458514838417
-0.055432754780347
-0.05540704335165
-0.055381380458922
-0.055355766009061
-0.055330199909262
-0.055304682067021
-0.055279212390131
-0.05525379078668
-0.055228417165055
-0.055203091433933
-0.055177813502287
-0.055152583279381
-0.055127400674771
-0.055102265598304
-0.055077177960113
-0.055052137670623
-0.055027144640543
-0.055002198780869
-0.054977300002883
-0.05495244821815
-0.054927643338519
-0.054902885276118
-0.05487817394336
-0.054853509252936
-0.054828891117816
-0.054804319451249
-0.05477979416676
-0.05475531517815
-0.054730882399496
-0.054706495745148
-0.054682155129731
-0.054657860468141
-0.054633611675545
-0.054609408667381
-0.054585251359355
-0.054561139667444
-0.05453707350789
-0.054513052797203
-0.054489077452157
-0.054465147389794
-0.054441262527415
-0.054417422782589
-0.054393628073143
-0.054369878317166
-0.054346173433008
-0.054322513339279
-0.054298897954844
-0.05427532719883
-0.054251800990616
-0.054228319249839
-0.054204881896391
-0.054181488850417
-0.054158140032317
-0.054134835362739
-0.054111574762587
-0.054088358153012
-0.054065185455416
-0.054042056591449
-0.054018971483011
-0.053995930052245
-0.053972932221545
-0.053949977913546
-0.05392706705113
-0.053904199557421
-0.053881375355788
-0.053858594369839
-0.053835856523427
-0.053813161740641
-0.053790509945813
-0.053767901063513
-0.053745335018546
-0.053722811735957
-0.053700331141028
-0.053677893159273
-0.053655497716445
-0.053633144738528
-0.053610834151738
-0.053588565882527
-0.053566339857576
-0.053544156003797
-0.053522014248333
-0.053499914518554
-0.053477856742061
-0.053455840846682
-0.053433866760471
-0.053411934411709
-0.053390043728901
-0.053368194640778
-0.053346387076294
-0.053324620964628
-0.053302896235179
-0.053281212817569
-0.05325957064164
-0.053237969637454
-0.053216409735295
-0.053194890865663
-0.053173412959276
-0.05315197594707
-0.053130579760199
-0.05310922433003
-0.053087909588146
-0.053066635466347
-0.053045401896642
-0.053024208811257
-0.053003056142628
-0.052981943823404
-0.052960871786443
-0.052939839964815
-0.052918848291799
-0.052897896700882
-0.052876985125761
-0.052856113500337
-0.052835281758721
-0.052814489835229
-0.052793737664382
-0.052773025180906
-0.052752352319732
-0.052731719015991
-0.052711125205022
-0.052690570822361
-0.052670055803749
-0.052649580085125
-0.052629143602631
-0.052608746292606
-0.052588388091588
-0.052568068936314
-0.052547788763719
-0.052527547510934
-0.052507345115285
-0.052487181514297
-0.052467056645686
-0.052446970447365
-0.052426922857439
-0.052406913814209
-0.052386943256164
-0.052367011121989
-0.052347117350557
-0.052327261880933
-0.052307444652373
-0.052287665604321
-0.05226792467641
-0.052248221808461
-0.052228556940482
-0.052208930012671
-0.052189340965408
-0.052169789739261
-0.052150276274984
-0.052130800513514
-0.052111362395973
-0.052091961863665
-0.052072598858079
-0.052053273320884
-0.052033985193931
-0.052014734419254
-0.051995520939066
-0.05197634469576
-0.051957205631908
-0.051938103690261
-0.05191903881375
-0.05190001094548
-0.051881020028737
-0.051862066006981
-0.051843148823849
-0.051824268423152
-0.051805424748878
-0.051786617745189
-0.051767847356418
-0.051749113527076
-0.051730416201841
-0.051711755325568
-0.051693130843282
-0.051674542700178
-0.051655990841621
-0.05163747521315
-0.051618995760468
-0.051600552429452
-0.051582145166143
-0.051563773916754
-0.051545438627661
-0.051527139245411
-0.051508875716714
-0.051490647988449
-0.051472456007656
-0.051454299721543
-0.051436179077483
-0.051418094023009
-0.051400044505822
-0.05138203047378
-0.051364051874909
-0.051346108657393
-0.051328200769578
-0.051310328159972
-0.051292490777241
-0.051274688570214
-0.051256921487875
-0.05123918947937
-0.051221492494002
-0.051203830481233
-0.05118620339068
-0.051168611172119
-0.051151053775481
-0.051133531150854
-0.051116043248479
-0.051098590018756
-0.051081171412235
-0.051063787379623
-0.051046437871779
-0.051029122839715
-0.051011842234597
-0.050994596007741
-0.050977384110617
-0.050960206494843
-0.050943063112191
-0.050925953914582
-0.050908878854085
-0.050891837882922
-0.050874830953459
-0.050857858018216
-0.050840919029856
-0.050824013941193
-0.050807142705187
-0.050790305274943
-0.050773501603715
-0.0507567316449
-0.050739995352043
-0.050723292678832
-0.0507066235791
-0.050689988006825
-0.050673385916126
-0.050656817261268
-0.050640281996656
-0.050623780076841
-0.050607311456512
-0.050590876090502
-0.050574473933783
-0.05055810494147
-0.050541769068816
-0.050525466271215
-0.0505091965042
-0.050492959723443
-0.050476755884755
-0.050460584944083
-0.050444446857514
-0.050428341581273
-0.050412269071718
-0.050396229285348
-0.050380222178794
-0.050364247708826
-0.050348305832348
-0.050332396506398
-0.05031651968815
-0.050300675334911
-0.050284863404122
-0.050269083853357
-0.050253336640324
-0.050237621722862
-0.050221939058942
-0.05020628860667
-0.050190670324278
-0.050175084170134
-0.050159530102734
-0.050144008080704
-0.0501285180628
-0.050113060007909
-0.050097633875046
-0.050082239623353
-0.050066877212103
-0.050051546600696
-0.050036247748659
-0.050020980615647
-0.05000574516144
-0.049990541345947
-0.049975369129202
-0.049960228471364
-0.049945119332719
-0.049930041673675
-0.049914995454769
-0.049899980636658
-0.049884997180126
-0.049870045046078
-0.049855124195545
-0.049840234589679
-0.049825376189754
-0.049810548957168
-0.04979575285344
-0.049780987840209
-0.049766253879238
-0.049751550932407
-0.04973687896172
-0.049722237929299
-0.049707627797387
-0.049693048528345
-0.049678500084654
-0.049663982428912
-0.049649495523839
-0.049635039332269
-0.049620613817156
-0.049606218941571
-0.049591854668701
-0.049577520961851
-0.049563217784442
-0.049548945100011
-0.049534702872209
-0.049520491064806
-0.049506309641684
-0.049492158566841
-0.049478037804388
-0.049463947318552
-0.049449887073673
-0.049435857034205
-0.049421857164713
-0.049407887429876
-0.049393947794488
-0.049380038223451
-0.049366158681781
-0.049352309134606
-0.049338489547164
-0.049324699884805
-0.049310940112988
-0.049297210197284
-0.049283510103374
-0.049269839797047
-0.049256199244203
-0.04924258841085
-0.049229007263107
-0.049215455767197
-0.049201933889457
-0.049188441596326
-0.049174978854355
-0.049161545630201
-0.049148141890626
-0.049134767602502
-0.049121422732806
-0.04910810724862
-0.049094821117133
-0.049081564305638
-0.049068336781537
-0.049055138512332
-0.049041969465634
-0.049028829609155
-0.049015718910714
-0.049002637338231
-0.048989584859731
-0.048976561443343
-0.048963567057297
-0.048950601669928
-0.048937665249671
-0.048924757765065
-0.04891187918475
-0.048899029477467
-0.04888620861206
-0.048873416557473
-0.04886065328275
-0.048847918757036
-0.048835212949578
-0.04882253582972
-0.048809887366907
-0.048797267530684
-0.048784676290694
-0.048772113616681
-0.048759579478484
-0.048747073846044
-0.048734596689397
-0.04872214797868
-0.048709727684124
-0.04869733577606
-0.048684972224915
-0.048672637001213
-0.048660330075575
-0.048648051418716
-0.04863580100145
-0.048623578794686
-0.048611384769427
-0.048599218896772
-0.048587081147915
-0.048574971494146
-0.048562889906847
-0.048550836357497
-0.048538810817667
-0.048526813259022
-0.048514843653322
-0.048502901972418
-0.048490988188256
-0.048479102272873
-0.048467244198401
-0.048455413937061
-0.048443611461168
-0.04843183674313
-0.048420089755443
-0.048408370470699
-0.048396678861576
-0.048385014900847
-0.048373378561374
-0.048361769816109
-0.048350188638094
-0.048338635000462
-0.048327108876436
-0.048315610239326
-0.048304139062534
-0.048292695319549
-0.04828127898395
-0.048269890029403
-0.048258528429666
-0.04824719415858
-0.048235887190077
-0.048224607498177
-0.048213355056985
-0.048202129840695
-0.048190931823588
-0.048179760980031
-0.048168617284478
-0.048157500711468
-0.048146411235628
-0.04813534883167
-0.048124313474392
-0.048113305138677
-0.048102323799492
-0.048091369431892
-0.048080442011015
-0.048069541512082
-0.048058667910402
-0.048047821181365
-0.048037001300447
-0.048026208243206
-0.048015441985284
-0.048004702502408
-0.047993989770386
-0.047983303765109
-0.047972644462553
-0.047962011838774
-0.04795140586991
-0.047940826532184
-0.047930273801898
-0.047919747655437
-0.047909248069267
-0.047898775019936
-0.047888328484072
-0.047877908438384
-0.047867514859663
-0.047857147724779
-0.047846807010682
-0.047836492694404
-0.047826204753055
-0.047815943163826
-0.047805707903987
-0.047795498950886
-0.047785316281953
-0.047775159874694
-0.047765029706695
-0.04775492575562
-0.047744847999213
-0.047734796415294
-0.047724770981763
-0.047714771676595
-0.047704798477846
-0.047694851363646
-0.047684930312205
-0.047675035301808
-0.047665166310818
-0.047655323317675
-0.047645506300894
-0.047635715239067
-0.047625950110863
-0.047616210895026
-0.047606497570376
-0.047596810115808
-0.047587148510293
-0.047577512732878
-0.047567902762682
-0.047558318578903
-0.047548760160811
-0.047539227487751
-0.047529720539143
-0.047520239294479
-0.047510783733329
-0.047501353835332
-0.047491949580206
-0.047482570947736
-0.047473217917787
-0.047463890470291
-0.047454588585259
-0.047445312242769
-0.047436061422976
-0.047426836106105
-0.047417636272454
-0.047408461902393
-0.047399312976364
-0.047390189474882
-0.047381091378531
-0.047372018667968
-0.047362971323922
-0.047353949327192
-0.047344952658648
-0.047335981299232
-0.047327035229954
-0.047318114431898
-0.047309218886215
-0.047300348574129
-0.047291503476932
-0.047282683575986
-0.047273888852725
-0.047265119288648
-0.047256374865329
-0.047247655564406
-0.04723896136759
-0.047230292256658
-0.047221648213458
-0.047213029219905
-0.047204435257984
-0.047195866309746
-0.047187322357313
-0.047178803382872
-0.047170309368681
-0.047161840297063
-0.04715339615041
-0.04714497691118
-0.047136582561901
-0.047128213085165
-0.047119868463633
-0.047111548680031
-0.047103253717155
-0.047094983557863
-0.047086738185082
-0.047078517581806
-0.047070321731094
-0.047062150616069
-0.047054004219924
-0.047045882525913
-0.04703778551736
-0.047029713177652
-0.04702166549024
-0.047013642438643
-0.047005644006442
-0.046997670177286
-0.046989720934886
-0.046981796263019
-0.046973896145526
-0.046966020566312
-0.046958169509346
-0.046950342958662
-0.046942540898358
-0.046934763312593
-0.046927010185592
-0.046919281501645
-0.046911577245101
-0.046903897400375
-0.046896241951945
-0.046888610884352
-0.046881004182199
-0.046873421830151
-0.046865863812938
-0.04685833011535
-0.046850820722241
-0.046843335618525
-0.046835874789181
-0.046828438219248
-0.046821025893827
-0.04681363779808
-0.046806273917232
-0.046798934236569
-0.046791618741437
-0.046784327417245
-0.046777060249462
-0.046769817223618
-0.046762598325304
-0.04675540354017
-0.04674823285393
-0.046741086252356
-0.04673396372128
-0.046726865246596
-0.046719790814256
-0.046712740410274
-0.046705714020721
-0.046698711631732
-0.046691733229497
-0.046684778800268
-0.046677848330356
-0.046670941806131
-0.046664059214023
-0.046657200540519
-0.046650365772168
-0.046643554895574
-0.046636767897402
-0.046630004764375
-0.046623265483276
-0.046616550040943
-0.046609858424276
-0.046603190620229
-0.046596546615818
-0.046589926398114
-0.046583329954248
-0.046576757271406
-0.046570208336835
-0.046563683137835
-0.046557181661768
-0.04655070389605
-0.046544249828156
-0.046537819445617
-0.04653141273602
-0.046525029687011
-0.046518670286292
-0.04651233452162
-0.04650602238081
-0.046499733851734
-0.046493468922319
-0.046487227580548
-0.046481009814461
-0.046474815612153
-0.046468644961776
-0.046462497851538
-0.046456374269701
-0.046450274204583
-0.046444197644559
-0.046438144578057
-0.046432114993563
-0.046426108879616
-0.046420126224811
-0.046414167017798
-0.046408231247281
-0.04640231890202
-0.046396429970829
-0.046390564442577
-0.046384722306186
-0.046378903550635
-0.046373108164956
-0.046367336138234
-0.046361587459609
-0.046355862118277
-0.046350160103484
-0.046344481404534
-0.046338826010782
-0.046333193911636
-0.046327585096562
-0.046321999555073
-0.046316437276741
-0.046310898251188
-0.046305382468091
-0.04629988991718
-0.046294420588235
-0.046288974471093
-0.046283551555643
-0.046278151831824
-0.04627277528963
-0.046267421919108
-0.046262091710356
-0.046256784653525
-0.046251500738819
-0.046246239956492
-0.046241002296854
-0.046235787750263
-0.046230596307132
-0.046225427957924
-0.046220282693154
-0.04621516050339
-0.046210061379251
-0.046204985311407
-0.04619993229058
-0.046194902307543
-0.046189895353122
-0.046184911418191
-0.046179950493677
-0.04617501257056
-0.046170097639868
-0.04616520569268
-0.046160336720129
-0.046155490713395
-0.046150667663711
-0.046145867562359
-0.046141090400674
-0.046136336170039
-0.046131604861888
-0.046126896467706
-0.046122210979028
-0.046117548387439
-0.046112908684573
-0.046108291862116
-0.046103697911802
-0.046099126825417
-0.046094578594795
-0.046090053211821
-0.046085550668427
-0.046081070956599
-0.046076614068368
-0.046072179995817
-0.046067768731078
-0.046063380266332
-0.046059014593808
-0.046054671705787
-0.046050351594597
-0.046046054252615
-0.046041779672267
-0.046037527846029
-0.046033298766425
-0.046029092426027
-0.046024908817457
-0.046020747933384
-0.046016609766527
-0.046012494309654
-0.046008401555579
-0.046004331497165
-0.046000284127325
-0.045996259439019
-0.045992257425255
-0.04598827807909
-0.045984321393626
-0.045980387362018
-0.045976475977464
-0.045972587233212
-0.045968721122559
-0.045964877638847
-0.045961056775468
-0.045957258525859
-0.045953482883508
-0.045949729841946
-0.045945999394755
-0.045942291535564
-0.045938606258046
-0.045934943555926
-0.045931303422973
-0.045927685853002
-0.045924090839879
-0.045920518377514
-0.045916968459865
-0.045913441080935
-0.045909936234777
-0.045906453915489
-0.045902994117214
-0.045899556834145
-0.045896142060519
-0.045892749790621
-0.045889380018782
-0.045886032739378
-0.045882707946834
-0.045879405635619
-0.04587612580025
-0.045872868435289
-0.045869633535344
-0.04586642109507
-0.045863231109167
-0.045860063572382
-0.045856918479508
-0.045853795825382
-0.045850695604889
-0.045847617812959
-0.045844562444568
-0.045841529494737
-0.045838518958532
-0.045835530831066
-0.045832565107498
-0.045829621783031
-0.045826700852913
-0.04582380231244
-0.04582092615695
-0.045818072381829
-0.045815240982507
-0.045812431954459
-0.045809645293206
-0.045806880994313
-0.045804139053391
-0.045801419466096
-0.045798722228128
-0.045796047335233
-0.0457933947832
-0.045790764567867
-0.045788156685111
-0.045785571130859
-0.045783007901079
-0.045780466991786
-0.045777948399038
-0.045775452118939
-0.045772978147636
-0.045770526481322
-0.045768097116233
-0.045765690048651
-0.045763305274901
-0.045760942791353
-0.045758602594421
-0.045756284680563
-0.045753989046282
-0.045751715688125
-0.045749464602682
-0.045747235786588
-0.045745029236523
-0.045742844949209
-0.045740682921414
-0.045738543149947
-0.045736425631664
-0.045734330363464
-0.045732257342289
-0.045730206565125
-0.045728178029003
-0.045726171730996
-0.045724187668221
-0.04572222583784
-0.045720286237056
-0.04571836886312
-0.045716473713322
-0.045714600784997
-0.045712750075525
-0.045710921582328
-0.045709115302872
-0.045707331234664
-0.045705569375259
-0.045703829722251
-0.04570211227328
-0.045700417026028
-0.045698743978221
-0.045697093127626
-0.045695464472057
-0.045693858009368
-0.045692273737456
-0.045690711654265
-0.045689171757776
-0.045687654046019
-0.045686158517063
-0.045684685169021
-0.045683234000049
-0.045681805008347
-0.045680398192157
-0.045679013549763
-0.045677651079492
-0.045676310779717
-0.045674992648848
-0.045673696685343
-0.045672422887701
-0.045671171254462
-0.045669941784211
-0.045668734475574
-0.045667549327221
-0.045666386337863
-0.045665245506256
-0.045664126831196
-0.045663030311523
-0.04566195594612
-0.04566090373391
-0.04565987367386
-0.045658865764982
-0.045657880006326
-0.045656916396986
-0.0456559749361
-0.045655055622846
-0.045654158456447
-0.045653283436166
-0.045652430561308
-0.045651599831224
-0.045650791245302
-0.045650004802976
-0.045649240503721
-0.045648498347055
-0.045647778332537
-0.045647080459768
-0.045646404728393
-0.045645751138097
-0.04564511968861
-0.0456445103797
-0.04564392321118
-0.045643358182905
-0.045642815294771
-0.045642294546717
-0.045641795938723
-0.045641319470812
-0.045640865143049
-0.045640432955539
-0.045640022908432
-0.045639635001918
-0.045639269236229
-0.04563892561164
-0.045638604128468
-0.045638304787069
-0.045638027587846
-0.045637772531238
-0.045637539617732
-0.045637328847851
-0.045637140222165
-0.045636973741281
-0.045636829405853
-0.045636707216572
-0.045636607174173
-0.045636529279435
-0.045636473533174
-0.045636439936251
-0.045636428489569
-0.045636439194071
-0.045636472050744
-0.045636527060613
-0.045636604224749
-0.045636703544263
-0.045636825020307
-0.045636968654076
-0.045637134446805
-0.045637322399773
-0.045637532514299
-0.045637764791744
-0.045638019233512
-0.045638295841046
-0.045638594615834
-0.045638915559403
-0.045639258673324
-0.045639623959207
-0.045640011418706
-0.045640421053515
-0.045640852865371
-0.045641306856052
-0.045641783027379
-0.045642281381211
-0.045642801919454
-0.045643344644051
-0.045643909556989
-0.045644496660296
-0.045645105956042
-0.045645737446339
-0.04564639113334
-0.045647067019239
-0.045647765106273
-0.045648485396721
-0.045649227892902
-0.045649992597178
-0.045650779511952
-0.045651588639669
-0.045652419982816
-0.045653273543921
-0.045654149325554
-0.045655047330326
-0.045655967560892
-0.045656910019945
-0.045657874710224
-0.045658861634507
-0.045659870795613
-0.045660902196405
-0.045661955839787
-0.045663031728703
-0.045664129866142
-0.045665250255132
-0.045666392898744
-0.04566755780009
-0.045668744962324
-0.045669954388644
-0.045671186082286
-0.04567244004653
-0.045673716284697
-0.045675014800151
-0.045676335596298
-0.045677678676582
-0.045679044044495
-0.045680431703566
-0.045681841657367
-0.045683273909513
-0.045684728463661
-0.045686205323509
-0.045687704492796
-0.045689225975304
-0.045690769774858
-0.045692335895324
-0.045693924340609
-0.045695535114663
-0.045697168221478
-0.045698823665089
-0.04570050144957
-0.045702201579039
-0.045703924057658
-0.045705668889627
-0.045707436079191
-0.045709225630636
-0.04571103754829
-0.045712871836524
-0.045714728499751
-0.045716607542425
-0.045718508969043
-0.045720432784144
-0.04572237899231
-0.045724347598164
-0.045726338606373
-0.045728352021644
-0.045730387848728
-0.045732446092417
-0.045734526757547
-0.045736629848996
-0.045738755371682
-0.045740903330568
-0.045743073730659
-0.045745266577002
-0.045747481874687
-0.045749719628845
-0.045751979844651
-0.045754262527322
-0.045756567682117
-0.04575889531434
-0.045761245429334
-0.045763618032487
-0.045766013129229
-0.045768430725033
-0.045770870825414
-0.045773333435931
-0.045775818562184
-0.045778326209817
-0.045780856384516
-0.045783409092011
-0.045785984338073
-0.045788582128519
-0.045791202469205
-0.045793845366034
-0.045796510824947
-0.045799198851934
-0.045801909453022
-0.045804642634286
-0.04580739840184
-0.045810176761845
-0.045812977720502
-0.045815801284058
-0.0458186474588
-0.04582151625106
-0.045824407667214
-0.045827321713679
-0.045830258396919
-0.045833217723437
-0.045836199699782
-0.045839204332547
-0.045842231628366
-0.045845281593918
-0.045848354235927
-0.045851449561157
-0.045854567576419
-0.045857708288565
-0.045860871704493
-0.045864057831143
-0.045867266675499
-0.04587049824459
-0.045873752545487
-0.045877029585307
-0.045880329371208
-0.045883651910395
-0.045886997210115
-0.045890365277659
-0.045893756120363
-0.045897169745608
-0.045900606160815
-0.045904065373455
-0.045907547391038
-0.045911052221121
-0.045914579871304
-0.045918130349234
-0.045921703662599
-0.045925299819132
-0.045928918826613
-0.045932560692863
-0.045936225425751
-0.045939913033187
-0.045943623523129
-0.045947356903577
-0.045951113182577
-0.04595489236822
-0.045958694468642
-0.045962519492022
-0.045966367446585
-0.045970238340602
-0.045974132182387
-0.045978048980302
-0.04598198874275
-0.045985951478182
-0.045989937195093
-0.045993945902025
-0.045997977607563
-0.046002032320338
-0.046006110049027
-0.046010210802352
-0.046014334589081
-0.046018481418026
-0.046022651298046
-0.046026844238046
-0.046031060246974
-0.046035299333828
-0.046039561507647
-0.04604384677752
-0.046048155152579
-0.046052486642004
-0.046056841255019
-0.046061219000896
-0.046065619888952
-0.046070043928549
-0.046074491129098
-0.046078961500054
-0.046083455050919
-0.046087971791242
-0.046092511730618
-0.046097074878688
-0.04610166124514
-0.046106270839709
-0.046110903672175
-0.046115559752367
-0.046120239090159
-0.046124941695473
-0.046129667578277
-0.046134416748587
-0.046139189216465
-0.046143984992021
-0.046148804085411
-0.046153646506839
-0.046158512266556
-0.04616340137486
-0.046168313842099
-0.046173249678664
-0.046178208894996
-0.046183191501584
-0.046188197508964
-0.04619322692772
-0.046198279768483
-0.046203356041932
-0.046208455758795
-0.046213578929847
-0.046218725565911
-0.046223895677859
-0.046229089276611
-0.046234306373133
-0.046239546978442
-0.046244811103602
-0.046250098759728
-0.046255409957979
-0.046260744709567
-0.046266103025749
-0.046271484917833
-0.046276890397176
-0.046282319475182
-0.046287772163307
-0.046293248473052
-0.04629874841597
-0.046304272003662
-0.046309819247779
-0.046315390160021
-0.046320984752137
-0.046326603035927
-0.046332245023237
-0.046337910725966
-0.046343600156062
-0.046349313325522
-0.046355050246394
-0.046360810930774
-0.046366595390809
-0.046372403638697
-0.046378235686686
-0.046384091547072
-0.046389971232204
-0.04639587475448
-0.046401802126349
-0.04640775336031
-0.046413728468914
-0.04641972746476
-0.046425750360501
-0.04643179716884
-0.046437867902528
-0.046443962574371
-0.046450081197225
-0.046456223783996
-0.046462390347643
-0.046468580901175
-0.046474795457652
-0.046481034030188
-0.046487296631947
-0.046493583276145
-0.046499893976049
-0.04650622874498
-0.046512587596309
-0.04651897054346
-0.046525377599908
-0.046531808779183
-0.046538264094865
-0.046544743560587
-0.046551247190034
-0.046557774996946
-0.046564326995113
-0.046570903198378
-0.04657750362064
-0.046584128275846
-0.046590777178002
-0.046597450341162
-0.046604147779436
-0.046610869506987
-0.046617615538032
-0.046624385886839
-0.046631180567733
-0.046637999595091
-0.046644842983345
-0.046651710746979
-0.046658602900533
-0.046665519458601
-0.04667246043583
-0.046679425846922
-0.046686415706635
-0.046693430029778
-0.046700468831219
-0.046707532125878
-0.046714619928731
-0.046721732254807
-0.046728869119194
-0.046736030537031
-0.046743216523516
-0.046750427093899
-0.046757662263488
-0.046764922047645
-0.04677220646179
-0.046779515521396
-0.046786849241995
-0.046794207639171
-0.046801590728569
-0.046808998525886
-0.046816431046878
-0.046823888307357
-0.046831370323192
-0.046838877110306
-0.046846408684683
-0.046853965062361
-0.046861546259436
-0.046869152292061
-0.046876783176447
-0.046884438928861
-0.04689211956563
-0.046899825103135
-0.046907555557819
-0.046915310946179
-0.046923091284772
-0.046930896590213
-0.046938726879175
-0.046946582168389
-0.046954462474646
-0.046962367814794
-0.04697029820574
-0.04697825366445
-0.046986234207948
-0.04699423985332
-0.047002270617708
-0.047010326518316
-0.047018407572404
-0.047026513797295
-0.047034645210371
-0.047042801829072
-0.047050983670899
-0.047059190753415
-0.04706742309424
-0.047075680711056
-0.047083963621605
-0.047092271843692
-0.047100605395179
-0.04710896429399
-0.047117348558112
-0.047125758205592
-0.047134193254536
-0.047142653723115
-0.04715113962956
-0.047159650992162
-0.047168187829278
-0.047176750159322
-0.047185338000774
-0.047193951372173
-0.047202590292124
-0.047211254779291
-0.047219944852404
-0.047228660530252
-0.047237401831689
-0.047246168775633
-0.047254961381064
-0.047263779667025
-0.047272623652624
-0.04728149335703
-0.047290388799478
-0.047299309999266
-0.047308256975757
-0.047317229748378
-0.047326228336619
-0.047335252760035
-0.047344303038248
-0.047353379190941
-0.047362481237864
-0.047371609198833
-0.047380763093729
-0.047389942942495
-0.047399148765144
-0.047408380581752
-0.047417638412463
-0.047426922277485
-0.047436232197093
-0.047445568191627
-0.047454930281498
-0.047464318487178
-0.047473732829208
-0.047483173328198
-0.047492640004822
-0.047502132879824
-0.047511651974012
-0.047521197308265
-0.047530768903528
-0.047540366780814
-0.047549990961206
-0.047559641465852
-0.047569318315971
-0.047579021532849
-0.047588751137843
-0.047598507152375
-0.047608289597941
-0.047618098496103
-0.047627933868492
-0.04763779573681
-0.04764768412283
-0.047657599048392
-0.047667540535408
-0.04767750860586
-0.047687503281801
-0.047697524585352
-0.047707572538709
-0.047717647164135
-0.047727748483967
-0.047737876520612
-0.047748031296549
-0.047758212834327
-0.04776842115657
-0.047778656285972
-0.047788918245299
-0.047799207057391
-0.047809522745158
-0.047819865331587
-0.047830234839733
-0.047840631292727
-0.047851054713774
-0.047861505126151
-0.047871982553208
-0.047882487018372
-0.04789301854514
-0.047903577157087
-0.04791416287786
-0.047924775731183
-0.047935415740851
-0.047946082930739
-0.047956777324793
-0.047967498947037
-0.047978247821569
-0.047989023972564
-0.047999827424273
-0.048010658201023
-0.048021516327217
-0.048032401827335
-0.048043314725934
-0.048054255047647
-0.048065222817186
-0.04807621805934
-0.048087240798973
-0.048098291061031
-0.048109368870535
-0.048120474252586
-0.048131607232362
-0.048142767835121
-0.048153956086199
-0.048165172011012
-0.048176415635054
-0.0481876869839
-0.048198986083203
-0.048210312958698
-0.048221667636199
-0.0482330501416
-0.048244460500877
-0.048255898740084
-0.04826736488536
-0.048278858962923
-0.048290380999071
-0.048301931020188
-0.048313509052734
-0.048325115123257
-0.048336749258384
-0.048348411484826
-0.048360101829375
-0.048371820318907
-0.048383566980384
-0.048395341840846
-0.048407144927422
-0.048418976267322
-0.048430835887841
-0.048442723816358
-0.048454640080337
-0.048466584707327
-0.048478557724962
-0.048490559160962
-0.048502589043131
-0.048514647399361
-0.048526734257628
-0.048538849645995
-0.048550993592614
-0.048563166125719
-0.048575367273635
-0.048587597064773
-0.048599855527632
-0.048612142690797
-0.048624458582943
-0.048636803232834
-0.048649176669319
-0.048661578921339
-0.048674010017924
-0.048686469988191
-0.048698958861349
-0.048711476666695
-0.048724023433617
-0.048736599191592
-0.048749203970191
-0.048761837799072
-0.048774500707986
-0.048787192726775
-0.048799913885372
-0.048812664213804
-0.048825443742187
-0.048838252500732
-0.048851090519742
-0.048863957829612
-0.048876854460832
-0.048889780443983
-0.048902735809743
-0.048915720588881
-0.048928734812261
-0.048941778510844
-0.048954851715683
-0.048967954457928
-0.048981086768823
-0.048994248679708
-0.04900744022202
-0.049020661427291
-0.04903391232715
-0.049047192953325
-0.049060503337637
-0.049073843512007
-0.049087213508453
-0.049100613359093
-0.049114043096139
-0.049127502751906
-0.049140992358805
-0.049154511949347
-0.049168061556143
-0.049181641211903
-0.049195250949438
-0.049208890801658
-0.049222560801575
-0.0492362609823
-0.049249991377048
-0.049263752019134
-0.049277542941975
-0.049291364179089
-0.049305215764099
-0.049319097730728
-0.049333010112806
-0.049346952944261
-0.04936092625913
-0.049374930091551
-0.049388964475766
-0.049403029446125
-0.049417125037079
-0.049431251283186
-0.04944540821911
-0.049459595879622
-0.049473814299596
-0.049488063514016
-0.04950234355797
-0.049516654466656
-0.049530996275378
-0.049545369019549
-0.049559772734688
-0.049574207456425
-0.049588673220497
-0.049603170062753
-0.049617698019149
-0.049632257125752
-0.049646847418738
-0.049661468934397
-0.049676121709125
-0.049690805779434
-0.049705521181945
-0.049720267953391
-0.049735046130619
-0.049749855750588
-0.049764696850368
-0.049779569467146
-0.049794473638219
-0.049809409401002
-0.049824376793021
-0.04983937585192
-0.049854406615455
-0.049869469121499
-0.049884563408043
-0.04989968951319
-0.049914847475164
-0.049930037332303
-0.049945259123063
-0.049960512886018
-0.049975798659862
-0.049991116483405
-0.050006466395576
-0.050021848435425
-0.05003726264212
-0.05005270905495
-0.050068187713324
-0.050083698656772
-0.050099241924945
-0.050114817557616
-0.050130425594679
-0.050146066076152
-0.050161739042174
-0.050177444533008
-0.050193182589041
-0.050208953250782
-0.050224756558867
-0.050240592554055
-0.05025646127723
-0.050272362769403
-0.050288297071709
-0.050304264225412
-0.050320264271901
-0.05033629725269
-0.050352363209426
-0.050368462183878
-0.050384594217949
-0.050400759353667
-0.050416957633191
-0.050433189098809
-0.050449453792938
-0.050465751758129
-0.050482083037059
-0.050498447672542
-0.050514845707519
-0.050531277185067
-0.050547742148392
-0.050564240640835
-0.050580772705872
-0.050597338387111
-0.050613937728294
-0.0506305707733
-0.050647237566142
-0.050663938150969
-0.050680672572065
-0.050697440873854
-0.050714243100893
-0.05073107929788
-0.050747949509648
-0.050764853781172
-0.050781792157563
-0.050798764684072
-0.050815771406091
-0.050832812369152
-0.050849887618927
-0.05086699720123
-0.050884141162017
-0.050901319547385
-0.050918532403574
-0.05093577977697
-0.050953061714098
-0.050970378261631
-0.050987729466384
-0.051005115375319
-0.051022536035543
-0.051039991494309
-0.051057481799017
-0.051075006997213
-0.051092567136591
-0.051110162264994
-0.051127792430412
-0.051145457680987
-0.051163158065007
-0.051180893630912
-0.051198664427292
-0.05121647050289
-0.051234311906598
-0.051252188687462
-0.051270100894679
-0.0512880485776
-0.051306031785732
-0.051324050568731
-0.051342104976413
-0.051360195058747
-0.051378320865858
-0.051396482448026
-0.051414679855691
-0.051432913139448
-0.051451182350051
-0.051469487538412
-0.051487828755602
-0.051506206052853
-0.051524619481555
-0.05154306909326
-0.051561554939681
-0.051580077072694
-0.051598635544336
-0.051617230406806
-0.051635861712469
-0.051654529513852
-0.051673233863648
-0.051691974814716
-0.051710752420077
-0.051729566732923
-0.051748417806611
-0.051767305694664
-0.051786230450776
-0.051805192128807
-0.051824190782788
-0.05184322646692
-0.051862299235574
-0.051881409143291
-0.051900556244786
-0.051919740594944
-0.051938962248825
-0.051958221261661
-0.051977517688858
-0.051996851585997
-0.052016223008836
-0.052035632013306
-0.052055078655517
-0.052074562991756
-0.052094085078485
-0.052113644972348
-0.052133242730166
-0.052152878408941
-0.052172552065855
-0.052192263758269
-0.052212013543729
-0.052231801479961
-0.052251627624875
-0.052271492036563
-0.052291394773303
-0.052311335893557
-0.052331315455974
-0.052351333519386
-0.052371390142815
-0.052391485385469
-0.052411619306745
-0.052431791966228
-0.052452003423694
-0.052472253739107
-0.052492542972623
-0.052512871184591
-0.052533238435551
-0.052553644786235
-0.05257409029757
-0.052594575030678
-0.052615099046875
-0.052635662407672
-0.052656265174778
-0.052676907410099
-0.052697589175739
-0.052718310533999
-0.05273907154738
-0.052759872278586
-0.052780712790518
-0.052801593146279
-0.052822513409177
-0.05284347364272
-0.052864473910621
-0.052885514276797
-0.052906594805371
-0.052927715560672
-0.052948876607235
-0.052970078009801
-0.052991319833323
-0.05301260214296
-0.053033925004081
-0.053055288482267
-0.053076692643309
-0.053098137553211
-0.053119623278189
-0.053141149884672
-0.053162717439305
-0.053184326008948
-0.053205975660676
-0.05322766646178
-0.053249398479772
-0.053271171782379
-0.053292986437548
-0.053314842513447
-0.053336740078464
-0.053358679201209
-0.053380659950514
-0.053402682395435
-0.05342474660525
-0.053446852649465
-0.05346900059781
-0.053491190520242
-0.053513422486944
-0.05353569656833
-0.053558012835042
-0.05358037135795
-0.053602772208157
-0.053625215456999
-0.05364770117604
-0.053670229437083
-0.05369280031216
-0.053715413873543
-0.053738070193737
-0.053760769345484
-0.053783511401765
-0.0538062964358
-0.053829124521048
-0.053851995731207
-0.053874910140219
-0.053897867822268
-0.05392086885178
-0.053943913303424
-0.053967001252119
-0.053990132773024
-0.054013307941549
-0.054036526833351
-0.054059789524335
-0.054083096090656
-0.05410644660872
-0.054129841155185
-0.054153279806961
-0.054176762641212
-0.054200289735355
-0.054223861167066
-0.054247477014274
-0.054271137355166
-0.05429484226819
-0.05431859183205
-0.054342386125713
-0.054366225228406
-0.054390109219618
-0.054414038179104
-0.05443801218688
-0.054462031323229
-0.054486095668701
-0.054510205304113
-0.05453436031055
-0.054558560769368
-0.054582806762191
-0.054607098370917
-0.054631435677714
-0.054655818765028
-0.054680247715575
-0.05470472261235
-0.054729243538624
-0.054753810577944
-0.05477842381414
-0.054803083331318
-0.054827789213869
-0.054852541546462
-0.054877340414052
-0.05490218590188
-0.054927078095468
-0.054952017080629
-0.054977002943462
-0.055002035770355
-0.055027115647985
-0.055052242663322
-0.055077416903627
-0.055102638456456
-0.055127907409657
-0.055153223851375
-0.055178587870054
-0.055203999554433
-0.055229458993552
-0.055254966276749
-0.055280521493667
-0.055306124734249
-0.055331776088744
-0.055357475647705
-0.055383223501991
-0.055409019742768
-0.055434864461514
-0.055460757750013
-0.055486699700363
-0.055512690404972
-0.055538729956565
-0.055564818448177
-0.055590955973165
-0.055617142625198
-0.055643378498268
-0.055669663686683
-0.055695998285076
-0.0557223823884
-0.055748816091931
-0.055775299491273
-0.055801832682355
-0.055828415761431
-0.055855048825088
-0.055881731970242
-0.055908465294138
-0.055935248894357
-0.055962082868813
-0.055988967315756
-0.056015902333773
-0.056042888021787
-0.056069924479063
-0.056097011805207
-0.056124150100166
-0.056151339464232
-0.056178579998041
-0.056205871802576
-0.056233214979167
-0.056260609629496
-0.056288055855591
-0.056315553759837
-0.05634310344497
-0.05637070501408
-0.056398358570616
-0.056426064218383
-0.056453822061546
-0.056481632204631
-0.056509494752524
-0.056537409810477
-0.056565377484108
-0.056593397879399
-0.0566214711027
-0.056649597260734
-0.056677776460593
-0.05670600880974
-0.056734294416015
-0.056762633387632
-0.056791025833184
-0.056819471861639
-0.05684797158235
-0.05687652510505
-0.056905132539854
-0.056933793997263
-0.056962509588166
-0.056991279423839
-0.057020103615946
-0.057048982276547
-0.05707791551809
-0.057106903453421
-0.057135946195781
-0.057165043858809
-0.057194196556543
-0.057223404403424
-0.057252667514294
-0.057281986004401
-0.057311359989396
-0.057340789585343
-0.057370274908712
-0.057399816076385
-0.057429413205657
-0.057459066414239
-0.057488775820256
-0.057518541542253
-0.057548363699195
-0.057578242410468
-0.057608177795882
-0.057638169975671
-0.057668219070497
-0.057698325201452
-0.057728488490056
-0.057758709058263
-0.05778898702846
-0.057819322523473
-0.057849715666563
-0.057880166581431
-0.05791067539222
-0.057941242223517
-0.057971867200355
-0.058002550448211
-0.058033292093015
-0.058064092261145
-0.058094951079434
-0.058125868675168
-0.058156845176091
-0.058187880710406
-0.058218975406776
-0.058250129394325
-0.058281342802645
-0.058312615761792
-0.058343948402291
-0.058375340855138
-0.058406793251802
-0.058438305724225
-0.058469878404827
-0.058501511426507
-0.058533204922642
-0.058564959027095
-0.058596773874212
-0.058628649598827
-0.058660586336262
-0.058692584222331
-0.058724643393339
-0.058756763986091
-0.058788946137884
-0.058821189986519
-0.058853495670297
-0.058885863328023
-0.058918293099007
-0.05895078512307
-0.058983339540543
-0.059015956492266
-0.059048636119601
-0.05908137856442
-0.059114183969119
-0.059147052476615
-0.059179984230349
-0.059212979374286
-0.059246038052924
-0.059279160411289
-0.059312346594939
-0.059345596749973
-0.059378911023021
-0.059412289561259
-0.059445732512403
-0.059479240024715
-0.059512812247004
-0.059546449328628
-0.0595801514195
-0.059613918670086
-0.059647751231408
-0.059681649255051
-0.059715612893159
-0.059749642298443
-0.059783737624179
-0.059817899024215
-0.05985212665297
-0.059886420665438
-0.059920781217189
-0.059955208464375
-0.05998970256373
-0.060024263672573
-0.060058891948809
-0.060093587550936
-0.060128350638044
-0.060163181369817
-0.060198079906541
-0.060233046409099
-0.06026808103898
-0.06030318395828
-0.060338355329702
-0.060373595316563
-0.060408904082793
-0.06044428179294
-0.060479728612173
-0.060515244706284
-0.06055083024169
-0.060586485385437
-0.060622210305203
-0.0606580051693
-0.060693870146679
-0.060729805406928
-0.06076581112028
-0.060801887457616
-0.060838034590462
-0.060874252691001
-0.060910541932065
-0.06094690248715
-0.060983334530409
-0.061019838236661
-0.061056413781391
-0.061093061340755
-0.061129781091583
-0.061166573211379
-0.06120343787833
-0.061240375271302
-0.061277385569849
-0.061314468954215
-0.061351625605333
-0.061388855704834
-0.061426159435046
-0.061463536979002
-0.061500988520436
-0.061538514243794
-0.061576114334231
-0.061613788977619
-0.061651538360548
-0.061689362670329
-0.061727262094999
-0.061765236823325
-0.061803287044803
-0.061841412949667
-0.061879614728888
-0.061917892574181
-0.061956246678006
-0.061994677233574
-0.062033184434847
-0.062071768476544
-0.062110429554146
-0.062149167863895
-0.062187983602803
-0.062226876968651
-0.062265848159996
-0.062304897376174
-0.062344024817301
-0.062383230684281
-0.062422515178806
-0.062461878503363
-0.062501320861236
-0.062540842456509
-0.062580443494071
-0.062620124179622
-0.062659884719671
-0.062699725321548
-0.0627396461934
-0.0627796475442
-0.06281972958375
-0.062859892522684
-0.062900136572473
-0.062940461945428
-0.062980868854705
-0.063021357514309
-0.063061928139098
-0.063102580944789
-0.063143316147957
-0.063184133966045
-0.063225034617365
-0.063266018321105
-0.063307085297327
-0.063348235766982
-0.063389469951902
-0.063430788074815
-0.063472190359342
-0.063513677030007
-0.063555248312237
-0.063596904432368
-0.063638645617651
-0.063680472096255
-0.063722384097271
-0.06376438185072
-0.063806465587553
-0.063848635539657
-0.063890891939864
-0.063933235021948
-0.063975665020638
-0.064018182171617
-0.064060786711528
-0.064103478877979
-0.064146258909551
-0.064189127045798
-0.064232083527254
-0.06427512859544
-0.064318262492865
-0.064361485463035
-0.064404797750454
-0.064448199600634
-0.064491691260096
-0.064535272976375
-0.06457894499803
-0.064622707574645
-0.064666560956833
-0.064710505396247
-0.064754541145579
-0.06479866845857
-0.064842887590014
-0.064887198795763
-0.06493160233273
-0.064976098458901
-0.065020687433334
-0.065065369516169
-0.065110144968631
-0.065155014053036
-0.065199977032797
-0.065245034172433
-0.065290185737568
-0.065335431994943
-0.065380773212418
-0.065426209658981
-0.065471741604749
-0.065517369320981
-0.065563093080078
-0.065608913155592
-0.065654829822231
-0.065700843355865
-0.065746954033535
-0.065793162133454
-0.065839467935017
-0.065885871718808
-0.065932373766603
-0.065978974361378
-0.066025673787318
-0.066072472329819
-0.066119370275497
-0.066166367912195
-0.066213465528986
-0.066260663416187
-0.066307961865358
-0.066355361169312
-0.066402861622124
-0.066450463519133
-0.066498167156953
-0.066545972833478
-0.066593880847888
-0.06664189150066
-0.066690005093572
-0.066738221929708
-0.066786542313472
-0.066834966550588
-0.066883494948111
-0.066932127814436
-0.0669808654593
-0.067029708193794
-0.06707865633037
-0.067127710182846
-0.067176870066416
-0.067226136297659
-0.067275509194541
-0.067324989076429
-0.067374576264096
-0.067424271079728
-0.067474073846935
-0.067523984890757
-0.06757400453767
-0.067624133115599
-0.067674370953922
-0.06772471838348
-0.067775175736586
-0.067825743347033
-0.0678764215501
-0.067927210682563
-0.067978111082704
-0.068029123090318
-0.068080247046722
-0.068131483294765
-0.068182832178836
-0.06823429404487
-0.068285869240363
-0.068337558114376
-0.068389361017547
-0.068441278302098
-0.068493310321846
-0.06854545743221
-0.068597719990223
-0.068650098354541
-0.06870259288545
-0.068755203944879
-0.068807931896407
-0.068860777105274
-0.068913739938391
-0.068966820764349
-0.06902001995343
-0.069073337877616
-0.069126774910598
-0.069180331427791
-0.069234007806338
-0.069287804425125
-0.06934172166479
-0.069395759907732
-0.069449919538124
-0.069504200941922
-0.069558604506876
-0.069613130622541
-0.069667779680291
-0.069722552073322
-0.069777448196673
-0.069832468447229
-0.069887613223739
-0.06994288292682
-0.069998277958975
-0.070053798724604
-0.070109445630009
-0.070165219083413
-0.070221119494971
-0.070277147276778
-0.070333302842883
-0.070389586609303
-0.070445998994032
-0.070502540417057
-0.070559211300366
-0.070616012067965
-0.070672943145886
-0.070730004962206
-0.070787197947052
-0.070844522532621
-0.070901979153189
-0.070959568245125
-0.071017290246906
-0.071075145599126
-0.071133134744515
-0.071191258127949
-0.071249516196466
-0.071307909399275
-0.071366438187778
-0.071425103015576
-0.071483904338489
-0.071542842614567
-0.071601918304105
-0.071661131869659
-0.071720483776059
-0.071779974490424
-0.07183960448218
-0.071899374223069
-0.071959284187169
-0.072019334850909
-0.072079526693081
-0.072139860194859
-0.072200335839815
-0.072260954113931
-0.07232171550562
-0.072382620505736
-0.072443669607598
-0.072504863306999
-0.072566202102226
-0.072627686494079
-0.072689316985881
-0.072751094083504
-0.072813018295377
-0.07287509013251
-0.072937310108508
-0.072999678739591
-0.073062196544609
-0.073124864045061
-0.073187681765114
-0.073250650231621
-0.073313769974138
-0.073377041524944
-0.073440465419058
-0.07350404219426
-0.073567772391109
-0.073631656552962
-0.073695695225994
-0.073759888959217
-0.073824238304499
-0.073888743816586
-0.073953406053121
-0.074018225574664
-0.074083202944713
-0.074148338729724
-0.074213633499132
-0.074279087825372
-0.074344702283902
-0.074410477453222
-0.074476413914896
-0.074542512253576
-0.074608773057021
-0.07467519691612
-0.074741784424917
-0.074808536180631
-0.074875452783679
-0.0749425348377
-0.075009782949579
-0.075077197729466
-0.075144779790808
-0.075212529750365
-0.075280448228237
-0.075348535847892
-0.075416793236184
-0.075485221023381
-0.075553819843194
-0.075622590332795
-0.075691533132848
-0.075760648887532
-0.075829938244571
-0.075899401855253
-0.075969040374465
-0.076038854460714
-0.076108844776157
-0.076179011986626
-0.076249356761659
-0.076319879774524
-0.076390581702251
-0.076461463225656
-0.076532525029375
-0.076603767801889
-0.076675192235554
-0.076746799026631
-0.076818588875318
-0.076890562485776
-0.076962720566162
-0.07703506382866
-0.077107592989511
-0.077180308769044
-0.07725321189171
-0.07732630308611
-0.077399583085033
-0.077473052625482
-0.077546712448713
-0.077620563300263
-0.077694605929989
-0.077768841092097
-0.077843269545179
-0.077917892052248
-0.077992709380771
-0.078067722302706
-0.078142931594537
-0.078218338037311
-0.078293942416671
-0.078369745522901
-0.078445748150951
-0.078521951100487
-0.078598355175919
-0.078674961186446
-0.078751769946091
-0.078828782273742
-0.078905998993192
-0.078983420933177
-0.079061048927416
-0.079138883814655
-0.079216926438705
-0.079295177648486
-0.079373638298067
-0.079452309246711
-0.079531191358914
-0.079610285504453
-0.079689592558427
-0.079769113401301
-0.079848848918953
-0.079928800002719
-0.080008967549435
-0.080089352461488
-0.080169955646861
-0.080250778019178
-0.080331820497756
-0.080413084007648
-0.080494569479698
-0.080576277850585
-0.080658210062872
-0.080740367065065
-0.080822749811653
-0.080905359263164
-0.08098819638622
-0.081071262153586
-0.081154557544221
-0.081238083543337
-0.081321841142451
-0.081405831339436
-0.081490055138584
-0.081574513550655
-0.081659207592938
-0.081744138289305
-0.081829306670274
-0.081914713773059
-0.08200036064164
-0.082086248326814
-0.082172377886257
-0.082258750384591
-0.082345366893439
-0.082432228491489
-0.082519336264561
-0.082606691305666
-0.082694294715073
-0.082782147600376
-0.082870251076555
-0.082958606266048
-0.083047214298816
-0.083136076312411
-0.083225193452048
-0.083314566870669
-0.083404197729021
-0.08349408719572
-0.08358423644733
-0.083674646668431
-0.083765319051695
-0.083856254797962
-0.083947455116313
-0.084038921224147
-0.084130654347258
-0.084222655719917
-0.084314926584944
-0.084407468193796
-0.08450028180664
-0.084593368692442
-0.084686730129044
-0.08478036740325
-0.084874281810913
-0.084968474657017
-0.085062947255765
-0.085157700930666
-0.085252737014627
-0.085348056850036
-0.085443661788861
-0.085539553192734
-0.08563573243305
-0.085732200891058
-0.085828959957954
-0.085926011034982
-0.086023355533529
-0.086120994875223
-0.086218930492031
-0.086317163826364
-0.086415696331175
-0.086514529470066
-0.086613664717388
-0.086713103558348
-0.08681284748912
-0.086912898016948
-0.087013256660255
-0.08711392494876
-0.087214904423583
-0.087316196637362
-0.087417803154369
-0.087519725550621
-0.087621965414004
-0.087724524344387
-0.087827403953744
-0.087930605866276
-0.088034131718536
-0.088137983159548
-0.088242161850941
-0.088346669467072
-0.088451507695156
-0.088556678235397
-0.088662182801122
-0.088768023118913
-0.088874200928745
-0.088980717984122
-0.089087576052215
-0.089194776914006
-0.089302322364427
-0.08941021421251
-0.089518454281524
-0.089627044409131
-0.089735986447533
-0.089845282263623
-0.089954933739138
-0.090064942770816
-0.090175311270552
-0.090286041165559
-0.090397134398525
-0.090508592927781
-0.090620418727464
-0.090732613787685
-0.090845180114697
-0.090958119731068
-0.091071434675853
-0.091185127004773
-0.091299198790389
-0.091413652122286
-0.091528489107253
-0.091643711869467
-0.091759322550686
-0.09187532331043
-0.091991716326181
-0.092108503793572
-0.092225687926585
-0.092343270957752
-0.092461255138357
-0.092579642738638
-0.092698436047995
-0.092817637375203
-0.092937249048618
-0.093057273416398
-0.093177712846719
-0.093298569727994
-0.093419846469099
-0.093541545499597
-0.093663669269971
-0.093786220251851
-0.093909200938255
-0.094032613843822
-0.094156461505058
-0.094280746480578
-0.094405471351354
-0.094530638720965
-0.094656251215854
-0.094782311485584
-0.094908822203098
-0.095035786064984
-0.095163205791744
-0.095291084128063
-0.095419423843085
-0.095548227730692
-0.095677498609784
-0.09580723932457
-0.095937452744848
-0.09606814176631
-0.09619930931083
-0.096330958326768
-0.09646309178928
-0.096595712700619
-0.096728824090453
-0.096862429016185
-0.096996530563268
-0.097131131845536
-0.097266236005534
-0.097401846214851
-0.097537965674459
-0.097674597615059
-0.097811745297429
-0.097949412012775
-0.098087601083091
-0.098226315861519
-0.098365559732721
-0.098505336113247
-0.098645648451915
-0.098786500230192
-0.098927894962585
-0.099069836197028
-0.099212327515287
-0.099355372533361
-0.099498974901888
-0.099643138306568
-0.099787866468573
-0.099933163144983
-0.10007903212921
-0.10022547725145
-0.1003725023791
-0.10052011141723
-0.10066830830905
-0.10081709703634
-0.10096648161993
-0.1011164661202
-0.10126705463753
-0.10141825131281
-0.10157006032791
-0.10172248590621
-0.1018755323131
-0.10202920385649
-0.10218350488734
-0.10233843980019
-0.10249401303368
-0.10265022907112
-0.10280709244105
-0.10296460771777
-0.10312277952192
-0.10328161252106
-0.10344111143028
-0.10360128101273
-0.1037621260803
-0.10392365149416
-0.10408586216541
-0.10424876305571
-0.10441235917792
-0.10457665559673
-0.10474165742931
-0.10490736984598
-0.10507379807091
-0.10524094738276
-0.10540882311537
-0.10557743065853
-0.1057467754586
-0.10591686301929
-0.10608769890238
-0.10625928872846
-0.10643163817768
-0.10660475299052
-0.10677863896855
-0.10695330197526
-0.10712874793678
-0.10730498284278
-0.10748201274723
-0.10765984376923
-0.10783848209391
-0.10801793397321
-0.10819820572683
-0.10837930374303
-0.10856123447961
-0.10874400446473
-0.10892762029791
-0.10911208865091
-0.10929741626869
-0.10948360997041
-0.10967067665034
-0.10985862327889
-0.11004745690364
-0.11023718465029
-0.11042781372375
-0.11061935140918
-0.11081180507303
-0.11100518216415
-0.11119949021487
-0.11139473684212
-0.11159092974857
-0.11178807672373
-0.11198618564518
-0.1121852644797
-0.11238532128449
-0.11258636420838
-0.11278840149307
-0.11299144147436
-0.11319549258346
-0.11340056334824
-0.11360666239457
-0.11381379844763
-0.11402198033326
-0.11423121697935
-0.11444151741721
-0.11465289078297
-0.11486534631905
-0.11507889337557
-0.11529354141187
-0.11550929999797
-0.1157261788161
-0.11594418766227
-0.1161633364478
-0.11638363520095
-0.11660509406847
-0.11682772331735
-0.11705153333635
-0.11727653463781
-0.1175027378593
-0.11773015376538
-0.11795879324936
-0.11818866733512
-0.11841978717892
-0.11865216407124
-0.11888580943869
-0.11912073484591
-0.11935695199747
-0.11959447273992
-0.11983330906372
-0.1200734731053
-0.12031497714912
-0.12055783362976
-0.12080205513409
-0.12104765440334
-0.1212946443354
-0.12154303798696
-0.12179284857584
-0.12204408948325
-0.12229677425616
-0.12255091660963
-0.12280653042926
-0.12306362977361
-0.12332222887671
-0.12358234215058
-0.12384398418777
-0.12410716976401
-0.12437191384083
-0.12463823156827
-0.12490613828758
-0.12517564953406
-0.12544678103979
-0.1257195487366
-0.12599396875891
-0.1262700574467
-0.12654783134855
-0.12682730722468
-0.12710850205002
-0.12739143301743
-0.12767611754086
-0.12796257325861
-0.12825081803666
-0.12854086997204
-0.12883274739621
-0.12912646887858
-0.12942205323002
-0.12971951950645
-0.13001888701249
-0.13032017530517
-0.13062340419771
-0.13092859376332
-0.13123576433915
-0.13154493653016
-0.13185613121326
-0.13216936954128
-0.13248467294723
-0.13280206314846
-0.13312156215099
-0.13344319225386
-0.1337669760536
-0.13409293644872
-0.13442109664432
-0.13475148015673
-0.1350841108183
-0.13541901278219
-0.13575621052732
-0.1360957288633
-0.13643759293558
-0.13678182823053
-0.13712846058078
-0.13747751617049
-0.13782902154079
-0.13818300359533
-0.1385394896059
-0.13889850721809
-0.13926008445715
-0.13962424973391
-0.13999103185072
-0.14036046000767
-0.14073256380872
-0.14110737326808
-0.14148491881665
-0.14186523130855
-0.14224834202779
-0.14263428269505
-0.14302308547463
-0.14341478298138
-0.14380940828791
-0.14420699493187
-0.14460757692329
-0.14501118875216
-0.14541786539608
-0.14582764232804
-0.14624055552438
-0.14665664147285
-0.14707593718086
-0.14749848018381
-0.14792430855365
-0.14835346090752
-0.1487859764166
-0.14922189481509
-0.14966125640936
-0.15010410208726
-0.15055047332763
-0.15100041220993
-0.15145396142409
-0.15191116428051
-0.15237206472029
-0.15283670732557
-0.15330513733014
-0.15377740063021
-0.15425354379536
-0.15473361407974
-0.15521765943344
-0.15570572851408
-0.15619787069863
-0.15669413609545
-0.15719457555652
-0.15769924068996
-0.15820818387277
-0.15872145826373
-0.15923911781668
-0.15976121729396
-0.16028781228013
-0.16081895919595
-0.16135471531264
-0.1618951387664
-0.16244028857324
-0.16299022464403
-0.16354500779992
-0.16410469978803
-0.16466936329741
-0.16523906197536
-0.16581386044407
-0.16639382431756
-0.16697902021896
-0.16756951579813
-0.16816537974969
-0.16876668183129
-0.16937349288236
-0.16998588484315
-0.17060393077427
-0.17122770487642
-0.17185728251078
-0.17249274021958
-0.17313415574723
-0.17378160806185
-0.1744351773772
-0.17509494517512
-0.17576099422837
-0.17643340862404
-0.1771122737873
-0.17779767650583
-0.17848970495455
-0.17918844872108
-0.17989399883157
-0.18060644777718
-0.18132588954103
-0.18205241962587
-0.18278613508216
-0.18352713453687
-0.18427551822288
-0.18503138800901
-0.18579484743067
-0.18656600172122
-0.18734495784401
-0.18813182452508
-0.18892671228661
-0.18972973348117
-0.19054100232658
-0.19136063494169
-0.19218874938288
-0.19302546568145
-0.1938709058817
-0.19472519408011
-0.19558845646516
-0.19646082135824
-0.1973424192554
-0.19823338287011
-0.19913384717696
-0.20004394945643
-0.20096382934061
-0.20189362886014
-0.20283349249206
-0.20378356720896
-0.20474400252917
-0.20571495056821
-0.20669656609148
-0.2076890065681
-0.20869243222622
-0.2097070061095
-0.21073289413507
-0.21177026515286
-0.2128192910064
-0.21388014659508
-0.214953009938
-0.21603806223935
-0.21713548795547
-0.21824547486356
-0.21936821413213
-0.22050390039318
-0.22165273181631
-0.22281491018464
-0.22399064097268
-0.22518013342625
-0.2263836006444
-0.22760125966352
-0.22883333154358
-0.2300800414567
-0.23134161877799
-0.23261829717878
-0.23391031472243
-0.23521791396256
-0.23654134204401
-0.23788085080646
-0.23923669689091
-0.24060914184899
-0.24199845225528
-0.24340489982276
-0.24482876152133
-0.24627031969973
-0.24772986221078
-0.24920768254012
-0.25070407993857
-0.2522193595583
-0.25375383259268
-0.25530781642032
-0.25688163475307
-0.25847561778831
-0.26009010236573
-0.26172543212848
-0.26338195768919
-0.2650600368007
-0.26676003453195
-0.2684823234489
-0.27022728380097
-0.27199530371294
-0.27378677938264
-0.27560211528452
-0.27744172437949
-0.27930602833098
-0.28119545772769
-0.28311045231312
-0.28505146122217
-0.28701894322501
-0.28901336697858
-0.29103521128587
-0.29308496536334
-0.29516312911677
-0.29727021342574
-0.29940674043725
-0.30157324386855
-0.30377026931981
-0.3059983745967
-0.30825813004345
-0.31055011888667
-0.3128749375904
-0.31523319622268
-0.31762551883423
-0.32005254384955
-0.32251492447098
-0.32501332909617
-0.3275484417495
-0.3301209625279
-0.33273160806172
-0.33538111199108
-0.33807022545846
-0.34079971761796
-0.34357037616202
-0.34638300786614
-0.34923843915248
-0.35213751667273
-0.35508110791142
-0.3580701018101
-0.36110540941335
-0.36418796453753
-0.36731872446301
-0.37049867065088
-0.3737288094851
-0.37701017304106
-0.38034381988163
-0.38373083588169
-0.38717233508239
-0.39066946057624
-0.39422338542429
-0.39783531360657
-0.40150648100736
-0.4052381564364
-0.40903164268767
-0.41288827763715
-0.41680943538126
-0.4207965274174
-0.42485100386854
-0.42897435475348
-0.43316811130467
-0.4374338473356
-0.44177318065967
-0.44618777456275
-0.45067933933153
-0.45524963384006
-0.45990046719679
-0.4646337004546
-0.46945124838654
-0.47435508132983
-0.47934722710112
-0.48442977298577
-0.48960486780452
-0.49487472406047
-0.50024162016994
