-0.498565
-0.49424234
-0.49031589
-0.48461523
-0.47894454
-0.47275718
-0.46924873
-0.46483653
-0.46199709
-0.45596269
-0.45224832
-0.44612117
-0.44234306
-0.43769618
-0.43473274
-0.42746215
-0.42485886
-0.41929243
-0.4164271
-0.41225763
-0.4088252
-0.40580684
-0.40273333
-0.3977831
-0.39387406
-0.39243508
-0.3860823
-0.38344123
-0.37937173
-0.37762316
-0.37371742
-0.3702921
-0.36600534
-0.36503113
-0.36235538
-0.35836205
-0.35414348
-0.35157892
-0.34865892
-0.3465735
-0.34493205
-0.34036797
-0.33790649
-0.33623135
-0.33312753
-0.33046555
-0.32656747
-0.32387268
-0.32328537
-0.31998957
-0.31846846
-0.31590662
-0.31306905
-0.30893063
-0.3081651
-0.30520486
-0.30248008
-0.30191363
-0.3001788
-0.29760604
-0.29526896
-0.29252293
-0.29158964
-0.289033
-0.28663604
-0.28380505
-0.28287849
-0.28246781
-0.27727775
-0.27593387
-0.27561778
-0.27461597
-0.27260779
-0.27059673
-0.26985832
-0.26455176
-0.26306804
-0.26297336
-0.26078712
-0.26102809
-0.25867668
-0.25654258
-0.25367934
-0.25356524
-0.2533149
-0.25004548
-0.24902887
-0.2454185
-0.2465718
-0.2445159
-0.24256439
-0.24088789
-0.24108613
-0.23903438
-0.23700697
-0.23634529
-0.235159
-0.23335299
-0.23092595
-0.23080613
-0.23043147
-0.22906608
-0.2283009
-0.22593357
-0.22598207
-0.22390018
-0.22265135
-0.2199749
-0.22020764
-0.21780835
-0.21860823
-0.21626033
-0.21667981
-0.21459449
-0.21257701
-0.21321062
-0.21213044
-0.21238441
-0.20898362
-0.20793006
-0.20773654
-0.20696993
-0.20465558
-0.20500176
-0.20144691
-0.20191306
-0.20182443
-0.20101972
-0.19974724
-0.20049976
-0.19798013
-0.19593439
-0.19528525
-0.19547152
-0.1958486
-0.19308198
-0.19138371
-0.19221427
-0.19159508
-0.19022565
-0.18852217
-0.19012915
-0.1887706
-0.18633794
-0.18614585
-0.18424161
-0.18548133
-0.18441051
-0.18190248
-0.18215921
-0.18236066
-0.18109223
-0.18051829
-0.17966313
-0.17837916
-0.17839981
-0.17715573
-0.17579285
-0.17605808
-0.17620037
-0.17551556
-0.17550089
-0.17359616
-0.17341503
-0.17286783
-0.17265845
-0.16966414
-0.17031644
-0.16892155
-0.16950161
-0.1691312
-0.16669218
-0.16805423
-0.16788229
-0.16600624
-0.16802209
-0.16429064
-0.16480979
-0.16516519
-0.16304334
-0.16212147
-0.16120921
-0.16152821
-0.16172082
-0.16086514
-0.16041175
-0.15898979
-0.15738665
-0.15954216
-0.15837087
-0.15700335
-0.15970621
-0.15636204
-0.15614937
-0.15545198
-0.15474915
-0.15532357
-0.15351857
-0.15338362
-0.15190371
-0.15258747
-0.1519676
-0.15200822
-0.15070988
-0.15159264
-0.14933994
-0.15044432
-0.14962603
-0.14915881
-0.14821084
-0.14947968
-0.14845088
-0.14589401
-0.14731264
-0.1456115
-0.14562046
-0.1455311
-0.14598414
-0.14549014
-0.14337591
-0.14394921
-0.14475772
-0.14270358
-0.14314169
-0.14290445
-0.14221831
-0.14125463
-0.14067096
-0.1427271
-0.13950856
-0.1396831
-0.14056553
-0.13952655
-0.13824525
-0.13852603
-0.1398306
-0.13870056
-0.13891174
-0.13754326
-0.13704898
-0.13669014
-0.1372446
-0.13558981
-0.13470332
-0.13604395
-0.13353039
-0.13420985
-0.13346227
-0.13457532
-0.13297728
-0.13327907
-0.13144875
-0.1335985
-0.13310889
-0.13242059
-0.13162483
-0.13125793
-0.13110339
-0.13052018
-0.13073907
-0.12937783
-0.12723622
-0.12910379
-0.13006168
-0.13062615
-0.12885127
-0.12724786
-0.12985323
-0.12712863
-0.12714132
-0.12587233
-0.1272631
-0.12743123
-0.12517297
-0.12607893
-0.12402071
-0.12622849
-0.12478904
-0.12526897
-0.12424416
-0.12257013
-0.12721946
-0.12571709
-0.12161508
-0.12274993
-0.1229843
-0.12292786
-0.12316085
-0.12273213
-0.12197246
-0.12012751
-0.12050081
-0.11974051
-0.12106651
-0.12157296
-0.12084718
-0.1200716
-0.12086812
-0.1204217
-0.12041627
-0.12023305
-0.11849007
-0.12089063
-0.11873559
-0.11925404
-0.11690897
-0.11866349
-0.11797354
-0.11660233
-0.11841335
-0.11676797
-0.11687538
-0.1177441
-0.11867612
-0.11661032
-0.11658539
-0.1149129
-0.1152334
-0.11451255
-0.11459482
-0.1159625
-0.11560654
-0.11379506
-0.1135028
-0.11314274
-0.11536414
-0.1131089
-0.11463733
-0.11373906
-0.1132077
-0.113447
-0.11371758
-0.11188528
-0.1120816
-0.11033137
-0.11109036
-0.10943853
-0.11237821
-0.11236954
-0.11100174
-0.10911113
-0.11048327
-0.10968287
-0.11064688
-0.11222427
-0.10756778
-0.11043144
-0.10864745
-0.10936482
-0.10920558
-0.10859779
-0.10857581
-0.10966836
-0.10778148
-0.10707402
-0.108946
-0.10637024
-0.10803106
-0.10549683
-0.1078355
-0.10645504
-0.10639941
-0.10709616
-0.10630771
-0.10830571
-0.10553193
-0.1047663
-0.10592899
-0.1050546
-0.10539203
-0.10449591
-0.10511152
-0.10486201
-0.10408202
-0.10372692
-0.10436013
-0.10654477
-0.10330639
-0.10426695
-0.10662847
-0.10410765
-0.10326679
-0.10331165
-0.10335397
-0.10361424
-0.10481684
-0.10307763
-0.10105073
-0.1012066
-0.10238313
-0.10196282
-0.10230535
-0.10202069
-0.10294444
-0.10088817
-0.10298875
-0.10107621
-0.099527974
-0.10173852
-0.10173845
-0.10079371
-0.099087827
-0.10195678
-0.10004289
-0.099372313
-0.10134143
-0.099484137
-0.09790791
-0.099300771
-0.09945028
-0.09972814
-0.10058407
-0.099974791
-0.098268628
-0.098297281
-0.097660323
-0.098754576
-0.099736618
-0.098030184
-0.098600153
-0.099176942
-0.098239963
-0.095999337
-0.097469063
-0.096528218
-0.098158445
-0.097492087
-0.097051619
-0.095108106
-0.094596757
-0.097277163
-0.096675822
-0.096242168
-0.09496001
-0.096434935
-0.096178182
-0.094513396
-0.094595675
-0.096196726
-0.095581951
-0.096175967
-0.095684258
-0.093202801
-0.09535748
-0.095320416
-0.094921262
-0.094865205
-0.092994104
-0.093979172
-0.094175569
-0.094673632
-0.093464209
-0.092651392
-0.095744786
-0.093235111
-0.094362211
-0.093184343
-0.092704959
-0.093838425
-0.093988845
-0.093082786
-0.09225999
-0.094728927
-0.092328878
-0.092864478
-0.091780726
-0.091879287
-0.092810078
-0.092216606
-0.091682322
-0.091055972
-0.090884406
-0.091422141
-0.090747445
-0.090731474
-0.091106024
-0.08902665
-0.090489021
-0.092821789
-0.090780435
-0.089349499
-0.090972172
-0.090967472
-0.089297494
-0.092038405
-0.089232219
-0.089820811
-0.088145661
-0.090889899
-0.089484075
-0.089016615
-0.08721518
-0.088319693
-0.088563798
-0.088926161
-0.086368621
-0.089064442
-0.088416912
-0.088125509
-0.089853519
-0.087319817
-0.08727638
-0.087749818
-0.088058176
-0.090416979
-0.087501306
-0.08712482
-0.088102616
-0.088844254
-0.089198108
-0.089406148
-0.087367058
-0.090019948
-0.086159133
-0.086291483
-0.084957995
-0.086981924
-0.087066294
-0.086116152
-0.086675739
-0.088064958
-0.087426436
-0.085661234
-0.088008072
-0.086087399
-0.085872182
-0.086742312
-0.086191239
-0.084422928
-0.085552287
-0.085335935
-0.086779204
-0.085003528
-0.085194024
-0.084802893
-0.0873326
-0.087018924
-0.084856662
-0.086443347
-0.084996302
-0.083089653
-0.08406321
-0.084324999
-0.083058479
-0.08425034
-0.083004838
-0.084498255
-0.083049635
-0.085180463
-0.083511421
-0.083227542
-0.084230496
-0.083806219
-0.082436
-0.083594285
-0.081978926
-0.081746196
-0.084845538
-0.083883389
-0.083411687
-0.083796147
-0.081679576
-0.080952692
-0.081022116
-0.082671078
-0.081403927
-0.082138436
-0.082444696
-0.081952852
-0.080449189
-0.081700314
-0.08089198
-0.079883886
-0.081721486
-0.082309199
-0.080875451
-0.081015485
-0.080955503
-0.081261138
-0.081234455
-0.080908824
-0.08149518
-0.080579203
-0.082862528
-0.080560601
-0.08043604
-0.081103311
-0.082696253
-0.080311898
-0.078675461
-0.079482855
-0.079824919
-0.080451581
-0.080047731
-0.079425597
-0.079329269
-0.07962054
-0.080440527
-0.080506442
-0.078970757
-0.079276596
-0.080072069
-0.079463962
-0.078771224
-0.080176407
-0.079244627
-0.077738199
-0.079958484
-0.077648549
-0.078666902
-0.077753322
-0.079661074
-0.079594725
-0.078054702
-0.077623177
-0.076954079
-0.075873543
-0.075758822
-0.077625345
-0.079473597
-0.076346872
-0.077962785
-0.077387467
-0.078690119
-0.07718508
-0.077534249
-0.075077482
-0.077864537
-0.077379953
-0.07558639
-0.076783874
-0.074889711
-0.078064905
-0.075919205
-0.077681762
-0.078473146
-0.076635003
-0.077063603
-0.077279326
-0.075184998
-0.076529962
-0.076623473
-0.076920436
-0.076704474
-0.076359993
-0.075154005
-0.076186995
-0.075189649
-0.076370439
-0.073798186
-0.074520478
-0.07394325
-0.072977102
-0.075731887
-0.075209254
-0.074885704
-0.07611746
-0.075722814
-0.074441447
-0.076675461
-0.0758873
-0.074924801
-0.0746944
-0.07521888
-0.074247052
-0.075401665
-0.074812735
-0.075445215
-0.073243905
-0.073510116
-0.07456945
-0.073552787
-0.073845103
-0.074232411
-0.073683341
-0.075183113
-0.073841583
-0.075700169
-0.074772927
-0.07354434
-0.07250658
-0.072819149
-0.074218583
-0.072947906
-0.072467511
-0.073275714
-0.07282599
-0.073250199
-0.073375688
-0.070827214
-0.072958379
-0.07365116
-0.072968215
-0.071403956
-0.071849763
-0.073141758
-0.071487269
-0.072594718
-0.073246281
-0.073564936
-0.072289002
-0.071638007
-0.072058222
-0.073826728
-0.070760952
-0.073087924
-0.071780556
-0.07189266
-0.072437127
-0.07141524
-0.072312715
-0.073146106
-0.072299157
-0.071083399
-0.073773015
-0.072527352
-0.072287268
-0.072075004
-0.071636408
-0.073166434
-0.071711247
-0.070614343
-0.071048702
-0.072031329
-0.069918868
-0.073375973
-0.070413277
-0.07070957
-0.07061633
-0.070570968
-0.07158006
-0.071735194
-0.072741853
-0.069197929
-0.069046152
-0.069386696
-0.070307123
-0.06997437
-0.071862035
-0.07023567
-0.070145918
-0.070062092
-0.06940123
-0.071009086
-0.068162576
-0.069325979
-0.070433645
-0.070778013
-0.068671958
-0.070798791
-0.072149992
-0.069833186
-0.0693307
-0.069887696
-0.067703854
-0.069236408
-0.069480194
-0.069486368
-0.069352664
-0.068776986
-0.069010215
-0.069166905
-0.067589167
-0.069341262
-0.068797452
-0.069640376
-0.068484911
-0.066968418
-0.065979168
-0.069666011
-0.070197769
-0.070584109
-0.069102837
-0.069015358
-0.067614703
-0.066974684
-0.068715345
-0.067350292
-0.067425143
-0.068472089
-0.06883288
-0.068069723
-0.067088365
-0.067409189
-0.066953724
-0.068784561
-0.069984317
-0.067954034
-0.067841217
-0.066181673
-0.065766409
-0.066052382
-0.066402744
-0.06740668
-0.06702842
-0.063837621
-0.067715635
-0.068317258
-0.065938937
-0.067815044
-0.066063846
-0.06585891
-0.067117954
-0.069133582
-0.065612812
-0.06714879
-0.068145128
-0.066012283
-0.065244831
-0.065752757
-0.067278559
-0.067554299
-0.067295292
-0.066915874
-0.067017672
-0.067241528
-0.067639837
-0.066500531
-0.067097813
-0.067359204
-0.064767516
-0.068714586
-0.066477687
-0.06555827
-0.065373911
-0.066461937
-0.064076304
-0.063644324
-0.065228061
-0.066906604
-0.064482431
-0.063359894
-0.063570162
-0.064305254
-0.066422121
-0.065855971
-0.065446746
-0.065451187
-0.064971831
-0.065600897
-0.064608714
-0.065418015
-0.064463328
-0.066809412
-0.063644377
-0.065450651
-0.064666867
-0.066079262
-0.064312809
-0.064190815
-0.063098154
-0.064504117
-0.064669295
-0.064246663
-0.064199568
-0.064486109
-0.063844202
-0.06561196
-0.063875806
-0.063503388
-0.063423165
-0.064699518
-0.063816112
-0.065348007
-0.064615745
-0.064219389
-0.062483509
-0.064768305
-0.06475626
-0.064140338
-0.061599825
-0.065059048
-0.062977607
-0.06480733
-0.064279217
-0.062755007
-0.062756815
-0.063632897
-0.06373127
-0.062391312
-0.063785254
-0.06173336
-0.063037756
-0.06440848
-0.063021684
-0.062381688
-0.061994549
-0.062951719
-0.065050852
-0.062703913
-0.063597892
-0.064102329
-0.061584786
-0.063305985
-0.062757381
-0.061082463
-0.061544542
-0.062367835
-0.06273217
-0.061338929
-0.063927187
-0.06294534
-0.061750124
-0.061730844
-0.062507673
-0.06322228
-0.064561891
-0.061975414
-0.063770955
-0.06319081
-0.061373211
-0.061473487
-0.063023369
-0.06291903
-0.061951128
-0.06377329
-0.062506464
-0.062118227
-0.062057441
-0.063281682
-0.062349222
-0.059112788
-0.062393196
-0.060954561
-0.060421319
-0.059406099
-0.058521484
-0.062167233
-0.060508092
-0.061227271
-0.059925933
-0.059649907
-0.061595824
-0.060320019
-0.060665166
-0.060881055
-0.061569972
-0.061092789
-0.062496883
-0.06117882
-0.061138133
-0.06160666
-0.062209512
-0.061004166
-0.06035735
-0.060421758
-0.060543372
-0.062101473
-0.060747312
-0.060822644
-0.060851319
-0.061474141
-0.059551273
-0.062518883
-0.061051738
-0.06049836
-0.06021876
-0.060120168
-0.060926297
-0.062076282
-0.059534452
-0.061962881
-0.060061958
-0.060000448
-0.062167791
-0.059226767
-0.059309011
-0.059321154
-0.058979174
-0.06102935
-0.059869974
-0.059333634
-0.060297711
-0.060048349
-0.060155888
-0.059843109
-0.060245306
-0.058311143
-0.059813472
-0.058411172
-0.059638174
-0.05985603
-0.059521628
-0.058539952
-0.059504889
-0.059458335
-0.059686077
-0.060690694
-0.059837837
-0.058429219
-0.061211824
-0.059237291
-0.058281331
-0.058550923
-0.059160411
-0.058767413
-0.058063551
-0.059553316
-0.059878698
-0.059243505
-0.057058374
-0.059933799
-0.05905247
-0.057839368
-0.060249351
-0.056492726
-0.057047793
-0.058789677
-0.058130358
-0.058393853
-0.058519586
-0.058312797
-0.058227224
-0.056849092
-0.059890161
-0.058701591
-0.058670286
-0.059351279
-0.058046999
-0.057915894
-0.058555171
-0.056226014
-0.059238436
-0.058210339
-0.057094883
-0.056197005
-0.057470424
-0.058447671
-0.058417496
-0.056994668
-0.058099488
-0.059258834
-0.058356587
-0.058858953
-0.057031299
-0.06057555
-0.056947633
-0.058617857
-0.058328928
-0.057018579
-0.05802519
-0.05575883
-0.058154046
-0.056543192
-0.057709262
-0.056662845
-0.057795225
-0.056195822
-0.057596294
-0.057804429
-0.057381915
-0.058064814
-0.057661571
-0.056845027
-0.054864351
-0.057201444
-0.056878291
-0.05732436
-0.056591966
-0.057637866
-0.058134718
-0.055748636
-0.058586171
-0.056605317
-0.057675579
-0.058914004
-0.056449813
-0.057629167
-0.056284872
-0.05682228
-0.05647287
-0.055457298
-0.055926995
-0.055332404
-0.055139193
-0.056440544
-0.055594662
-0.058305373
-0.055903003
-0.056833312
-0.057574525
-0.055889259
-0.056419999
-0.05597671
-0.056404743
-0.055933171
-0.056284803
-0.05540103
-0.056707212
-0.056580815
-0.057962992
-0.056080551
-0.056351631
-0.056822387
-0.055795346
-0.055878578
-0.055367821
-0.055807611
-0.055076179
-0.057034975
-0.054881911
-0.056732233
-0.056165833
-0.056126971
-0.056369971
-0.056862648
-0.055726309
-0.056383241
-0.057074245
-0.057612259
-0.053957083
-0.055455673
-0.057049771
-0.054900449
-0.05682169
-0.056226502
-0.056489595
-0.056100527
-0.056721615
-0.053898998
-0.056168706
-0.055078834
-0.057103963
-0.055649131
-0.058154862
-0.055015504
-0.055746072
-0.054921426
-0.055701457
-0.055990349
-0.054495411
-0.054547464
-0.054953261
-0.055641111
-0.055391183
-0.055033727
-0.056203066
-0.054482425
-0.056088211
-0.053271235
-0.055655173
-0.054844825
-0.054762699
-0.05475156
-0.053845641
-0.054553384
-0.057083845
-0.055388348
-0.056273508
-0.055984595
-0.05567725
-0.055909289
-0.053613206
-0.055168904
-0.055785919
-0.05441889
-0.054377881
-0.053015337
-0.054889784
-0.054739158
-0.053632791
-0.055436533
-0.054744803
-0.054143786
-0.053904891
-0.053907718
-0.054352647
-0.055170074
-0.054040727
-0.054570914
-0.053969823
-0.05456998
-0.053096342
-0.053059399
-0.053934529
-0.054166317
-0.05297216
-0.052707716
-0.054052109
-0.053667896
-0.052283073
-0.054646788
-0.054912824
-0.054458332
-0.054850142
-0.054514283
-0.054668759
-0.054446973
-0.05500821
-0.053186269
-0.054204798
-0.054315402
-0.053310915
-0.053793953
-0.054790059
-0.051239865
-0.054903395
-0.052789766
-0.051428664
-0.053138728
-0.053538289
-0.05206323
-0.053279352
-0.054446838
-0.052766196
-0.053859742
-0.052639698
-0.055192895
-0.054651748
-0.052819007
-0.05478684
-0.053687468
-0.0523487
-0.053514087
-0.052450546
-0.053291721
-0.054089492
-0.055075366
-0.052063339
-0.053432929
-0.052898188
-0.053179202
-0.051622363
-0.052932158
-0.053759874
-0.054124846
-0.053302719
-0.052867125
-0.053504256
-0.052955096
-0.053083369
-0.053928939
-0.052314618
-0.052448952
-0.053018352
-0.054625076
-0.054228067
-0.053350318
-0.053695689
-0.052290965
-0.053559453
-0.052762064
-0.051849962
-0.053803259
-0.053177282
-0.051946674
-0.051352425
-0.053040405
-0.054026878
-0.051582156
-0.054086709
-0.054141139
-0.051862885
-0.052949085
-0.051934856
-0.054082262
-0.051992425
-0.053055874
-0.051385733
-0.053189214
-0.051765875
-0.053932537
-0.050506918
-0.053278437
-0.05258732
-0.052806218
-0.052662529
-0.050706291
-0.053324363
-0.051686621
-0.053104943
-0.052543989
-0.052951318
-0.051334338
-0.052517266
-0.052536621
-0.05081414
-0.052929696
-0.052713077
-0.053237081
-0.052091896
-0.051383571
-0.053967143
-0.052509169
-0.051243659
-0.052360567
-0.052116272
-0.052418241
-0.052486171
-0.051047012
-0.050095912
-0.050110934
-0.051319412
-0.051696565
-0.052978731
-0.053324211
-0.052583927
-0.051904716
-0.051799528
-0.053466218
-0.049559311
-0.051619577
-0.048290339
-0.050700646
-0.053075592
-0.049569478
-0.050879137
-0.051043919
-0.052502915
-0.052496076
-0.050953727
-0.051075169
-0.052121324
-0.051805342
-0.052576525
-0.050953326
-0.050937353
-0.051330796
-0.051417503
-0.05019548
-0.050731872
-0.051136811
-0.051306133
-0.051033206
-0.0513151
-0.050888094
-0.04961983
-0.051189945
-0.048953914
-0.049365609
-0.052353859
-0.051539992
-0.05037641
-0.050957336
-0.050259751
-0.050671165
-0.053436823
-0.05008791
-0.050073819
-0.050686871
-0.050893738
-0.052646663
-0.052061021
-0.051050574
-0.051326923
-0.051081402
-0.050512127
-0.050331186
-0.05101629
-0.050354724
-0.050683315
-0.048880859
-0.05200316
-0.050872532
-0.050203186
-0.050233161
-0.051172385
-0.050201797
-0.049896536
-0.051432671
-0.050216314
-0.051897384
-0.050304741
-0.050591799
-0.050746993
-0.05041516
-0.0504791
-0.048552992
-0.049281223
-0.050665773
-0.049373763
-0.050080885
-0.051369856
-0.051281582
-0.048119742
-0.051081733
-0.049733099
-0.048550728
-0.052991209
-0.050812616
-0.049639314
-0.050604364
-0.049254557
-0.049960678
-0.047944967
-0.04962321
-0.049771775
-0.050076987
-0.051541445
-0.050498429
-0.051625079
-0.051321055
-0.049827566
-0.049881769
-0.049744508
-0.050346624
-0.050587876
-0.049474579
-0.048963926
-0.049788952
-0.048969381
-0.049996289
-0.050255371
-0.051407224
-0.048960323
-0.049960697
-0.049839609
-0.049020456
-0.049136225
-0.04971898
-0.049240239
-0.048257526
-0.048925581
-0.05019436
-0.04803927
-0.050276107
-0.048456002
-0.050805686
-0.049913581
-0.049533882
-0.048485124
-0.049328386
-0.048052722
-0.049313344
-0.049511606
-0.050884618
-0.049509001
-0.050069791
-0.049734558
-0.049429563
-0.050015109
-0.049889588
-0.049251744
-0.04888157
-0.047948504
-0.051050516
-0.049335619
-0.05002308
-0.049378918
-0.050225547
-0.050821051
-0.049395645
-0.049444961
-0.048378849
-0.049177554
-0.048621952
-0.050003709
-0.048524002
-0.049502698
-0.049118001
-0.051409041
-0.048930023
-0.050433105
-0.050151063
-0.049999791
-0.048761277
-0.048893761
-0.049889484
-0.04867204
-0.049431257
-0.048886262
-0.049464295
-0.048059127
-0.048504555
-0.048460911
-0.04941167
-0.048662231
-0.048653493
-0.048411306
-0.047141505
-0.04864182
-0.04614774
-0.049138252
-0.049049029
-0.048746225
-0.047779618
-0.048934926
-0.049691396
-0.047952382
-0.050727262
-0.047288957
-0.051239911
-0.048858577
-0.049644917
-0.049584167
-0.04885561
-0.048758405
-0.049380722
-0.047355555
-0.049071657
-0.048857052
-0.04661415
-0.048388724
-0.046923634
-0.048422195
-0.050223682
-0.047590857
-0.048314104
-0.047679787
-0.049028426
-0.04754857
-0.049757114
-0.049142951
-0.0496079
-0.04749985
-0.049147179
-0.048893822
-0.047587786
-0.048988738
-0.047650095
-0.048386472
-0.048261606
-0.046837245
-0.048613314
-0.048673013
-0.047985766
-0.049283931
-0.047169083
-0.048599107
-0.048060764
-0.049213591
-0.048562258
-0.047891239
-0.047976938
-0.048550418
-0.048890576
-0.047927616
-0.049919574
-0.047253604
-0.048348471
-0.047456955
-0.048803791
-0.046513299
-0.048224245
-0.047397842
-0.048203176
-0.048755846
-0.047401458
-0.046912138
-0.046941398
-0.048833152
-0.0487147
-0.049595925
-0.047958736
-0.048102395
-0.04850198
-0.048817217
-0.048212199
-0.048557656
-0.047548844
-0.049128048
-0.048713071
-0.047896783
-0.047682349
-0.047092009
-0.047851874
-0.048466876
-0.050564748
-0.046885506
-0.047425173
-0.04692387
-0.049348084
-0.049623088
-0.047822815
-0.046470906
-0.04897582
-0.046622951
-0.048731358
-0.047613168
-0.047797939
-0.046949307
-0.047171308
-0.047101561
-0.046874534
-0.04843374
-0.048379698
-0.048102098
-0.048600256
-0.048662243
-0.047366585
-0.050948691
-0.048523081
-0.046966985
-0.047274584
-0.046348752
-0.046019705
-0.047541797
-0.04819549
-0.045386073
-0.048169737
-0.047612309
-0.048183957
-0.049104443
-0.047166813
-0.046782954
-0.046288059
-0.047941882
-0.046348056
-0.04799376
-0.047364509
-0.048714252
-0.047996117
-0.045584758
-0.047494765
-0.047058323
-0.049458232
-0.049611002
-0.048097338
-0.047710703
-0.048899614
-0.046828872
-0.046940321
-0.045945478
-0.0478296
-0.047989211
-0.048042858
-0.046009769
-0.047391295
-0.048269188
-0.046427566
-0.046207778
-0.048244762
-0.047640327
-0.048112416
-0.047187274
-0.04574503
-0.048076721
-0.045517966
-0.048201617
-0.046800872
-0.046780834
-0.047278989
-0.046834337
-0.046448224
-0.047002971
-0.04736429
-0.046909874
-0.045649524
-0.048587067
-0.04715317
-0.047629287
-0.046497849
-0.046755408
-0.046587381
-0.047123614
-0.047996531
-0.048032974
-0.048204023
-0.04748301
-0.048445854
-0.047116296
-0.046435562
-0.047207804
-0.047087713
-0.048985518
-0.046886351
-0.046719346
-0.044897354
-0.047830605
-0.045533702
-0.047919563
-0.047413156
-0.046032957
-0.047229258
-0.046304374
-0.045470567
-0.046736907
-0.047903009
-0.045669967
-0.046565433
-0.047292657
-0.045909785
-0.046222532
-0.047194248
-0.046934702
-0.047953829
-0.047628597
-0.047672886
-0.047112961
-0.047021066
-0.046932821
-0.048782957
-0.046943452
-0.046315579
-0.046514102
-0.046661235
-0.046923897
-0.047022046
-0.04618512
-0.045030616
-0.046027806
-0.046587726
-0.047347722
-0.046433894
-0.044337016
-0.045415201
-0.045926701
-0.045828454
-0.046792679
-0.047442116
-0.045305585
-0.047919074
-0.045620386
-0.048045594
-0.04682309
-0.045236789
-0.046136087
-0.047166633
-0.048029697
-0.047632378
-0.045046832
-0.04758246
-0.046268846
-0.046284466
-0.04740176
-0.047811651
-0.045601826
-0.046112305
-0.045619996
-0.047215104
-0.048111095
-0.045839938
-0.047654901
-0.04621046
-0.045529096
-0.045650928
-0.046038245
-0.047024268
-0.044217925
-0.048606891
-0.047018136
-0.047250359
-0.047134347
-0.047532167
-0.04382527
-0.047339825
-0.046870187
-0.04626012
-0.048046517
-0.046303286
-0.044919841
-0.046292617
-0.046750532
-0.046655683
-0.046709989
-0.047081792
-0.046226868
-0.04547443
-0.045934648
-0.045488372
-0.04722171
-0.046825537
-0.048918373
-0.04774215
-0.045543124
-0.047119705
-0.047259502
-0.047141847
-0.047408387
-0.046698979
-0.04626768
-0.045523992
-0.044673415
-0.046642074
-0.046605054
-0.046089277
-0.04634274
-0.045531185
-0.047027712
-0.046629374
-0.047055053
-0.0458839
-0.04707181
-0.044966023
-0.046768031
-0.047237694
-0.044597094
-0.046359324
-0.046373856
-0.044029851
-0.045459106
-0.047727968
-0.04634892
-0.045776238
-0.04378932
-0.047060305
-0.046478375
-0.045626889
-0.046925222
-0.047439001
-0.044868472
-0.046432537
-0.046770598
-0.046711163
-0.045287468
-0.046656983
-0.045082352
-0.045162313
-0.045444802
-0.047305896
-0.047022773
-0.044615337
-0.046108592
-0.046503989
-0.047002682
-0.047712021
-0.046366878
-0.045600158
-0.045556896
-0.045415648
-0.045255856
-0.045828287
-0.045369454
-0.047151707
-0.046121021
-0.047957093
-0.045101322
-0.046806954
-0.046532086
-0.045303354
-0.047928257
-0.045693026
-0.047041149
-0.045887849
-0.047671651
-0.045605003
-0.046489497
-0.044214523
-0.048054975
-0.04454026
-0.044982748
-0.045124173
-0.046800899
-0.047105744
-0.045286371
-0.04479209
-0.045632504
-0.04570444
-0.046036958
-0.04522273
-0.047123795
-0.044702849
-0.04549414
-0.042852694
-0.046185935
-0.044850779
-0.046064142
-0.044026733
-0.046952283
-0.045414052
-0.046356088
-0.04684517
-0.043345609
-0.044109431
-0.046438135
-0.045546594
-0.046392351
-0.045958081
-0.048264977
-0.046129555
-0.045062078
-0.046759097
-0.044501704
-0.044811678
-0.045486699
-0.047045585
-0.046325562
-0.046296933
-0.04591133
-0.046212823
-0.045563913
-0.046644288
-0.045440972
-0.043669578
-0.046345421
-0.046424412
-0.045089072
-0.047717707
-0.045492107
-0.047397795
-0.046076246
-0.044354811
-0.045622533
-0.046428514
-0.044587725
-0.045997503
-0.047446632
-0.044410669
-0.046661628
-0.044529068
-0.046184818
-0.046057135
-0.043887053
-0.045043037
-0.044401563
-0.047615026
-0.044283081
-0.047913439
-0.045357775
-0.046308001
-0.045144724
-0.047257108
-0.044747778
-0.045094109
-0.044431966
-0.044809216
-0.044886984
-0.044490872
-0.046634648
-0.046992822
-0.046286769
-0.046155849
-0.043782598
-0.045196633
-0.044501198
-0.045893413
-0.044944734
-0.045576807
-0.044551132
-0.046744933
-0.045575816
-0.046545439
-0.046675793
-0.04570102
-0.046699666
-0.044888659
-0.044530983
-0.045892548
-0.046510299
-0.045965455
-0.045287047
-0.047263393
-0.045883014
-0.045489606
-0.045739901
-0.046356032
-0.04739837
-0.04606967
-0.04631641
-0.045255796
-0.044134102
-0.044727737
-0.046091986
-0.043634695
-0.045152115
-0.044894998
-0.04645985
-0.046757329
-0.045072029
-0.047175702
-0.046001044
-0.045636841
-0.04611362
-0.046157818
-0.045003616
-0.047695144
-0.045526188
-0.04632687
-0.045159886
-0.0464057
-0.043103424
-0.044759317
-0.045484372
-0.044930433
-0.044682662
-0.045302761
-0.046336721
-0.046351482
-0.045408206
-0.046521384
-0.045289931
-0.045497355
-0.045437954
-0.045407292
-0.046183371
-0.046450024
-0.045658097
-0.044789716
-0.046647347
-0.047185179
-0.046063702
-0.045345583
-0.045743947
-0.044804008
-0.046003784
-0.04499248
-0.045992778
-0.044487177
-0.046578442
-0.045326075
-0.045371323
-0.04551261
-0.046585654
-0.045819172
-0.046429669
-0.046728039
-0.045507006
-0.043706625
-0.04682072
-0.044827212
-0.045728723
-0.045048209
-0.044795012
-0.043873245
-0.044017951
-0.045979404
-0.046097867
-0.04680205
-0.043185204
-0.046360692
-0.044258416
-0.047399714
-0.045668022
-0.045474023
-0.04612959
-0.047820067
-0.044091684
-0.045703771
-0.045708378
-0.046252272
-0.044560953
-0.044936497
-0.045336021
-0.045068784
-0.045217782
-0.04541575
-0.045523419
-0.045858467
-0.045109604
-0.044986535
-0.046436221
-0.044075983
-0.046574369
-0.045132688
-0.04565477
-0.045320852
-0.044905213
-0.046606143
-0.045431061
-0.046318123
-0.044481604
-0.045164649
-0.047560641
-0.04659499
-0.043055015
-0.043588504
-0.046224395
-0.045178989
-0.046494249
-0.044724217
-0.045202828
-0.046479493
-0.045097173
-0.044818193
-0.046408586
-0.045937745
-0.045555603
-0.045279607
-0.045193135
-0.044970156
-0.046372596
-0.047115941
-0.045357072
-0.046200463
-0.045510474
-0.044909938
-0.045859518
-0.045523225
-0.045738218
-0.044908167
-0.045289217
-0.047593977
-0.045545671
-0.047911959
-0.047265263
-0.045698821
-0.046833876
-0.04644938
-0.044299447
-0.044852002
-0.044339436
-0.045220551
-0.044811424
-0.04649751
-0.047349766
-0.047192281
-0.045773854
-0.045500378
-0.044371648
-0.04503209
-0.045650293
-0.045110568
-0.045206041
-0.046424775
-0.045876187
-0.04594468
-0.046669782
-0.045097603
-0.046038152
-0.045973009
-0.046097756
-0.045905057
-0.046706606
-0.045326561
-0.046244924
-0.043381536
-0.045415352
-0.045802767
-0.046176453
-0.046657009
-0.046851511
-0.04492116
-0.045969782
-0.045008741
-0.044319312
-0.046197866
-0.048532025
-0.04490365
-0.045230147
-0.043633331
-0.045686426
-0.045058161
-0.046830385
-0.044066907
-0.04529133
-0.045119136
-0.047457137
-0.045844689
-0.044604802
-0.047863877
-0.046809354
-0.045524564
-0.045123626
-0.045911985
-0.046426488
-0.045728931
-0.046050626
-0.045897167
-0.046319906
-0.044067651
-0.046239637
-0.046738899
-0.046051615
-0.046344064
-0.046910642
-0.044210163
-0.046765205
-0.045394044
-0.043915339
-0.046495141
-0.046553801
-0.045082804
-0.04592426
-0.045417458
-0.043338865
-0.047080319
-0.047126965
-0.046378144
-0.045345977
-0.047001659
-0.047334415
-0.044985185
-0.045282411
-0.047118817
-0.046048749
-0.046830516
-0.046926331
-0.045682919
-0.044405839
-0.043487947
-0.046934907
-0.046491189
-0.045988962
-0.047579263
-0.047332423
-0.046494277
-0.046457005
-0.044420839
-0.046723375
-0.044997765
-0.046461981
-0.04689704
-0.044640586
-0.045057284
-0.047423365
-0.045273033
-0.046171096
-0.048169137
-0.046605694
-0.046063051
-0.045028392
-0.046133649
-0.045437032
-0.044900754
-0.047142436
-0.043766611
-0.046191355
-0.04687251
-0.045750715
-0.047081167
-0.045130223
-0.045259753
-0.046281911
-0.046106898
-0.045201953
-0.045421964
-0.044298313
-0.045987281
-0.044433772
-0.044968475
-0.046412384
-0.045408478
-0.047212433
-0.046797327
-0.047530595
-0.046240291
-0.04468555
-0.044670576
-0.045556073
-0.048838838
-0.045922322
-0.046224422
-0.046348251
-0.046629083
-0.046038071
-0.045140254
-0.045543032
-0.046606385
-0.047586913
-0.046131399
-0.04778574
-0.04599441
-0.046295741
-0.045707608
-0.045753753
-0.046732145
-0.045485873
-0.04665451
-0.045252362
-0.047148775
-0.045603548
-0.046280596
-0.046794499
-0.047310203
-0.045843257
-0.045163755
-0.046273812
-0.046359668
-0.04617757
-0.046260583
-0.047377527
-0.045704528
-0.046488723
-0.046121691
-0.044611687
-0.044783402
-0.046931472
-0.046815423
-0.04780051
-0.045864232
-0.045232281
-0.046891768
-0.046693108
-0.04757979
-0.046384207
-0.047664997
-0.045640763
-0.045042377
-0.04545331
-0.047565132
-0.046717604
-0.046077756
-0.045869991
-0.047863264
-0.045370366
-0.047472282
-0.046375729
-0.046328162
-0.045988293
-0.046133802
-0.044907455
-0.04603621
-0.045931376
-0.047597749
-0.046220954
-0.047853941
-0.047438201
-0.046824222
-0.048576382
-0.047064614
-0.045710039
-0.045706138
-0.047741477
-0.046821023
-0.047189302
-0.046587965
-0.046493429
-0.044929454
-0.045117717
-0.045438444
-0.046787892
-0.045757295
-0.046192732
-0.046800692
-0.047292301
-0.047111234
-0.045606976
-0.046351159
-0.046758909
-0.047058692
-0.047776199
-0.046620295
-0.046960022
-0.045987235
-0.048311409
-0.047032519
-0.047023708
-0.047428118
-0.047906737
-0.04589014
-0.04679715
-0.046107822
-0.04768396
-0.04825818
-0.046632583
-0.046997498
-0.046317956
-0.046509176
-0.04726435
-0.047773527
-0.046416649
-0.046946657
-0.046673669
-0.047000615
-0.047410029
-0.04642383
-0.046842967
-0.045509633
-0.047931449
-0.046620714
-0.048255313
-0.045289142
-0.047178248
-0.047049685
-0.048280187
-0.047148819
-0.046319664
-0.049729946
-0.046105832
-0.047972592
-0.047930151
-0.047069051
-0.04744062
-0.046739299
-0.046558461
-0.045974001
-0.047065076
-0.046339892
-0.046377359
-0.046791564
-0.048911169
-0.047957873
-0.048594447
-0.046891613
-0.045919556
-0.04695116
-0.046205577
-0.047668026
-0.046988385
-0.047315957
-0.045967636
-0.047446858
-0.047889449
-0.046697767
-0.048490071
-0.04753776
-0.046651133
-0.046879219
-0.047207785
-0.047208213
-0.049587928
-0.047355117
-0.046187588
-0.047138213
-0.049473619
-0.047158349
-0.047521072
-0.048753708
-0.047030234
-0.046783789
-0.047883967
-0.047671601
-0.047025028
-0.046026397
-0.048114052
-0.046879217
-0.046465606
-0.047954078
-0.049314458
-0.047384651
-0.047031371
-0.045935997
-0.046841619
-0.047869233
-0.046598349
-0.048577679
-0.045725094
-0.048502685
-0.047755914
-0.048337595
-0.049804766
-0.045892351
-0.047051824
-0.04780425
-0.045537995
-0.047131124
-0.047983273
-0.048356568
-0.048686474
-0.046882467
-0.048674341
-0.046784796
-0.047327416
-0.045717564
-0.047597075
-0.047694231
-0.047179042
-0.049084611
-0.048100926
-0.046998834
-0.047196335
-0.048778633
-0.047583096
-0.047724107
-0.048883171
-0.048579654
-0.048794746
-0.046152839
-0.048641085
-0.047420179
-0.045308387
-0.047730653
-0.047254182
-0.046958797
-0.046988988
-0.04811756
-0.048764143
-0.047503701
-0.047126657
-0.048129264
-0.04847178
-0.048273094
-0.048687034
-0.048105303
-0.048738572
-0.047960287
-0.047931103
-0.048668848
-0.047815394
-0.047135604
-0.048300082
-0.050207098
-0.04784435
-0.0484137
-0.048331875
-0.04695087
-0.04822389
-0.047096655
-0.048616266
-0.046108861
-0.048184287
-0.048798663
-0.048216095
-0.048928011
-0.047923802
-0.046006401
-0.048107948
-0.048931483
-0.04643472
-0.047245541
-0.049984836
-0.04882352
-0.049071993
-0.049157407
-0.048770998
-0.050362268
-0.047420024
-0.048119957
-0.049697445
-0.047560238
-0.049911841
-0.050274646
-0.048842461
-0.048654165
-0.048457199
-0.048119967
-0.049229439
-0.047702681
-0.047558828
-0.049430049
-0.049493144
-0.048872448
-0.047745334
-0.04830929
-0.048679752
-0.047737615
-0.047904223
-0.047811041
-0.049563219
-0.049139035
-0.048100438
-0.048386569
-0.048734256
-0.050852168
-0.049033872
-0.04965614
-0.048364258
-0.050212158
-0.047623575
-0.048349808
-0.046891127
-0.047955626
-0.049366002
-0.04962905
-0.048632336
-0.051348562
-0.048991601
-0.048982979
-0.049220659
-0.048701225
-0.049076915
-0.047731675
-0.047687282
-0.048640413
-0.049134076
-0.05007253
-0.046916455
-0.048528862
-0.050971894
-0.049499017
-0.048659049
-0.048661956
-0.047335338
-0.047854911
-0.047926314
-0.048864231
-0.048490772
-0.049176084
-0.047764065
-0.049432064
-0.04858153
-0.048514365
-0.051500637
-0.049428806
-0.050087489
-0.049135118
-0.050282631
-0.0493466
-0.048734988
-0.048372278
-0.051081671
-0.047288537
-0.049373838
-0.0503501
-0.050694448
-0.048815574
-0.048244134
-0.050147087
-0.049404681
-0.048241475
-0.049259594
-0.047802789
-0.048911549
-0.049401736
-0.048080122
-0.049143184
-0.047873295
-0.050886843
-0.04854644
-0.050459395
-0.049302759
-0.050200653
-0.049628917
-0.048877442
-0.048997577
-0.049676383
-0.049450601
-0.048800168
-0.04956765
-0.050176119
-0.048768216
-0.049238978
-0.050411757
-0.051302566
-0.050372436
-0.049602722
-0.049306711
-0.049864233
-0.049839053
-0.050137794
-0.050103261
-0.048523391
-0.049788229
-0.050226655
-0.047521858
-0.050200499
-0.049429988
-0.051504583
-0.049233048
-0.050942051
-0.049666355
-0.050787042
-0.049160452
-0.051819617
-0.049318678
-0.05060525
-0.051272617
-0.050848076
-0.049179399
-0.050276218
-0.050251243
-0.049107524
-0.050150224
-0.049527511
-0.050176179
-0.049324825
-0.05105173
-0.049270307
-0.050753683
-0.049503263
-0.051066844
-0.052320396
-0.050976368
-0.049091982
-0.050318981
-0.051080208
-0.051588942
-0.051735066
-0.049320113
-0.049427579
-0.050813702
-0.050522933
-0.050030992
-0.050431763
-0.050736807
-0.050029025
-0.050844091
-0.050295293
-0.050040322
-0.049779491
-0.05004897
-0.050168702
-0.050515865
-0.051446909
-0.049629107
-0.051872041
-0.05209297
-0.050617872
-0.050265484
-0.049741543
-0.050753697
-0.048764301
-0.049717987
-0.050369178
-0.051678326
-0.052158364
-0.051481143
-0.051195498
-0.051494746
-0.048567494
-0.051573749
-0.051329071
-0.051328501
-0.049427604
-0.051409687
-0.053183241
-0.051852915
-0.051687718
-0.050005686
-0.052732718
-0.050634876
-0.051643049
-0.051196502
-0.05083191
-0.049854616
-0.052402492
-0.051093417
-0.050064653
-0.049925297
-0.051118068
-0.051769427
-0.050254946
-0.051261696
-0.050820138
-0.052572161
-0.05058858
-0.052567372
-0.051210313
-0.051857367
-0.049831582
-0.050052571
-0.052065633
-0.052881091
-0.052049026
-0.051370532
-0.050492651
-0.051531671
-0.051653667
-0.051426053
-0.054300434
-0.052029769
-0.051194446
-0.051245771
-0.049950981
-0.051727005
-0.051714688
-0.05140221
-0.051379927
-0.053472213
-0.051537723
-0.051816274
-0.051894115
-0.0529624
-0.051698398
-0.052318674
-0.051584807
-0.05139515
-0.052748775
-0.051403794
-0.051298299
-0.052771745
-0.052251607
-0.051196677
-0.052733321
-0.052320583
-0.051771971
-0.052649509
-0.052118888
-0.052189224
-0.051463627
-0.05319161
-0.052587864
-0.052756341
-0.053546364
-0.053856389
-0.052774691
-0.052806118
-0.053457867
-0.053295186
-0.052958406
-0.054263839
-0.052161257
-0.051806965
-0.053912026
-0.052542601
-0.052410018
-0.051650982
-0.053050038
-0.051261557
-0.054028645
-0.052100747
-0.053866611
-0.053223288
-0.050849988
-0.053433436
-0.051101346
-0.05356408
-0.051631556
-0.051055577
-0.053205246
-0.052900408
-0.050864124
-0.054313868
-0.054742563
-0.05302804
-0.051757706
-0.054297054
-0.052873599
-0.052818138
-0.051445155
-0.054062791
-0.051815622
-0.053293406
-0.051412166
-0.053071861
-0.053219769
-0.054597419
-0.05345633
-0.052399174
-0.054303069
-0.054122454
-0.054321633
-0.051748798
-0.051890285
-0.053524523
-0.052182377
-0.054501431
-0.052827258
-0.052982994
-0.05246608
-0.052802779
-0.052308273
-0.052009354
-0.053650304
-0.052349305
-0.053069502
-0.053872759
-0.05362629
-0.052664545
-0.054888849
-0.052755322
-0.054669724
-0.054056576
-0.054643425
-0.053581234
-0.053276809
-0.054770906
-0.054437857
-0.053818904
-0.052725267
-0.054659259
-0.055762703
-0.052313527
-0.056148206
-0.05463428
-0.05397954
-0.055396511
-0.055607109
-0.053307369
-0.055855259
-0.052526812
-0.054214371
-0.053997589
-0.053534005
-0.053355113
-0.056247563
-0.053306557
-0.053439951
-0.053328702
-0.056127303
-0.05518729
-0.05526624
-0.054779688
-0.055183834
-0.054801457
-0.05405336
-0.054852334
-0.055940679
-0.053317756
-0.055639977
-0.057569258
-0.052728285
-0.053234698
-0.054649145
-0.053342855
-0.055443654
-0.054866652
-0.055828918
-0.055059354
-0.054639889
-0.054970454
-0.055516826
-0.054983221
-0.055526368
-0.055721102
-0.055692505
-0.055811411
-0.054324466
-0.055980899
-0.054659622
-0.053681772
-0.056105098
-0.053618728
-0.054816056
-0.055815647
-0.056031119
-0.055646758
-0.055026899
-0.055691912
-0.056036745
-0.056310073
-0.055686896
-0.055541756
-0.054711166
-0.056297406
-0.055822649
-0.056265616
-0.054996243
-0.055283209
-0.055269529
-0.057278253
-0.055479302
-0.056395271
-0.056397706
-0.057603949
-0.0567224
-0.056718934
-0.055600138
-0.056225574
-0.055434535
-0.056197921
-0.054376855
-0.05710008
-0.057136617
-0.055939798
-0.054471135
-0.056395711
-0.055303915
-0.056475819
-0.055545014
-0.055964848
-0.057785974
-0.057558367
-0.054964584
-0.057024365
-0.05696383
-0.055631291
-0.056350256
-0.057478335
-0.056646688
-0.056800196
-0.057244703
-0.058183637
-0.057239424
-0.056960514
-0.055822175
-0.057519666
-0.054888874
-0.056137041
-0.056103749
-0.057244877
-0.056106809
-0.057405079
-0.058719087
-0.056474027
-0.05640949
-0.058319394
-0.05572344
-0.05612967
-0.059047066
-0.05715456
-0.057319197
-0.055620986
-0.056624532
-0.057034369
-0.055833386
-0.056490848
-0.057988822
-0.056593645
-0.056045293
-0.057023395
-0.057472189
-0.057483303
-0.057196864
-0.058263968
-0.058894893
-0.057526195
-0.058307962
-0.057865147
-0.056975699
-0.05617464
-0.058921588
-0.056965316
-0.059010598
-0.0578364
-0.058318904
-0.059067528
-0.060170715
-0.057724483
-0.05824925
-0.056995184
-0.058492078
-0.057723627
-0.059653778
-0.059429737
-0.057185478
-0.056616383
-0.05948009
-0.058355271
-0.05839647
-0.058749743
-0.059465229
-0.060283926
-0.058035088
-0.060133732
-0.059035493
-0.056097201
-0.058259803
-0.059728904
-0.059242602
-0.059214938
-0.058802905
-0.059370078
-0.058223724
-0.05825027
-0.057352526
-0.058684543
-0.060236958
-0.058200081
-0.059170317
-0.058307793
-0.058206333
-0.059354282
-0.062388274
-0.060029363
-0.058795268
-0.059408671
-0.060489731
-0.060368951
-0.060061538
-0.060561894
-0.059680525
-0.059014862
-0.058431065
-0.05824265
-0.058617705
-0.061823206
-0.060106314
-0.059948589
-0.060011106
-0.059944033
-0.059141822
-0.058552469
-0.058802441
-0.059820242
-0.059034043
-0.06140154
-0.058528199
-0.061581364
-0.060325561
-0.058273225
-0.060109176
-0.059304235
-0.058627874
-0.058956572
-0.060117649
-0.058942041
-0.060864228
-0.059997622
-0.059403312
-0.060024412
-0.060999515
-0.060701381
-0.060359364
-0.062567211
-0.059243342
-0.060348808
-0.059406683
-0.059130743
-0.059526072
-0.060696709
-0.058842642
-0.058865662
-0.062266473
-0.059808602
-0.061640856
-0.061556361
-0.059543686
-0.063126702
-0.062272369
-0.060200167
-0.05969493
-0.059669763
-0.06022017
-0.062984316
-0.061352532
-0.06024431
-0.061036309
-0.061169839
-0.060103587
-0.060577967
-0.062607412
-0.062786505
-0.060876587
-0.06065605
-0.060481599
-0.062522894
-0.061246983
-0.062804893
-0.060471268
-0.060837814
-0.059251232
-0.061838827
-0.062256634
-0.061541931
-0.062005173
-0.062414624
-0.062512771
-0.061349668
-0.060509708
-0.061929632
-0.062330027
-0.063984165
-0.061647067
-0.061292371
-0.060698021
-0.06209598
-0.063272729
-0.062565299
-0.062113114
-0.061991604
-0.063475134
-0.063500811
-0.062824734
-0.06312246
-0.063073035
-0.06187426
-0.063201494
-0.062304391
-0.062962057
-0.064679362
-0.06254905
-0.063122088
-0.062082024
-0.062832854
-0.061650761
-0.064194077
-0.06218449
-0.061856519
-0.063838749
-0.064542625
-0.065103912
-0.063789276
-0.062274189
-0.062786164
-0.063969129
-0.063021095
-0.0643965
-0.063236249
-0.06344282
-0.062770625
-0.065111187
-0.061391465
-0.063039492
-0.064343797
-0.06439443
-0.064917449
-0.064058892
-0.063676536
-0.065136177
-0.063963409
-0.063446869
-0.062406395
-0.065051309
-0.063785281
-0.064045931
-0.06395966
-0.064712748
-0.064034947
-0.065612105
-0.063302334
-0.064586307
-0.065522936
-0.065842602
-0.063311193
-0.065136631
-0.065093756
-0.0643714
-0.066422818
-0.066794426
-0.064489631
-0.064682634
-0.064511057
-0.065809632
-0.064190946
-0.063949672
-0.065572986
-0.063869214
-0.064974576
-0.065771743
-0.064428221
-0.065949986
-0.062880801
-0.067516154
-0.067465234
-0.066429632
-0.066251114
-0.065181778
-0.066039053
-0.067579506
-0.065946668
-0.067073214
-0.065613023
-0.065822727
-0.066023511
-0.066316811
-0.066788177
-0.066331266
-0.067187513
-0.064283179
-0.066686494
-0.065771279
-0.066830009
-0.067590907
-0.063324828
-0.065904948
-0.067467
-0.065500562
-0.068107254
-0.067376209
-0.067262615
-0.067411707
-0.066633416
-0.065679538
-0.066176634
-0.065803611
-0.067407352
-0.06780207
-0.067331733
-0.067320659
-0.068147152
-0.067537231
-0.068083243
-0.068326876
-0.066212567
-0.06803932
-0.068686014
-0.067558911
-0.066578931
-0.067739713
-0.067185325
-0.066072953
-0.067134292
-0.069009718
-0.068131266
-0.068753194
-0.06887565
-0.06770446
-0.068633138
-0.069520129
-0.069455587
-0.06866411
-0.068849771
-0.069934078
-0.071134542
-0.06903257
-0.067190384
-0.067702633
-0.068829572
-0.070172367
-0.070428533
-0.069801544
-0.067937317
-0.070416024
-0.069622457
-0.069485771
-0.067980174
-0.069126366
-0.069063731
-0.068816635
-0.070460888
-0.069585904
-0.070243675
-0.071359813
-0.070146324
-0.069316909
-0.070205346
-0.070417383
-0.07032624
-0.07077367
-0.071239733
-0.071409387
-0.070972665
-0.070634625
-0.068132877
-0.071859941
-0.069840475
-0.069716409
-0.070558928
-0.06984676
-0.069143454
-0.071154357
-0.069666988
-0.071670443
-0.070644746
-0.072519783
-0.069518378
-0.072070174
-0.072444371
-0.070300677
-0.071946833
-0.071416319
-0.068511561
-0.070989274
-0.069610254
-0.072272073
-0.071983904
-0.072353706
-0.073391146
-0.072409947
-0.071991137
-0.071128381
-0.072160673
-0.070044434
-0.071597219
-0.072670843
-0.072198458
-0.07258618
-0.073720493
-0.073010267
-0.072211387
-0.072716413
-0.071903549
-0.072994162
-0.072747645
-0.07108849
-0.073174932
-0.072224378
-0.072014327
-0.074336462
-0.072603539
-0.072168289
-0.072475536
-0.074177828
-0.073174773
-0.071725658
-0.072288613
-0.075051879
-0.072456025
-0.073651722
-0.074515098
-0.073190938
-0.07293777
-0.073279054
-0.074137081
-0.073044351
-0.075235922
-0.074834694
-0.07511957
-0.074244548
-0.072485325
-0.072720246
-0.074551306
-0.074218733
-0.07290568
-0.074829825
-0.075481999
-0.076164964
-0.074826104
-0.074226694
-0.076150742
-0.074880993
-0.075825868
-0.074624283
-0.076060926
-0.074253243
-0.075170932
-0.073823341
-0.074510632
-0.07699618
-0.075294989
-0.075024162
-0.076118691
-0.076785773
-0.076341258
-0.077472656
-0.076437494
-0.074687281
-0.077285545
-0.075177143
-0.075296847
-0.076840285
-0.077652565
-0.076405234
-0.076162001
-0.077457992
-0.075784241
-0.077081272
-0.076254087
-0.07706898
-0.076634589
-0.076379915
-0.078210296
-0.077985806
-0.076798721
-0.076844952
-0.077541371
-0.078463379
-0.078015149
-0.077460509
-0.076156152
-0.077779275
-0.078598709
-0.07895083
-0.077133007
-0.079528889
-0.079192703
-0.078067647
-0.079006927
-0.078420437
-0.078382256
-0.079133882
-0.079166286
-0.080603074
-0.078672087
-0.078390681
-0.078850912
-0.078460821
-0.079016873
-0.077722992
-0.078989946
-0.077349788
-0.081354422
-0.081247035
-0.07946737
-0.079127326
-0.078433516
-0.079145143
-0.082087963
-0.080527177
-0.081157776
-0.079376331
-0.080669173
-0.080461282
-0.081611221
-0.081024255
-0.08075655
-0.079235118
-0.080617694
-0.081282808
-0.081190287
-0.080761207
-0.079665948
-0.079316288
-0.080369584
-0.081380084
-0.080794726
-0.082455503
-0.081573324
-0.079991122
-0.080062763
-0.081373934
-0.084328212
-0.080738033
-0.082440735
-0.082599371
-0.081360199
-0.082486336
-0.083613082
-0.081415882
-0.081983287
-0.08305625
-0.082948794
-0.081473368
-0.084535416
-0.082450888
-0.083392109
-0.083881512
-0.082779968
-0.082932797
-0.084101902
-0.084331657
-0.083351442
-0.083365959
-0.083115417
-0.084987553
-0.083524648
-0.084464959
-0.086214642
-0.083930137
-0.086733423
-0.083483924
-0.086261347
-0.085573576
-0.082684164
-0.084706465
-0.086895264
-0.085223734
-0.085280734
-0.084589924
-0.08682842
-0.08555945
-0.0857345
-0.085828861
-0.08490991
-0.083408494
-0.088057046
-0.086820652
-0.086739099
-0.086879232
-0.085311635
-0.088691868
-0.087105605
-0.086308399
-0.085442346
-0.086641655
-0.087289048
-0.087026627
-0.088179218
-0.087141956
-0.087536339
-0.088268056
-0.087050372
-0.087822614
-0.08688998
-0.088978073
-0.087815895
-0.088343949
-0.08822665
-0.087363655
-0.087960733
-0.089015627
-0.087173134
-0.088275113
-0.090109388
-0.090139781
-0.088623837
-0.089089747
-0.090141099
-0.088712914
-0.089578975
-0.088795948
-0.089646977
-0.088401121
-0.089076711
-0.08900703
-0.088754755
-0.088157537
-0.090742551
-0.089234373
-0.089716282
-0.091004105
-0.091644243
-0.091275875
-0.08988152
-0.091133779
-0.093840398
-0.092363227
-0.09293351
-0.092424182
-0.092186955
-0.092223309
-0.091255294
-0.092021045
-0.091844376
-0.093387242
-0.092292043
-0.092093842
-0.092288727
-0.090922812
-0.093720024
-0.094247435
-0.09303937
-0.092488528
-0.09276022
-0.094549902
-0.092199971
-0.093930069
-0.094914642
-0.092640071
-0.092974405
-0.094397026
-0.094239186
-0.093414447
-0.093294975
-0.094479626
-0.095443435
-0.093280519
-0.09548745
-0.095174896
-0.097088034
-0.096251775
-0.096088168
-0.096321803
-0.096073528
-0.096501008
-0.097226151
-0.095656486
-0.095959064
-0.0944347
-0.096374406
-0.0958896
-0.096941618
-0.096298919
-0.096030411
-0.097681386
-0.095226516
-0.097016859
-0.098193617
-0.098900782
-0.09799203
-0.099141698
-0.099165946
-0.098457962
-0.098667406
-0.097880621
-0.099445621
-0.10028506
-0.099503471
-0.096747768
-0.099133618
-0.098176065
-0.098398907
-0.098952246
-0.10098665
-0.10046007
-0.099919002
-0.10019307
-0.10131553
-0.099681726
-0.10094273
-0.10060934
-0.099848338
-0.10116235
-0.10036374
-0.099455165
-0.10118882
-0.10329659
-0.1017454
-0.099994351
-0.10370875
-0.10293434
-0.10259449
-0.10301395
-0.10208189
-0.10141724
-0.10338519
-0.10529592
-0.10292916
-0.10410801
-0.10499374
-0.10373397
-0.10288024
-0.10596478
-0.10374319
-0.10359491
-0.1054716
-0.10570797
-0.1035601
-0.10445757
-0.10598056
-0.10588133
-0.10377981
-0.10689488
-0.10697547
-0.10519128
-0.10709659
-0.10764454
-0.10718714
-0.10867707
-0.10671915
-0.10697469
-0.10721518
-0.1064352
-0.10900003
-0.10831891
-0.10883114
-0.11086236
-0.10917373
-0.10866975
-0.10953155
-0.11038381
-0.11020588
-0.10963942
-0.10875543
-0.11098292
-0.10856837
-0.11181652
-0.11157386
-0.11065239
-0.11195304
-0.11176893
-0.11136888
-0.11328875
-0.11175227
-0.11160904
-0.11259021
-0.11369802
-0.1103449
-0.11313706
-0.11372238
-0.11089447
-0.11376571
-0.11307574
-0.11434654
-0.11389703
-0.11484013
-0.1149309
-0.11492782
-0.11445067
-0.11448631
-0.11575406
-0.11483625
-0.11627928
-0.11628508
-0.11638632
-0.11528824
-0.11838238
-0.11756106
-0.1190223
-0.11668043
-0.11654471
-0.11826978
-0.11872749
-0.11820907
-0.11801425
-0.11951385
-0.11895883
-0.11742431
-0.11983162
-0.12049067
-0.11910741
-0.11864449
-0.12007382
-0.12137541
-0.12093968
-0.12142233
-0.12137608
-0.12062991
-0.12169295
-0.12185213
-0.12054677
-0.12257184
-0.12365833
-0.12174031
-0.12175644
-0.12492129
-0.12319714
-0.12475754
-0.12552771
-0.12461549
-0.12609128
-0.12480037
-0.12602909
-0.12482523
-0.1262003
-0.12663674
-0.1251281
-0.12608534
-0.12671796
-0.12793872
-0.12862971
-0.12871773
-0.12861642
-0.12853987
-0.12808328
-0.12946828
-0.13049881
-0.12860389
-0.13066199
-0.13061723
-0.13013933
-0.13050067
-0.13178716
-0.13159302
-0.13183025
-0.13265332
-0.13334187
-0.13356984
-0.13313592
-0.13223587
-0.13437322
-0.13302858
-0.13517754
-0.133338
-0.13504338
-0.13472891
-0.13395
-0.13744239
-0.13536867
-0.13806642
-0.1364106
-0.13931978
-0.13624073
-0.13785246
-0.1393527
-0.13942664
-0.13985396
-0.14088155
-0.14144565
-0.14015431
-0.14210618
-0.14106143
-0.14106203
-0.14111788
-0.14172657
-0.14425989
-0.14298944
-0.14397612
-0.14401674
-0.14528543
-0.14419848
-0.14603401
-0.14613146
-0.14631616
-0.14584792
-0.14688242
-0.14822913
-0.14901901
-0.14755323
-0.14888054
-0.14764607
-0.14891211
-0.14749913
-0.14818751
-0.15244847
-0.15080477
-0.15166644
-0.15178208
-0.15258357
-0.15326333
-0.15100431
-0.15267363
-0.15298033
-0.15351808
-0.15535725
-0.15535768
-0.15613189
-0.15896631
-0.15548975
-0.15500405
-0.15838658
-0.15691003
-0.15861252
-0.15981942
-0.16121351
-0.16267503
-0.16179487
-0.1621036
-0.16267868
-0.16216672
-0.16334828
-0.16302492
-0.16360422
-0.16415079
-0.16515913
-0.16800595
-0.16741488
-0.16772324
-0.16718549
-0.16782464
-0.16900379
-0.1712207
-0.17190697
-0.17075607
-0.17229279
-0.17320674
-0.17461175
-0.17176024
-0.17389192
-0.17434535
-0.1757009
-0.17697772
-0.17816363
-0.17836097
-0.17905899
-0.17861891
-0.17872718
-0.18242562
-0.17915645
-0.18014932
-0.18404352
-0.18357593
-0.18487495
-0.18368936
-0.18551515
-0.18680375
-0.18692383
-0.18855689
-0.18963555
-0.18893345
-0.19154078
-0.19152117
-0.19195713
-0.19379242
-0.1935291
-0.19446462
-0.19479538
-0.19627216
-0.19676102
-0.19704248
-0.19956029
-0.20099609
-0.20061416
-0.2019452
-0.20310288
-0.20411515
-0.20643179
-0.20600545
-0.20607596
-0.20734303
-0.20963303
-0.21039474
-0.20913521
-0.21283843
-0.21295228
-0.21306413
-0.21382817
-0.21780053
-0.21791279
-0.21820541
-0.22086533
-0.2216999
-0.22098878
-0.2222137
-0.22255653
-0.22465447
-0.22736296
-0.22825195
-0.22754772
-0.23087007
-0.23147608
-0.23240856
-0.23537379
-0.23608298
-0.23692126
-0.23857037
-0.23966027
-0.23957809
-0.24204837
-0.24263475
-0.24487583
-0.24549171
-0.24879707
-0.24954667
-0.24938657
-0.25117976
-0.25389292
-0.25437309
-0.2579466
-0.25870538
-0.26166669
-0.26199375
-0.26352521
-0.26489686
-0.26674759
-0.26812551
-0.26992239
-0.27166284
-0.27464085
-0.27589175
-0.27756378
-0.27745876
-0.28135946
-0.28168061
-0.28473869
-0.28744984
-0.28851078
-0.29322755
-0.29269311
-0.29515023
-0.29910017
-0.30027666
-0.30244169
-0.30344261
-0.30505375
-0.30839643
-0.31001498
-0.31119563
-0.31464755
-0.31498851
-0.32180564
-0.32248713
-0.32522933
-0.32672011
-0.32985973
-0.33381225
-0.33557234
-0.33841943
-0.34160723
-0.34276206
-0.3452947
-0.34768124
-0.35275548
-0.35425783
-0.35817716
-0.3623465
-0.36536499
-0.36676869
-0.37056224
-0.37200547
-0.37816464
-0.37798821
-0.38419424
-0.38885238
-0.39088619
-0.39334836
-0.39743058
-0.40318061
-0.40649162
-0.40969354
-0.41463004
-0.41682502
-0.42010457
-0.42326151
-0.42860081
-0.43113885
-0.43542396
-0.44280432
-0.44605832
-0.45239416
-0.45609761
-0.45954077
-0.46738501
-0.46931151
-0.47458439
-0.47889753
-0.48373884
-0.48869426
-0.49381236
-0.50200753
