-1.3348348670373
-1.0775936044439
-0.92943881645349
-0.83013640205469
-0.75645156394584
-0.69794579033222
-0.64928819664347
-0.60756938979204
-0.57107215503269
-0.53869786998865
-0.50969180686572
-0.48350499599476
-0.45972027974302
-0.43800999439065
-0.41811016380801
-0.3998038605258
-0.38290996733761
-0.36727529322494
-0.35276886819765
-0.33927770683106
-0.32670359235135
-0.31496058813984
-0.3039730791835
-0.29367420714569
-0.28400460296171
-0.2749113479685
-0.26634711320384
-0.25826943953222
-0.2506401304987
-0.2434247364695
-0.23659211347787
-0.23011404378858
-0.2239649078876
-0.21812139964767
-0.21256227798962
-0.20726814957949
-0.20222127806029
-0.19740541607872
-0.1928056569784
-0.18840830352612
-0.18420075144143
-0.180171385833
-0.17630948892036
-0.17260515765012
-0.16904923000844
-0.16563321899433
-0.16234925335642
-0.15919002431282
-0.1561487375745
-0.15321907007789
-0.15039513090698
-0.14767142594822
-0.1450428258774
-0.14250453712481
-0.14005207550693
-0.13768124224895
-0.13538810215393
-0.1331689637022
-0.13102036088848
-0.12893903662578
-0.12692192756362
-0.12496615018445
-0.12306898805689
-0.12122788013709
-0.11944041002067
-0.11770429605817
-0.11601738225535
-0.11437762988789
-0.11278310976711
-0.11123199509927
-0.10972255488706
-0.10825314782646
-0.10682221665693
-0.10542828292658
-0.10406994213791
-0.10274585924263
-0.10145476445699
-0.10019544937185
-0.098966763333774
-0.097767610075768
-0.096596944578029
-0.095453770140844
-0.094337135653333
-0.09324613304311
-0.09217989489321
-0.09113759221379
-0.090118432357135
-0.089121657065468
-0.088146540641926
-0.087192388235797
-0.086258534233927
-0.085344340750743
-0.084449196210008
-0.083572514011946
-0.082713731279849
-0.081872307680753
-0.08104772431518
-0.080239482671328
-0.07944710363938
-0.078670126582071
-0.077908108457719
-0.077160622992413
-0.076427259898185
-0.075707624134195
-0.075001335208283
-0.074308026516294
-0.073627344716877
-0.072958949139557
-0.072302511224049
-0.071657713988919
-0.071024251527807
-0.07040182853163
-0.06979015983516
-0.069188969986584
-0.068597992838688
-0.068016971160443
-0.067445656267782
-0.066883807672513
-0.066331192748329
-0.065787586412951
-0.065252770825513
-0.064726535098352
-0.0642086750224
-0.063698992805451
-0.063197296822609
-0.062703401378237
-0.062217126478843
-0.061738297616275
-0.061266745560717
-0.060802306162971
-0.06034482016552
-0.059894133021955
-0.059450094724334
-0.059012559638025
-0.058581386343736
-0.058156437486309
-0.05773757962995
-0.057324683119636
-0.056917621948298
-0.056516273629584
-0.056120519075912
-0.05573024248152
-0.05534533121033
-0.054965675688349
-0.054591169300451
-0.054221708291255
-0.053857191669998
-0.053497521119157
-0.053142600906659
-0.052792337801551
-0.052446640992907
-0.052105422011912
-0.051768594656892
-0.05143607492123
-0.051107780924005
-0.050783632843231
-0.050463552851618
-0.050147465054696
-0.04983529543124
-0.049526971775885
-0.049222423643829
-0.048921582297541
-0.048624380655406
-0.048330753242198
-0.048040636141323
-0.047753966948745
-0.047470684728562
-0.04719072997011
-0.046914044546574
-0.046640571675031
-0.046370255877871
-0.04610304294553
-0.045838879900493
-0.045577714962537
-0.045319497515114
-0.045064178072872
-0.044811708250258
-0.044562040731172
-0.044315129239588
-0.044070928511169
-0.043829394265796
-0.043590483180979
-0.043354152866136
-0.043120361837689
-0.04288906949496
-0.04266023609682
-0.04243382273909
-0.042209791332639
-0.041988104582181
-0.041768725965699
-0.041551619714547
-0.041336750794128
-0.041124084885184
-0.040913588365648
-0.040705228293042
-0.040498972387412
-0.040294789014773
-0.040092647171045
-0.039892516466464
-0.039694367110458
-0.039498169896976
-0.039303896190211
-0.039111517910798
-0.038921007522346
-0.038732338018402
-0.038545482909782
-0.038360416212249
-0.038177112434557
-0.037995546566814
-0.037815694069203
-0.037637530860983
-0.037461033309831
-0.037286178221447
-0.037112942829478
-0.036941304785692
-0.036771242150439
-0.036602733383364
-0.036435757334372
-0.036270293234845
-0.036106320689078
-0.03594381966597
-0.035782770490906
-0.035623153837885
-0.035464950721825
-0.035308142491102
-0.035152710820256
-0.034998637702914
-0.034845905444865
-0.034694496657346
-0.034544394250485
-0.034395581426889
-0.03424804167548
-0.034101758765347
-0.03395671673991
-0.033812899911098
-0.033670292853767
-0.033528880400204
-0.03338864763479
-0.033249579888788
-0.033111662735264
-0.032974881984128
-0.032839223677301
-0.032704674083994
-0.032571219696113
-0.032438847223761
-0.032307543590855
-0.032177295930851
-0.03204809158257
-0.031919918086114
-0.031792763178891
-0.031666614791734
-0.031541461045098
-0.031417290245356
-0.03129409088119
-0.031171851620039
-0.03105056130467
-0.03093020894977
-0.030810783738691
-0.030692275020197
-0.030574672305335
-0.030457965264353
-0.030342143723694
-0.030227197663062
-0.030113117212548
-0.02999989264982
-0.029887514397384
-0.029775973019895
-0.029665259221531
-0.029555363843431
-0.029446277861187
-0.029337992382377
-0.029230498644177
-0.029123788011
-0.02901785197221
-0.02891268213986
-0.028808270246496
-0.028704608143012
-0.028601687796528
-0.028499501288338
-0.028398040811882
-0.028297298670783
-0.028197267276901
-0.028097939148443
-0.027999306908109
-0.02790136328127
-0.027804101094204
-0.027707513272337
-0.027611592838553
-0.027516332911514
-0.027421726704024
-0.027327767521439
-0.027234448760075
-0.027141763905689
-0.027049706531963
-0.026958270299029
-0.026867448952017
-0.026777236319651
-0.026687626312835
-0.02659861292332
-0.026510190222339
-0.026422352359323
-0.026335093560604
-0.026248408128154
-0.026162290438369
-0.026076734940833
-0.025991736157164
-0.025907288679822
-0.025823387170987
-0.025740026361423
-0.025657201049407
-0.025574906099628
-0.025493136442144
-0.025411887071341
-0.025331153044922
-0.025250929482903
-0.025171211566646
-0.025091994537885
-0.025013273697799
-0.024935044406079
-0.024857302080017
-0.024780042193626
-0.024703260276763
-0.024626951914266
-0.024551112745119
-0.02447573846162
-0.024400824808574
-0.024326367582494
-0.024252362630817
-0.024178805851139
-0.024105693190462
-0.024033020644446
-0.023960784256691
-0.023888980118017
-0.023817604365762
-0.023746653183098
-0.023676122798342
-0.023606009484309
-0.023536309557644
-0.023467019378185
-0.023398135348331
-0.023329653912429
-0.023261571556152
-0.023193884805917
-0.023126590228279
-0.023059684429374
-0.022993164054331
-0.022927025786726
-0.022861266348032
-0.022795882497076
-0.022730871029511
-0.022666228777296
-0.022601952608185
-0.022538039425215
-0.022474486166224
-0.022411289803357
-0.022348447342581
-0.022285955823227
-0.022223812317522
-0.022162013930128
-0.022100557797704
-0.022039441088461
-0.021978661001727
-0.021918214767524
-0.021858099646149
-0.021798312927762
-0.021738851931977
-0.021679714007472
-0.021620896531583
-0.021562396909931
-0.021504212576038
-0.021446340990949
-0.021388779642868
-0.021331526046801
-0.021274577744184
-0.021217932302555
-0.021161587315188
-0.021105540400771
-0.021049789203059
-0.020994331390555
-0.020939164656172
-0.020884286716933
-0.020829695313645
-0.020775388210596
-0.020721363195246
-0.020667618077929
-0.020614150691567
-0.020560958891364
-0.020508040554534
-0.020455393580015
-0.020403015888192
-0.020350905420621
-0.020299060139771
-0.020247478028741
-0.020196157091022
-0.02014509535022
-0.020094290849823
-0.02004374165293
-0.019993445842024
-0.019943401518722
-0.019893606803543
-0.019844059835664
-0.019794758772695
-0.019745701790459
-0.019696887082746
-0.019648312861122
-0.019599977354684
-0.019551878809865
-0.019504015490207
-0.019456385676171
-0.019408987664913
-0.019361819770095
-0.019314880321683
-0.019268167665741
-0.019221680164254
-0.019175416194926
-0.019129374150993
-0.019083552441042
-0.019037949488824
-0.018992563733076
-0.018947393627343
-0.018902437639802
-0.018857694253091
-0.018813161964146
-0.01876883928401
-0.018724724737697
-0.018680816864011
-0.01863711421539
-0.018593615357743
-0.018550318870305
-0.01850722334547
-0.018464327388646
-0.018421629618107
-0.018379128664836
-0.018336823172393
-0.018294711796755
-0.018252793206188
-0.018211066081097
-0.018169529113898
-0.018128181008873
-0.018087020482042
-0.018046046261023
-0.018005257084909
-0.017964651704136
-0.017924228880358
-0.017883987386315
-0.017843926005716
-0.017804043533116
-0.017764338773795
-0.017724810543631
-0.017685457668998
-0.017646278986639
-0.017607273343556
-0.017568439596888
-0.01752977661383
-0.017491283271472
-0.017452958456735
-0.017414801066252
-0.017376810006254
-0.017338984192471
-0.017301322550028
-0.017263824013349
-0.017226487526048
-0.017189312040841
-0.017152296519433
-0.017115439932439
-0.017078741259275
-0.017042199488072
-0.017005813615581
-0.016969582647081
-0.01693350559629
-0.016897581485275
-0.016861809344359
-0.016826188212048
-0.016790717134926
-0.016755395167584
-0.016720221372537
-0.016685194820127
-0.016650314588461
-0.016615579763315
-0.016580989438058
-0.016546542713579
-0.016512238698203
-0.016478076507621
-0.016444055264801
-0.016410174099933
-0.016376432150334
-0.016342828560392
-0.016309362481487
-0.016276033071913
-0.016242839496823
-0.016209780928144
-0.016176856544523
-0.016144065531243
-0.016111407080169
-0.016078880389677
-0.016046484664588
-0.016014219116105
-0.015982082961749
-0.015950075425293
-0.015918195736701
-0.015886443132076
-0.015854816853578
-0.015823316149387
-0.015791940273627
-0.015760688486314
-0.015729560053301
-0.015698554246212
-0.015667670342395
-0.015636907624855
-0.015606265382214
-0.015575742908636
-0.015545339503798
-0.015515054472811
-0.015484887126183
-0.015454836779766
-0.015424902754695
-0.01539508437735
-0.015365380979295
-0.01533579189723
-0.01530631647295
-0.015276954053285
-0.01524770399006
-0.01521856564004
-0.015189538364895
-0.015160621531137
-0.015131814510091
-0.015103116677838
-0.015074527415172
-0.01504604610756
-0.015017672145093
-0.014989404922445
-0.014961243838834
-0.01493318829797
-0.01490523770802
-0.014877391481566
-0.014849649035565
-0.014822009791301
-0.014794473174353
-0.014767038614552
-0.014739705545945
-0.014712473406747
-0.01468534163932
-0.014658309690108
-0.01463137700963
-0.014604543052422
-0.014577807277006
-0.014551169145857
-0.014524628125364
-0.014498183685788
-0.014471835301246
-0.014445582449652
-0.014419424612704
-0.014393361275833
-0.014367391928181
-0.014341516062561
-0.014315733175427
-0.014290042766844
-0.014264444340448
-0.01423893740342
-0.014213521466457
-0.014188196043735
-0.014162960652874
-0.014137814814926
-0.01411275805432
-0.01408778989885
-0.014062909879641
-0.014038117531118
-0.014013412390974
-0.013988794000149
-0.013964261902796
-0.013939815646255
-0.013915454781023
-0.013891178860731
-0.013866987442111
-0.013842880084972
-0.013818856352178
-0.013794915809614
-0.013771058026159
-0.013747282573671
-0.013723589026952
-0.013699976963724
-0.013676445964605
-0.013652995613088
-0.013629625495509
-0.013606335201029
-0.013583124321607
-0.013559992451979
-0.013536939189627
-0.013513964134764
-0.013491066890312
-0.013468247061868
-0.013445504257695
-0.013422838088688
-0.013400248168361
-0.013377734112819
-0.013355295540738
-0.013332932073347
-0.0133106433344
-0.013288428950161
-0.01326628854938
-0.013244221763273
-0.013222228225502
-0.013200307572153
-0.013178459441722
-0.013156683475083
-0.013134979315485
-0.013113346608517
-0.013091785002098
-0.013070294146453
-0.013048873694098
-0.01302752329982
-0.013006242620658
-0.012985031315884
-0.012963889046987
-0.012942815477652
-0.012921810273744
-0.012900873103294
-0.012880003636469
-0.012859201545575
-0.012838466505024
-0.012817798191313
-0.012797196283029
-0.012776660460809
-0.012756190407342
-0.012735785807336
-0.012715446347515
-0.012695171716597
-0.012674961605282
-0.012654815706225
-0.012634733714041
-0.012614715325266
-0.012594760238362
-0.012574868153691
-0.012555038773497
-0.012535271801905
-0.012515566944891
-0.012495923910276
-0.012476342407714
-0.012456822148665
-0.012437362846399
-0.012417964215966
-0.012398625974187
-0.012379347839648
-0.012360129532674
-0.012340970775329
-0.012321871291388
-0.012302830806332
-0.012283849047338
-0.012264925743257
-0.012246060624611
-0.012227253423568
-0.012208503873944
-0.012189811711179
-0.012171176672328
-0.012152598496055
-0.012134076922602
-0.012115611693808
-0.012097202553062
-0.012078849245322
-0.012060551517079
-0.01204230911636
-0.012024121792712
-0.012005989297191
-0.011987911382351
-0.011969887802228
-0.011951918312342
-0.011934002669665
-0.011916140632629
-0.01189833196111
-0.011880576416411
-0.011862873761259
-0.011845223759787
-0.011827626177535
-0.011810080781424
-0.011792587339761
-0.011775145622217
-0.011757755399825
-0.011740416444966
-0.011723128531363
-0.011705891434059
-0.011688704929427
-0.011671568795147
-0.01165448281019
-0.01163744675483
-0.011620460410618
-0.011603523560377
-0.01158663598819
-0.011569797479396
-0.011553007820577
-0.011536266799554
-0.011519574205372
-0.01150292982829
-0.011486333459785
-0.011469784892527
-0.011453283920378
-0.011436830338388
-0.011420423942777
-0.011404064530932
-0.011387751901398
-0.011371485853871
-0.011355266189187
-0.011339092709318
-0.011322965217355
-0.011306883517514
-0.011290847415116
-0.011274856716584
-0.011258911229434
-0.01124301076227
-0.011227155124775
-0.0112113441277
-0.011195577582861
-0.011179855303126
-0.011164177102423
-0.011148542795705
-0.011132952198973
-0.011117405129245
-0.011101901404563
-0.011086440843983
-0.01107102326756
-0.011055648496354
-0.011040316352413
-0.011025026658771
-0.011009779239437
-0.010994573919398
-0.010979410524598
-0.010964288881943
-0.010949208819286
-0.010934170165431
-0.010919172750117
-0.010904216404012
-0.010889300958713
-0.010874426246736
-0.010859592101508
-0.010844798357368
-0.010830044849542
-0.010815331414169
-0.010800657888263
-0.010786024109725
-0.01077142991733
-0.010756875150726
-0.010742359650428
-0.010727883257801
-0.010713445815073
-0.010699047165314
-0.010684687152432
-0.010670365621182
-0.010656082417138
-0.010641837386706
-0.010627630377105
-0.010613461236378
-0.010599329813368
-0.01058523595772
-0.010571179519884
-0.010557160351095
-0.010543178303384
-0.010529233229555
-0.010515324983195
-0.010501453418659
-0.010487618391071
-0.010473819756317
-0.010460057371037
-0.010446331092625
-0.010432640779223
-0.010418986289711
-0.010405367483709
-0.010391784221569
-0.01037823636437
-0.010364723773912
-0.010351246312715
-0.010337803844015
-0.010324396231753
-0.010311023340574
-0.010297685035824
-0.010284381183545
-0.01027111165047
-0.010257876304014
-0.010244675012279
-0.010231507644042
-0.010218374068754
-0.010205274156532
-0.010192207778161
-0.010179174805086
-0.010166175109406
-0.010153208563873
-0.010140275041886
-0.01012737441749
-0.010114506565367
-0.010101671360835
-0.010088868679846
-0.010076098398971
-0.010063360395418
-0.010050654547005
-0.010037980732166
-0.010025338829952
-0.010012728720017
-0.010000150282621
-0.0099876033986257
-0.0099750879494861
-0.0099626038172547
-0.0099501508845644
-0.0099377290346493
-0.0099253381513085
-0.0099129781189303
-0.0099006488224722
-0.0098883501474643
-0.0098760819800065
-0.0098638442067582
-0.0098516367149435
-0.0098394593923422
-0.0098273121272863
-0.0098151948086609
-0.0098031073258964
-0.009791049568965
-0.0097790214283828
-0.0097670227951971
-0.0097550535609965
-0.009743113617895
-0.0097312028585314
-0.0097193211760734
-0.0097074684642132
-0.0096956446171425
-0.0096838495295914
-0.0096720830967825
-0.0096603452144551
-0.0096486357788526
-0.0096369546867174
-0.0096253018352966
-0.0096136771223281
-0.0096020804460458
-0.0095905117051709
-0.0095789707989103
-0.0095674576269637
-0.0095559720895034
-0.009544514087183
-0.0095330835211331
-0.0095216802929515
-0.0095103043047127
-0.0094989554589544
-0.0094876336586796
-0.0094763388073519
-0.0094650708088951
-0.0094538295676877
-0.0094426149885627
-0.0094314269768046
-0.0094202654381397
-0.0094091302787476
-0.0093980214052483
-0.0093869387246995
-0.0093758821445986
-0.0093648515728769
-0.0093538469178975
-0.0093428680884565
-0.0093319149937732
-0.0093209875434945
-0.0093100856476892
-0.0092992092168456
-0.0092883581618699
-0.0092775323940814
-0.0092667318252157
-0.0092559563674144
-0.0092452059332304
-0.0092344804356201
-0.0092237797879437
-0.0092131039039627
-0.0092024526978356
-0.0091918260841185
-0.0091812239777598
-0.0091706462941031
-0.0091600929488775
-0.0091495638582004
-0.0091390589385721
-0.0091285781068828
-0.0091181212803947
-0.0091076883767521
-0.0090972793139772
-0.0090868940104629
-0.0090765323849758
-0.0090661943566497
-0.0090558798449955
-0.0090455887698757
-0.0090353210515264
-0.0090250766105406
-0.0090148553678726
-0.0090046572448346
-0.0089944821630932
-0.0089843300446681
-0.0089742008119275
-0.0089640943875995
-0.0089540106947468
-0.0089439496567855
-0.0089339111974715
-0.0089238952409055
-0.0089139017115256
-0.0089039305341086
-0.0088939816337668
-0.00888405493595
-0.0088741503664288
-0.0088642678513218
-0.0088544073170638
-0.0088445686904153
-0.0088347518984698
-0.0088249568686381
-0.0088151835286593
-0.0088054318065794
-0.0087957016307713
-0.008785992929924
-0.0087763056330406
-0.0087666396694295
-0.0087569949687208
-0.0087473714608469
-0.0087377690760482
-0.0087281877448715
-0.008718627398172
-0.0087090879670981
-0.008699569383105
-0.0086900715779507
-0.0086805944836831
-0.0086711380326471
-0.0086617021574864
-0.0086522867911348
-0.0086428918668172
-0.0086335173180476
-0.0086241630786273
-0.0086148290826468
-0.0086055152644793
-0.0085962215587822
-0.0085869479004908
-0.0085776942248282
-0.0085684604672886
-0.0085592465636494
-0.0085500524499614
-0.0085408780625471
-0.0085317233380062
-0.008522588213207
-0.00851347262529
-0.0085043765116617
-0.0084952998099933
-0.0084862424582309
-0.0084772043945744
-0.0084681855574915
-0.0084591858857139
-0.0084502053182263
-0.0084412437942772
-0.0084323012533724
-0.0084233776352692
-0.0084144728799846
-0.0084055869277879
-0.0083967197191971
-0.0083878711949827
-0.0083790412961637
-0.0083702299640106
-0.008361437140036
-0.0083526627659992
-0.0083439067839049
-0.0083351691359985
-0.0083264497647679
-0.0083177486129437
-0.0083090656234896
-0.008300400739612
-0.0082917539047545
-0.0082831250625901
-0.0082745141570313
-0.0082659211322226
-0.0082573459325378
-0.0082487885025832
-0.0082402487871931
-0.0082317267314318
-0.0082232222805875
-0.0082147353801772
-0.0082062659759393
-0.0081978140138404
-0.008189379440063
-0.0081809622010151
-0.0081725622433241
-0.0081641795138352
-0.008155813959612
-0.0081474655279326
-0.0081391341662955
-0.008130819822409
-0.0081225224441951
-0.0081142419797927
-0.0081059783775457
-0.0080977315860114
-0.0080895015539555
-0.0080812882303517
-0.0080730915643794
-0.0080649115054261
-0.0080567480030841
-0.0080486010071448
-0.0080404704676086
-0.0080323563346743
-0.0080242585587413
-0.0080161770904101
-0.0080081118804787
-0.0080000628799432
-0.0079920300399965
-0.0079840133120266
-0.0079760126476168
-0.0079680279985466
-0.0079600593167823
