-1.3348347403954
-1.0775980766439
-0.929415289662
-0.83015875674333
-0.75648421790892
-0.69793829094008
-0.64925229616512
-0.60753232528694
-0.57105171790753
-0.53869930728971
-0.50971212744661
-0.48353764419889
-0.45975823960862
-0.43804735812164
-0.4181426719443
-0.39982888000894
-0.38292622119421
-0.36728252133636
-0.35276750801921
-0.33926862958919
-0.32668790210316
-0.31493947804894
-0.30394773463422
-0.29364574474101
-0.28397403569302
-0.27487956867922
-0.26631489030488
-0.25823742051948
-0.25060885010342
-0.24339462725315
-0.23656351740863
-0.23008722385924
-0.22394005920133
-0.21809865964992
-0.21254173569259
-0.20724985373468
-0.20220524430237
-0.19739163310356
-0.19279409183892
-0.1883989061378
-0.18419345839023
-0.18016612357411
-0.17630617644992
-0.17260370872394
-0.16904955497362
-0.16563522629185
-0.162352850745
-0.15919511985768
-0.15615524043841
-0.15322689114661
-0.15040418327612
-0.14768162529491
-0.14505409073619
-0.14251678908439
-0.1400652393417
-0.13769524599707
-0.13540287715186
-0.13318444458386
-0.13103648555615
-0.12895574619836
-0.12693916630722
-0.12498386542933
-0.12308713010408
-0.12124640215742
-0.11945926794866
-0.11772344848249
-0.11603679030753
-0.11439725713052
-0.11280292208248
-0.11125196057938
-0.10974264372558
-0.10827333221316
-0.10684247067498
-0.10544858245307
-0.10409026474773
-0.10276618411582
-0.10147507228982
-0.10021572229146
-0.098986984816599
-0.097787764869503
-0.096617018627264
-0.09547375051621
-0.094357010484107
-0.093265891453173
-0.092199526940259
-0.091157088831695
-0.090137785301325
-0.089140858861232
-0.088165584535501
-0.087211268148142
-0.086277244717048
-0.085362876946464
-0.084467553811069
-0.083590689225316
-0.082731720792153
-0.081890108625698
-0.081065334242885
-0.080256899519461
-0.079464325706
-0.078687152500094
-0.077924937170915
-0.077177253732856
-0.076443692165069
-0.075723857673951
-0.075017369995918
-0.074323862737878
-0.073642982753134
-0.072974389550469
-0.072317754734439
-0.071672761474944
-0.071039104004308
-0.0704164871403
-0.069804625833465
-0.069203244737413
-0.068612077800672
-0.068030867878908
-0.067459366366306
-0.066897332845038
-0.066344534751809
-0.06580074706049
-0.06526575197997
-0.064739338666388
-0.064221302948932
-0.063711447068493
-0.063209579428476
-0.062715514357092
-0.062229071880555
-0.061750077506582
-0.061278362017672
-0.060813761273642
-0.060356116022942
-0.059905271722317
-0.05946107836437
-0.059023390312622
-0.058592066143719
-0.058166968496413
-0.057747963926948
-0.057334922770635
-0.056927719009165
-0.056526230143524
-0.056130337072155
-0.055739923974145
-0.055354878197184
-0.054975090150078
-0.054600453199623
-0.054230863571578
-0.053866220255616
-0.053506424914022
-0.05315138179399
-0.052800997643337
-0.052455181629499
-0.052113845261651
-0.051776902315806
-0.051444268762776
-0.051115862698853
-0.050791604279102
-0.050471415653154
-0.050155220903368
-0.049842945985296
-0.04953451867032
-0.049229868490395
-0.048928926684774
-0.048631626148686
-0.048337901383825
-0.048047688450618
-0.047760924922172
-0.04747754983986
-0.047197503670451
-0.046920728264722
-0.04664716681753
-0.046376763829232
-0.046109465068436
-0.045845217536011
-0.045583969430339
-0.045325670113704
-0.045070270079824
-0.044817720922458
-0.044567975305059
-0.044320986931412
-0.044076710517243
-0.043835101762752
-0.043596117326037
-0.043359714797353
-0.043125852674239
-0.042894490337389
-0.042665588027318
-0.042439106821757
-0.042215008613751
-0.041993256090456
-0.041773812712568
-0.041556642694415
-0.04134171098464
-0.041128983247487
-0.040918425844652
-0.040710005817683
-0.040503690870906
-0.040299449354873
-0.040097250250295
-0.039897063152447
-0.039698858256051
-0.039502606340588
-0.039308278756034
-0.039115847409041
-0.038925284749477
-0.038736563757381
-0.038549657930293
-0.038364541270928
-0.03818118827522
-0.037999573920679
-0.037819673655108
-0.037641463385605
-0.037464919467897
-0.037290018695946
-0.037116738291867
-0.0369450558961
-0.036774949557869
-0.036606397725889
-0.036439379239331
-0.036273873319033
-0.036109859558935
-0.035947317917766
-0.035786228710923
-0.035626572602597
-0.035468330598073
-0.035311484036268
-0.035156014582433
-0.035001904221072
-0.034849135249015
-0.034697690268705
-0.03454755218163
-0.034398704181917
-0.034251129750157
-0.034104812647262
-0.033959736908619
-0.033815886838273
-0.033673247003335
-0.033531802228488
-0.033391537590646
-0.033252438413739
-0.033114490263636
-0.032977678943174
-0.03284199048733
-0.032707411158502
-0.032573927441897
-0.032441526041046
-0.032310193873408
-0.032179918066099
-0.032050685951714
-0.031922485064239
-0.031795303135079
-0.031669128089168
-0.031543948041168
-0.031419751291766
-0.031296526324055
-0.031174261799987
-0.031052946556939
-0.030932569604308
-0.03081312012024
-0.030694587448399
-0.030576961094811
-0.030460230724797
-0.030344386159962
-0.030229417375251
-0.030115314496089
-0.030002067795552
-0.02988966769164
-0.029778104744578
-0.029667369654195
-0.029557453257353
-0.029448346525446
-0.029340040561925
-0.029232526599912
-0.029125795999837
-0.029019840247149
-0.028914650950054
-0.028810219837321
-0.028706538756126
-0.028603599669941
-0.028501394656474
-0.028399915905638
-0.028299155717593
-0.028199106500793
-0.028099760770099
-0.028001111144921
-0.027903150347398
-0.027805871200629
-0.027709266626916
-0.027613329646074
-0.027518053373745
-0.027423431019765
-0.027329455886575
-0.02723612136762
-0.027143420945839
-0.027051348192141
-0.026959896763934
-0.026869060403666
-0.026778832937425
-0.026689208273526
-0.02660018040117
-0.026511743389086
-0.02642389138424
-0.02633661861054
-0.026249919367577
-0.026163788029401
-0.026078219043292
-0.0259932069286
-0.025908746275555
-0.025824831744143
-0.025741458062972
-0.025658620028195
-0.025576312502413
-0.02549453041363
-0.025413268754213
-0.025332522579875
-0.025252287008678
-0.025172557220058
-0.025093328453857
-0.025014596009391
-0.024936355244517
-0.024858601574724
-0.024781330472251
-0.024704537465207
-0.024628218136712
-0.024552368124058
-0.024476983117879
-0.024402058861341
-0.024327591149345
-0.02425357582774
-0.024180008792563
-0.024106885989272
-0.02403420341202
-0.023961957102913
-0.023890143151306
-0.023818757693092
-0.023747796910023
-0.023677257029015
-0.023607134321507
-0.023537425102785
-0.023468125731354
-0.023399232608296
-0.023330742176664
-0.023262650920856
-0.023194955366032
-0.023127652077514
-0.023060737660216
-0.022994208758069
-0.02292806205347
-0.022862294266728
-0.022796902155524
-0.022731882514382
-0.022667232174152
-0.02260294800149
-0.022539026898358
-0.02247546580153
-0.022412261682105
-0.022349411545019
-0.022286912428589
-0.022224761404039
-0.022162955575049
-0.022101492077304
-0.022040368078059
-0.021979580775699
-0.021919127399318
-0.021859005208297
-0.021799211491895
-0.021739743568837
-0.021680598786925
-0.021621774522632
-0.021563268180728
-0.021505077193898
-0.021447199022359
-0.021389631153503
-0.021332371101531
-0.02127541640709
-0.021218764636938
-0.02116241338358
-0.021106360264947
-0.021050602924046
-0.020995139028643
-0.020939966270929
-0.020885082367209
-0.020830485057583
-0.020776172105648
-0.020722141298174
-0.020668390444822
-0.020614917377845
-0.020561719951791
-0.020508796043227
-0.02045614355045
-0.020403760393216
-0.02035164451246
-0.020299793870035
-0.020248206448439
-0.020196880250567
-0.020145813299435
-0.020095003637952
-0.020044449328646
-0.019994148453436
-0.019944099113383
-0.019894299428455
-0.019844747537289
-0.019795441596962
-0.019746379782769
-0.019697560287983
-0.019648981323654
-0.019600641118375
-0.019552537918079
-0.019504669985818
-0.019457035601566
-0.019409633062
-0.019362460680309
-0.019315516785993
-0.019268799724656
-0.019222307857828
-0.019176039562767
-0.019129993232263
-0.01908416727447
-0.019038560112707
-0.018993170185286
-0.018947995945333
-0.018903035860611
-0.018858288413349
-0.01881375210008
-0.018769425431449
-0.018725306932078
-0.018681395140382
-0.018637688608416
-0.018594185901713
-0.018550885599133
-0.018507786292704
-0.018464886587468
-0.018422185101343
-0.018379680464957
-0.018337371321519
-0.018295256326662
-0.01825333414831
-0.018211603466533
-0.018170062973415
-0.018128711372909
-0.018087547380709
-0.018046569724118
-0.018005777141909
-0.017965168384208
-0.01792474221236
-0.017884497398802
-0.017844432726943
-0.017804546991041
-0.017764838996081
-0.017725307557655
-0.017685951501849
-0.017646769665125
-0.017607760894205
-0.017568924045955
-0.017530257987296
-0.01749176159505
-0.017453433755874
-0.017415273366138
-0.017377279331812
-0.017339450568375
-0.017301786000695
-0.017264284562949
-0.017226945198505
-0.017189766859833
-0.017152748508399
-0.01711588911458
-0.017079187657558
-0.01704264312523
-0.017006254514119
-0.016970020829279
-0.016933941084202
-0.016898014300734
-0.01686223950898
-0.016826615747231
-0.016791142061855
-0.016755817507236
-0.016720641145676
-0.016685612047317
-0.016650729290057
-0.016615991959473
-0.016581399148735
-0.016546949958537
-0.016512643497009
-0.016478478879648
-0.016444455229236
-0.016410571675773
-0.016376827356392
-0.016343221415297
-0.016309753003687
-0.016276421279678
-0.016243225408247
-0.016210164561144
-0.016177237916843
-0.016144444660457
-0.016111783983683
-0.016079255084729
-0.016046857168251
-0.016014589445289
-0.015982451133203
-0.015950441455606
-0.015918559642305
-0.015886804929245
-0.015855176558434
-0.015823673777898
-0.015792295841612
-0.015761042009442
-0.015729911547093
-0.015698903726045
-0.015668017823499
-0.015637253122321
-0.015606608910989
-0.01557608448353
-0.015545679139481
-0.015515392183819
-0.015485222926916
-0.01545517068449
-0.015425234777545
-0.015395414532331
-0.015365709280282
-0.01533611835797
-0.015306641107066
-0.015277276874274
-0.015248025011295
-0.015218884874773
-0.015189855826255
-0.015160937232138
-0.015132128463624
-0.01510342889668
-0.015074837911983
-0.015046354894886
-0.015017979235368
-0.01498971032799
-0.014961547571858
-0.014933490370573
-0.014905538132196
-0.0148776902692
-0.014849946198434
-0.01482230534108
-0.014794767122613
-0.014767330972759
-0.014739996325466
-0.014712762618846
-0.014685629295162
-0.014658595800761
-0.014631661586062
-0.014604826105506
-0.01457808881752
-0.014551449184484
-0.014524906672693
-0.014498460752317
-0.01447211089738
-0.014445856585707
-0.014419697298904
-0.014393632522315
-0.014367661744993
-0.014341784459665
-0.0143160001627
-0.014290308354076
-0.014264708537346
-0.014239200219607
-0.014213782911472
-0.014188456127038
-0.014163219383843
-0.014138072202858
-0.014113014108434
-0.014088044628287
-0.014063163293463
-0.014038369638311
-0.014013663200448
-0.013989043520738
-0.01396451014326
-0.01394006261528
-0.013915700487222
-0.013891423312643
-0.013867230648207
-0.01384312205365
-0.013819097091766
-0.013795155328368
-0.013771296332272
-0.013747519675262
-0.013723824932076
-0.013700211680369
-0.013676679500691
-0.013653227976471
-0.013629856693981
-0.013606565242316
-0.013583353213372
-0.013560220201821
-0.013537165805085
-0.013514189623315
-0.01349129125937
-0.013468470318788
-0.013445726409771
-0.013423059143156
-0.013400468132397
-0.013377952993541
-0.013355513345208
-0.013333148808567
-0.013310859007318
-0.013288643567668
-0.013266502118311
-0.013244434290409
-0.013222439717569
-0.013200518035824
-0.013178668883616
-0.013156891901766
-0.013135186733471
-0.013113553024267
-0.013091990422023
-0.013070498576913
-0.013049077141402
-0.013027725770227
-0.013006444120378
-0.01298523185108
-0.012964088623769
-0.012943014102085
-0.012922007951845
-0.012901069841032
-0.012880199439768
-0.012859396420311
-0.012838660457026
-0.012817991226368
-0.012797388406877
-0.012776851679146
-0.012756380725818
-0.01273597523156
-0.01271563488305
-0.012695359368965
-0.012675148379962
-0.012655001608653
-0.012634918749612
-0.012614899499334
-0.012594943556238
-0.012575050620646
-0.012555220394764
-0.012535452582673
-0.012515746890314
-0.012496103025466
-0.012476520697745
-0.012456999618571
-0.012437539501178
-0.012418140060576
-0.012398801013551
-0.012379522078651
-0.012360302976164
-0.012341143428116
-0.012322043158248
-0.012303001892005
-0.012284019356527
-0.012265095280632
-0.012246229394805
-0.01222742143118
-0.01220867112354
-0.01218997820729
-0.012171342419452
-0.012152763498654
-0.01213424118511
-0.012115775220622
-0.012097365348549
-0.012079011313815
-0.012060712862879
-0.012042469743739
-0.012024281705908
-0.012006148500411
-0.011988069879774
-0.011970045597999
-0.011952075410578
-0.011934159074451
-0.011916296348023
-0.011898486991139
-0.011880730765072
-0.01186302743252
-0.01184537675759
-0.011827778505791
-0.011810232444016
-0.011792738340545
-0.01177529596502
-0.011757905088447
-0.011740565483182
-0.011723276922917
-0.01170603918267
-0.011688852038788
-0.011671715268924
-0.011654628652023
-0.011637591968333
-0.01162060499938
-0.011603667527961
-0.011586779338132
-0.011569940215211
-0.011553149945752
-0.011536408317552
-0.011519715119631
-0.011503070142227
-0.011486473176788
-0.011469924015964
-0.011453422453593
-0.0114369682847
-0.011420561305482
-0.011404201313304
-0.011387888106688
-0.011371621485307
-0.011355401249975
-0.011339227202641
-0.011323099146375
-0.01130701688537
-0.011290980224925
-0.011274988971443
-0.011259042932418
-0.011243141916434
-0.01122728573315
-0.011211474193298
-0.011195707108674
-0.011179984292124
-0.011164305557556
-0.011148670719903
-0.011133079595147
-0.011117532000286
-0.011102027753341
-0.011086566673349
-0.011071148580346
-0.011055773295373
-0.011040440640459
-0.011025150438617
-0.011009902513841
-0.010994696691097
-0.01097953279631
-0.010964410656368
-0.010949330099109
-0.010934290953316
-0.01091929304871
-0.010904336215941
-0.010889420286591
-0.010874545093157
-0.010859710469048
-0.010844916248588
-0.010830162266983
-0.010815448360357
-0.010800774365708
-0.010786140120918
-0.010771545464748
-0.010756990236828
-0.010742474277657
-0.010727997428585
-0.010713559531823
-0.010699160430425
-0.010684799968284
-0.010670477990139
-0.010656194341549
-0.010641948868903
-0.010627741419408
-0.010613571841088
-0.010599439982774
-0.010585345694095
-0.010571288825485
-0.010557269228168
-0.010543286754156
-0.010529341256242
-0.010515432587997
-0.010501560603761
-0.010487725158646
-0.010473926108524
-0.010460163310019
-0.010446436620514
-0.010432745898134
-0.010419091001749
-0.010405471790962
-0.010391888126114
-0.01037833986827
-0.010364826879218
-0.010351349021463
-0.010337906158229
-0.010324498153444
-0.010311124871741
-0.010297786178453
-0.010284481939609
-0.010271212021929
-0.010257976292818
-0.010244774620363
-0.01023160687333
-0.010218472921158
-0.010205372633951
-0.010192305882484
-0.010179272538188
-0.010166272473151
-0.010153305560115
-0.010140371672466
-0.010127470684237
-0.010114602470099
-0.010101766905359
-0.010088963865958
-0.010076193228456
-0.01006345487005
-0.010050748668545
-0.010038074502367
-0.010025432250553
-0.010012821792749
-0.010000243009205
-0.0099876957807685
-0.0099751799888872
-0.0099626955156014
-0.0099502422435345
-0.0099378200559105
-0.0099254288365176
-0.0099130684697345
-0.0099007388405083
-0.0098884398343591
-0.0098761713373769
-0.0098639332362125
-0.0098517254180786
-0.0098395477707458
-0.0098274001825369
-0.0098152825423271
-0.0098031947395373
-0.0097911366641304
-0.0097791082066134
-0.0097671092580241
-0.0097551397099414
-0.0097431994544708
-0.0097312883842427
-0.0097194063924138
-0.009707553372669
-0.0096957292191907
-0.0096839338266994
-0.0096721670904101
-0.0096604289060529
-0.0096487191698625
-0.0096370377785737
-0.0096253846294232
-0.0096137596201418
-0.0096021626489549
-0.009590593614575
-0.0095790524162012
-0.0095675389535244
-0.0095560531267094
-0.0095445948364006
-0.0095331639837216
-0.0095217604702622
-0.0095103841980882
-0.0094990350697304
-0.0094877129881834
-0.0094764178569029
-0.0094651495798055
-0.0094539080612617
-0.009442693206097
-0.0094315049195878
-0.009420343107454
-0.0094092076758677
-0.0093980985314401
-0.0093870155812227
-0.0093759587327055
-0.0093649278938123
-0.0093539229728994
-0.0093429438787551
-0.0093319905205926
-0.0093210628080508
-0.0093101606511919
-0.0092992839604973
-0.0092884326468657
-0.0092776066216108
-0.0092668057964605
-0.0092560300835497
-0.0092452793954247
-0.0092345536450355
-0.0092238527457352
-0.009213176611279
-0.0092025251558191
-0.0091918982939046
-0.009181295940478
-0.0091707180108758
-0.0091601644208211
-0.0091496350864252
-0.0091391299241823
-0.0091286488509757
-0.0091181917840616
-0.0091077586410791
-0.0090973493400428
-0.0090869637993405
-0.0090766019377328
-0.0090662636743475
-0.0090559489286883
-0.0090456576206135
-0.0090353896703526
-0.0090251449984928
-0.0090149235259827
-0.0090047251741287
-0.0089945498645917
-0.0089843975193859
-0.0089742680608737
-0.0089641614117773
-0.0089540774951545
-0.0089440162344156
-0.0089339775533108
-0.0089239613759357
-0.0089139676267229
-0.0089039962304435
-0.0088940471122049
-0.0088841201974512
-0.0088742154119482
-0.0088643326818088
-0.0088544719334625
-0.0088446330936654
-0.0088348160895052
-0.0088250208483883
-0.0088152472980474
-0.008805495366525
-0.008795764982188
-0.0087860560737209
-0.0087763685701217
-0.0087667024006938
-0.0087570574950626
-0.0087474337831555
-0.0087378311952081
-0.0087282496617632
-0.0087186891136695
-0.0087091494820724
-0.0086996306984215
-0.0086901326944705
-0.0086806554022625
-0.0086711987541382
-0.0086617626827366
-0.0086523471209864
-0.0086429520021084
-0.0086335772596118
-0.0086242228272946
-0.0086148886392414
-0.0086055746298216
-0.0085962807336884
-0.0085870068857726
-0.008577753021293
-0.0085685190757397
-0.0085593049848855
-0.0085501106847773
-0.0085409361117331
-0.008531781202349
-0.008522645893488
-0.0085135301222877
-0.00850443382615
-0.008495356942742
-0.0084862994100059
-0.0084772611661374
-0.0084682421496003
-0.008459242299122
-0.008450261553684
-0.0084412998525302
-0.0084323571351629
-0.0084234333413351
-0.0084145284110605
-0.008405642284604
-0.0083967749024802
-0.0083879262054558
-0.0083790961345467
-0.0083702846310179
-0.0083614916363797
-0.0083527170923876
-0.0083439609410421
-0.0083352231245853
-0.0083265035855017
-0.0083178022665177
-0.0083091191105941
-0.0083004540609334
-0.0082918070609755
-0.0082831780543901
-0.0082745669850863
-0.0082659737972053
-0.008257398435117
-0.0082488408434247
-0.0082403009669589
-0.0082317787507806
-0.0082232741401751
-0.0082147870806556
-0.0082063175179575
-0.0081978653980436
-0.0081894306670933
-0.008181013271512
-0.0081726131579228
-0.0081642302731685
-0.0081558645643094
-0.0081475159786201
-0.008139184463596
-0.0081308699669424
-0.0081225724365783
-0.0081142918206392
-0.008106028067466
-0.008097781125613
-0.008089550943843
-0.0080813374711262
-0.0080731406566397
-0.0080649604497674
-0.0080567968000987
-0.0080486496574224
-0.0080405189717355
-0.0080324046932341
-0.0080243067723148
-0.0080162251595752
-0.0080081598058103
-0.0080001106620134
-0.0079920776793745
-0.0079840608092789
-0.0079760600033073
-0.0079680752132355
-0.0079601063910284
