-0.49997166907239
-0.47912006825765
-0.45970008810722
-0.44158914105562
-0.42467697399771
-0.40886425907745
-0.3940613624413
-0.38018726663333
-0.36716862584966
-0.35493893626723
-0.34343780620469
-0.33261031303213
-0.32240643558271
-0.31278055238308
-0.30369099735306
-0.29509966576415
-0.28697166422048
-0.27927499926035
-0.27198029989208
-0.26506056999235
-0.25849096702442
-0.25224860398858
-0.24631237191041
-0.24066278051178
-0.23528181500295
-0.23015280718885
-0.22526031930305
-0.22059003917471
-0.21612868550083
-0.2118639221412
-0.20778428048031
-0.20387908901152
-0.2001384093953
-0.19655297832862
-0.1931141546369
-0.1898138710653
-0.18664459030387
-0.1835992648317
-0.1806713002097
-0.17785452149156
-0.17514314245699
-0.17253173740221
-0.17001521525051
-0.16758879576938
-0.16524798770286
-0.1629885686465
-0.16080656651003
-0.15869824242733
-0.15666007498773
-0.15468874567419
-0.15278112540522
-0.150934262087
-0.14914536909088
-0.14741181457948
-0.14573111161133
-0.14410090896088
-0.14251898259579
-0.14098322775915
-0.13949165160849
-0.13804236636794
-0.13663358295357
-0.13526360503541
-0.13393082350262
-0.13263371130151
-0.13137081861808
-0.13014076837971
-0.12894225205214
-0.12777402571032
-0.12663490636312
-0.12552376851368
-0.12443954093847
-0.12338120366964
-0.12234778516634
-0.12133835966181
-0.1203520446741
-0.11938799866911
-0.11844541886575
-0.11752353917335
-0.11662162825265
-0.11573898769206
-0.1148749502916
-0.11402887844734
-0.11320016262997
-0.11238821995125
-0.11159249281283
-0.11081244763202
-0.11004757363985
-0.10929738174663
-0.10856140347105
-0.10783918992863
-0.10713031087603
-0.10643435380781
-0.10575092310224
-0.10507963921351
-0.10442013790727
-0.10377206953711
-0.10313509835945
-0.10250890188457
-0.10189317026183
-0.10128760569679
-0.10069192189875
-0.10010584355659
-0.099529105841629
-0.098961453935736
-0.098402642583379
-0.09785243566624
-0.097310605799135
-0.096776933946065
-0.09625120905529
-0.095733227712377
-0.095222793810241
-0.094719718235268
-0.094223818568649
-0.093734918802099
-0.093252849067219
-0.092777445377747
-0.092308549384046
-0.091846008139169
-0.091389673875908
-0.090939403794247
-0.090495059858697
-0.090056508604984
-0.089623620955636
-0.089196272044001
-0.088774341046269
-0.08835771102111
-0.087946268756528
-0.087539904623591
-0.08713851243667
-0.086741989319902
-0.086350235579533
-0.085963154581885
-0.085580652636656
-0.085202638885298
-0.084829025194235
-0.084459726052682
-0.084094658474846
-0.08373374190631
-0.083376898134387
-0.083024051202272
-0.082675127326805
-0.082330054819682
-0.081988764011949
-0.08165118718163
-0.081317258484348
-0.080986913886798
-0.080660091102941
-0.080336729532799
-0.080016770203731
-0.079700155714084
-0.079386830179101
-0.079076739178998
-0.078769829709105
-0.078466050131988
-0.078165350131452
-0.077867680668355
-0.077572993938153
-0.077281243330089
-0.076992383387966
-0.076706369772439
-0.076423159224742
-0.076142709531814
-0.075864979492744
-0.075589928886483
-0.075317518440786
-0.075047709802309
-0.074780465507823
-0.074515748956503
-0.074253524383244
-0.073993756832952
-0.073736412135786
-0.073481456883303
-0.073228858405465
-0.072978584748483
-0.072730604653457
-0.072484887535785
-0.072241403465301
-0.072000123147125
-0.071761017903184
-0.071524059654391
-0.07128922090344
-0.071056474718213
-0.070825794715747
-0.07059715504677
-0.070370530380762
-0.07014589589153
-0.069923227243268
-0.069702500577105
-0.06948369249809
-0.069266780062623
-0.069051740766312
-0.068838552532221
-0.068627193699521
-0.068417643012504
-0.068209879609968
-0.068003883014939
-0.067799633124737
-0.067597110201356
-0.067396294862157
-0.06719716807086
-0.066999711128823
-0.066803905666595
-0.066609733635744
-0.06641717730093
-0.066226219232237
-0.066036842297739
-0.065849029656295
-0.065662764750573
-0.065478031300276
-0.06529481329559
-0.065113094990817
-0.064932860898211
-0.064754095781995
-0.064576784652555
-0.064400912760813
-0.064226465592759
-0.064053428864155
-0.063881788515381
-0.063711530706444
-0.063542641812124
-0.063375108417263
-0.063208917312189
-0.063044055488273
-0.062880510133607
-0.062718268628814
-0.062557318542964
-0.062397647629613
-0.062239243822949
-0.06208209523405
-0.061926190147233
-0.061771517016518
-0.061618064462181
-0.061465821267396
-0.061314776374979
-0.061164918884212
-0.06101623804775
-0.060868723268618
-0.06072236409728
-0.06057715022879
-0.060433071500015
-0.060290117886928
-0.060148279501978
-0.060007546591524
-0.059867909533327
-0.059729358834122
-0.059591885127238
-0.059455479170282
-0.059320131842883
-0.059185834144492
-0.059052577192231
-0.058920352218803
-0.058789150570447
-0.058658963704946
-0.058529783189685
-0.058401600699747
-0.058274408016067
-0.058148197023621
-0.058022959709661
-0.057898688161993
-0.057775374567291
-0.057653011209453
-0.057531590468001
-0.057411104816503
-0.057291546821047
-0.05717290913874
-0.057055184516246
-0.056938365788352
-0.056822445876573
-0.056707417787781
-0.056593274612866
-0.056480009525432
-0.05636761578052
-0.05625608671335
-0.056145415738099
-0.056035596346706
-0.055926622107696
-0.055818486665037
-0.055711183737013
-0.055604707115126
-0.055499050663022
-0.055394208315436
-0.055290174077159
-0.05518694202203
-0.055084506291944
-0.054982861095883
-0.054882000708969
-0.054781919471527
-0.05468261178818
-0.05458407212695
-0.054486295018386
-0.054389275054701
-0.054293006888935
-0.054197485234125
-0.0541027048625
-0.054008660604682
-0.053915347348914
-0.053822760040291
-0.053730893680016
-0.053639743324661
-0.053549304085447
-0.05345957112754
-0.053370539669351
-0.053282204981861
-0.053194562387949
-0.053107607261733
-0.053021335027934
-0.052935741161232
-0.052850821185656
-0.052766570673966
-0.052682985247056
-0.05260006057337
-0.052517792368317
-0.052436176393709
-0.0523552084572
-0.052274884411739
-0.052195200155035
-0.052116151629022
-0.052037734819342
-0.051959945754835
-0.051882780507038
-0.051806235189686
-0.051730305958232
-0.051654989009369
-0.051580280580558
-0.051506176949572
-0.051432674434038
-0.051359769390992
-0.051287458216444
-0.051215737344941
-0.051144603249148
-0.051074052439429
-0.051004081463436
-0.050934686905703
-0.050865865387255
-0.050797613565211
-0.050729928132403
-0.050662805816996
-0.050596243382117
-0.050530237625485
-0.050464785379057
-0.050399883508666
-0.050335528913676
-0.050271718526637
-0.050208449312946
-0.050145718270513
-0.050083522429436
-0.050021858851674
-0.049960724630733
-0.04990011689135
-0.049840032789185
-0.049780469510519
-0.049721424271953
-0.049662894320117
-0.049604876931376
-0.049547369411547
-0.049490369095616
-0.049433873347464
-0.049377879559593
-0.049322385152853
-0.049267387576185
-0.049212884306355
-0.0491588728477
-0.04910535073187
-0.049052315517586
-0.048999764790391
-0.048947696162405
-0.048896107272095
-0.048844995784029
-0.048794359388655
-0.048744195802069
-0.048694502765788
-0.048645278046533
-0.04859651943601
-0.048548224750692
-0.048500391831612
-0.048453018544152
-0.048406102777839
-0.048359642446139
-0.048313635486262
-0.048268079858965
-0.048222973548355
-0.048178314561699
-0.048134100929239
-0.048090330704006
-0.048047001961634
-0.048004112800183
-0.047961661339961
-0.04791964572335
-0.047878064114634
-0.047836914699828
-0.04779619568651
-0.047755905303662
-0.047716041801501
-0.047676603451324
-0.047637588545347
-0.047598995396552
-0.047560822338535
-0.047523067725353
-0.047485729931379
-0.047448807351151
-0.047412298399233
-0.04737620151007
-0.047340515137851
-0.047305237756368
-0.047270367858884
-0.047235903957999
-0.047201844585515
-0.047168188292312
-0.047134933648217
-0.047102079241878
-0.047069623680645
-0.047037565590443
-0.047005903615655
-0.046974636419003
-0.046943762681435
-0.046913281102006
-0.046883190397769
-0.046853489303663
-0.046824176572405
-0.046795250974382
-0.046766711297545
-0.046738556347307
-0.046710784946441
-0.046683395934977
-0.046656388170108
-0.046629760526085
-0.046603511894132
-0.046577641182344
-0.046552147315598
-0.046527029235461
-0.046502285900103
-0.046477916284207
-0.046453919378885
-0.046430294191592
-0.046407039746044
-0.046384155082136
-0.04636163925586
-0.04633949133923
-0.046317710420203
-0.046296295602603
-0.046275246006047
-0.046254560765871
-0.046234239033063
-0.046214279974185
-0.046194682771312
-0.046175446621961
-0.046156570739023
-0.046138054350704
-0.046119896700456
-0.046102097046919
-0.046084654663857
-0.046067568840102
-0.046050838879493
-0.046034464100821
-0.046018443837774
-0.046002777438878
-0.045987464267452
-0.045972503701549
-0.045957895133911
-0.045943637971915
-0.045929731637528
-0.04591617556726
-0.045902969212117
-0.045890112037558
-0.045877603523452
-0.045865443164034
-0.045853630467867
-0.045842164957801
-0.045831046170934
-0.045820273658576
-0.045809846986212
-0.045799765733469
-0.04579002949408
-0.04578063787585
-0.045771590500631
-0.045762887004285
-0.045754527036658
-0.045746510261551
-0.045738836356695
-0.045731505013722
-0.045724515938143
-0.045717868849325
-0.045711563480464
-0.045705599578571
-0.045699976904445
-0.045694695232658
-0.045689754351536
-0.045685154063141
-0.045680894183258
-0.045676974541376
-0.04567339498068
-0.045670155358034
-0.045667255543971
-0.045664695422684
-0.045662474892015
-0.045660593863448
-0.045659052262101
-0.045657850026722
-0.045656987109681
-0.04565646347697
-0.045656279108197
-0.045656433996587
-0.045656928148979
-0.045657761585829
-0.045658934341209
-0.045660446462813
-0.045662298011957
-0.045664489063589
-0.045667019706288
-0.045669890042278
-0.045673100187431
-0.045676650271281
-0.045680540437028
-0.045684770841556
-0.045689341655441
-0.045694253062968
-0.045699505262141
-0.045705098464705
-0.045711032896156
-0.045717308795765
-0.045723926416595
-0.045730886025518
-0.045738187903243
-0.045745832344331
-0.045753819657224
-0.045762150164267
-0.045770824201736
-0.045779842119862
-0.045789204282862
-0.045798911068964
-0.045808962870443
-0.045819360093649
-0.045830103159038
-0.045841192501211
-0.045852628568943
-0.045864411825224
-0.045876542747294
-0.045889021826679
-0.045901849569238
-0.045915026495194
-0.045928553139185
-0.045942430050301
-0.045956657792132
-0.045971236942811
-0.045986168095062
-0.04600145185625
-0.046017088848427
-0.046033079708384
-0.046049425087703
-0.04606612565281
-0.046083182085028
-0.046100595080635
-0.04611836535092
-0.046136493622237
-0.046154980636072
-0.046173827149099
-0.04619303393324
-0.046212601775736
-0.046232531479203
-0.046252823861704
-0.046273479756813
-0.046294500013686
-0.046315885497132
-0.04633763708768
-0.046359755681657
-0.046382242191259
-0.04640509754463
-0.046428322685935
-0.046451918575443
-0.046475886189604
-0.046500226521132
-0.046524940579087
-0.046550029388962
-0.046575493992768
-0.046601335449118
-0.046627554833323
-0.046654153237477
-0.046681131770553
-0.046708491558494
-0.04673623374431
-0.046764359488176
-0.04679286996753
-0.046821766377172
-0.046851049929367
-0.046880721853952
-0.046910783398435
-0.046941235828108
-0.046972080426153
-0.047003318493754
-0.047034951350209
-0.047066980333043
-0.047099406798127
-0.047132232119795
-0.04716545769096
-0.047199084923242
-0.047233115247087
-0.047267550111896
-0.047302390986148
-0.047337639357534
-0.047373296733086
-0.047409364639311
-0.047445844622326
-0.047482738247998
-0.04752004710208
-0.047557772790356
-0.047595916938783
-0.047634481193641
-0.047673467221673
-0.047712876710247
-0.047752711367498
-0.047792972922492
-0.047833663125377
-0.047874783747548
-0.047916336581805
-0.047958323442521
-0.048000746165806
-0.048043606609682
-0.048086906654248
-0.048130648201861
-0.048174833177309
-0.048219463527995
-0.048264541224115
-0.048310068258848
-0.048356046648541
-0.048402478432902
-0.048449365675191
-0.048496710462422
-0.048544514905554
-0.048592781139703
-0.048641511324342
-0.04869070764351
-0.048740372306024
-0.048790507545697
-0.048841115621552
-0.048892198818043
-0.048943759445285
-0.048995799839277
-0.049048322362135
-0.049101329402326
-0.049154823374908
-0.049208806721774
-0.049263281911889
-0.049318251441552
-0.049373717834637
-0.049429683642859
-0.04948615144603
-0.049543123852325
-0.049600603498552
-0.049658593050421
-0.049717095202828
-0.04977611268013
-0.049835648236434
-0.049895704655885
-0.049956284752964
-0.050017391372782
-0.050079027391389
-0.05014119571608
-0.050203899285706
-0.050267141070999
-0.050330924074885
-0.050395251332825
-0.050460125913135
-0.050525550917337
-0.050591529480492
-0.050658064771561
-0.050725159993748
-0.050792818384872
-0.050861043217727
-0.050929837800455
-0.05099920547693
-0.051069149627133
-0.051139673667555
-0.051210781051584
-0.051282475269917
-0.051354759850963
-0.051427638361269
-0.051501114405938
-0.051575191629062
-0.051649873714163
-0.051725164384638
-0.051801067404209
-0.051877586577391
-0.051954725749958
-0.05203248880942
-0.052110879685506
-0.052189902350665
-0.052269560820563
-0.052349859154594
-0.052430801456403
-0.052512391874415
-0.05259463460237
-0.052677533879878
-0.052761093992969
-0.052845319274667
-0.052930214105568
-0.053015782914425
-0.053102030178749
-0.053188960425423
-0.053276578231318
-0.053364888223928
-0.053453895082018
-0.053543603536276
-0.053634018369985
-0.053725144419705
-0.053816986575965
-0.053909549783974
-0.054002839044338
-0.054096859413801
-0.05419161600599
-0.05428711399218
-0.054383358602075
-0.054480355124597
-0.054578108908703
-0.054676625364204
-0.054775909962612
-0.054875968237998
-0.054976805787866
-0.055078428274053
-0.055180841423635
-0.055284051029864
-0.055388062953113
-0.055492883121852
-0.055598517533634
-0.055704972256108
-0.05581225342805
-0.055920367260419
-0.056029320037434
-0.056139118117671
-0.056249767935189
-0.056361276000678
-0.056473648902631
-0.056586893308542
-0.056701015966132
-0.0568160237046
-0.056931923435906
-0.057048722156075
-0.057166426946539
-0.057285044975506
-0.057404583499355
-0.057525049864073
-0.057646451506718
-0.057768795956916
-0.057892090838399
-0.058016343870571
-0.058141562870116
-0.058267755752645
-0.058394930534375
-0.058523095333859
-0.058652258373752
-0.058782427982615
-0.058913612596774
-0.059045820762215
-0.059179061136533
-0.05931334249092
-0.059448673712218
-0.059585063805006
-0.05972252189375
-0.059861057225008
-0.060000679169687
-0.06014139722536
-0.060283221018641
-0.060426160307627
-0.060570224984398
-0.060715425077582
-0.060861770754997
-0.061009272326352
-0.061157940246024
-0.061307785115913
-0.061458817688374
-0.061611048869219
-0.061764489720813
-0.061919151465251
-0.062075045487617
-0.062232183339344
-0.062390576741657
-0.062550237589121
-0.062711177953283
-0.062873410086425
-0.063036946425412
-0.063201799595662
-0.063367982415225
-0.063535507898982
-0.063704389262962
-0.063874639928793
-0.064046273528277
-0.064219303908104
-0.064393745134705
-0.064569611499254
-0.064746917522814
-0.06492567796164
-0.065105907812651
-0.065287622319057
-0.065470836976168
-0.065655567537379
-0.065841830020339
-0.066029640713317
-0.066219016181761
-0.066409973275069
-0.066602529133575
-0.06679670119575
-0.066992507205644
-0.067189965220557
-0.067389093618962
-0.067589911108691
-0.067792436735376
-0.06799668989118
-0.068202690323802
-0.068410458145795
-0.068620013844182
-0.0688313782904
-0.069044572750575
-0.06925961889615
-0.069476538814865
-0.069695355022118
-0.069916090472714
-0.070138768573017
-0.070363413193527
-0.070590048681887
-0.070818699876353
-0.071049392119729
-0.071282151273801
-0.071517003734281
-0.071753976446275
-0.071993096920321
-0.072234393248986
-0.07247789412408
-0.072723628854478
-0.072971627384607
-0.073221920313603
-0.073474538915175
-0.073729515158205
-0.073986881728113
-0.07424667204902
-0.074508920306748
-0.074773661472677
-0.075040931328519
-0.075310766492024
-0.075583204443677
-0.075858283554413
-0.076136043114418
-0.076416523363026
-0.076699765519798
-0.076985811816814
-0.077274705532231
-0.077566491025175
-0.077861213772011
-0.078158920404071
-0.078459658746888
-0.078763477861009
-0.079070428084467
-0.079380561076977
-0.079693929865938
-0.080010588894328
-0.080330594070566
-0.080654002820457
-0.080980874141282
-0.081311268658171
-0.081645248682831
-0.081982878274768
-0.082324223305102
-0.08266935152311
-0.083018332625618
-0.083371238329384
-0.083728142446624
-0.084089120963809
-0.08445425212392
-0.084823616512313
-0.08519729714638
-0.085575379569178
-0.08595795194725
-0.08634510517282
-0.086736932970595
-0.087133532009403
-0.087535002018912
-0.087941445911687
-0.088352969910857
-0.088769683683689
-0.089191700481353
-0.089619137285224
-0.090052114960046
-0.090490758414323
-0.090935196768316
-0.091385563530047
-0.091841996779749
-0.09230463936319
-0.092773639094376
-0.09324914896812
-0.093731327383026
-0.094220338375449
-0.094716351865044
-0.095219543912538
-0.09573009699041
-0.096248200267199
-0.09677404990621
-0.097307849379424
-0.097849809797495
-0.098400150256738
-0.098959098204101
-0.099526889821148
-0.10010377042819
-0.1006899949097
-0.10128582816233
-0.10189154556682
-0.10250743348523
-0.10313378978508
-0.10377092439196
-0.10441915987235
-0.10507883204856
-0.1057502906477
-0.10643389998686
-0.1071300396967
-0.10783910548595
-0.10856150994932
-0.10929768342169
-0.11004807488147
-0.11081315290637
-0.11159340668497
-0.11238934708778
-0.11320150780167
-0.11403044653201
-0.11487674627686
-0.11574101667836
-0.11662389545627
-0.11752604992964
-0.1184481786323
-0.11939101302917
-0.12035531934003
-0.12134190047873
-0.12235159811577
-0.1233852948734
-0.12444391666265
-0.12552843517273
-0.12663987052413
-0.12777929409742
-0.12894783155105
-0.13014666604247
-0.13137704166794
-0.13264026713797
-0.13393771970674
-0.13527084937516
-0.13664118338955
-0.13805033105916
-0.13949998891847
-0.14099194626221
-0.14252809108352
-0.14411041644898
-0.14574102734659
-0.1474221480471
-0.14915613002203
-0.1509454604667
-0.15279277148053
-0.1547008499627
-0.15667264828638
-0.15871129582162
-0.16082011138356
-0.16300261669092
-0.1652625509282
-0.16760388651483
-0.17003084619557
-0.17254792157841
-0.17515989325997
-0.17787185269375
-0.18068922597343
-0.18361779972295
-0.18666374930651
-0.18983366959595
-0.19313460856042
-0.19657410397421
-0.20016022357324
-0.20390160903068
-0.20780752416625
-0.21188790785505
-0.21615343215892
-0.22061556626887
-0.22528664692175
-0.23017995603904
-0.23530980643261
-0.24069163653323
-0.24634211522427
-0.25227925800829
-0.25852255590133
-0.26509311864114
-0.27201383401639
-0.2793095453784
-0.28700724969029
-0.29513631880803
-0.30372874708075
-0.31281942881286
-0.32244646965956
-0.33265153664164
-0.34348025218116
-0.3549826383939
-0.36721361884823
-0.38023358613919
-0.39410904495968
-0.4089133419142
-0.42472749515632
-0.44164113908934
-0.45975360191135
-0.47917513678213
-0.50002833092757
