0 -0.5 1e-05
0.0078125 -0.49377185389756 1e-05
0.015625 -0.48766306852771 1e-05
0.0234375 -0.48167099408172 1e-05
0.03125 -0.47579304447158 1e-05
0.0390625 -0.47002669571664 1e-05
0.046875 -0.46436948437964 1e-05
0.0546875 -0.45881900603741 1e-05
0.0625 -0.45337291379896 1e-05
0.0703125 -0.44802891685616 1e-05
0.078125 -0.44278477907578 1e-05
0.0859375 -0.43763831762574 1e-05
0.09375 -0.43258740163992 1e-05
0.1015625 -0.42762995091308 1e-05
0.109375 -0.42276393463376 1e-05
0.1171875 -0.41798737014931 1e-05
0.125 -0.41329832175921 1e-05
0.1328125 -0.40869489954689 1e-05
0.140625 -0.40417525823543 1e-05
0.1484375 -0.39973759607355 1e-05
0.15625 -0.39538015375269 1e-05
0.1640625 -0.39110121335311 1e-05
0.171875 -0.38689909731221 1e-05
0.1796875 -0.38277216742587 1e-05
0.1875 -0.37871882386658 1e-05
0.1953125 -0.37473750423695 1e-05
0.203125 -0.37082668264381 1e-05
0.2109375 -0.3669848687899 1e-05
0.21875 -0.36321060710011 1e-05
0.2265625 -0.35950247585959 1e-05
0.234375 -0.3558590863829 1e-05
0.2421875 -0.35227908219547 1e-05
0.25 -0.34876113824635 1e-05
0.2578125 -0.34530396013077 1e-05
0.265625 -0.34190628333999 1e-05
0.2734375 -0.33856687252642 1e-05
0.28125 -0.33528452079097 1e-05
0.2890625 -0.33205804898338 1e-05
0.296875 -0.32888630502464 1e-05
0.3046875 -0.32576816324825 1e-05
0.3125 -0.32270252375015 1e-05
0.3203125 -0.31968831176465 1e-05
0.328125 -0.31672447705085 1e-05
0.3359375 -0.3138099932954 1e-05
0.34375 -0.31094385753179 1e-05
0.3515625 -0.30812508957459 1e-05
0.359375 -0.30535273146349 1e-05
0.3671875 -0.30262584692761 1e-05
0.375 -0.29994352086062 1e-05
0.3828125 -0.29730485880612 1e-05
0.390625 -0.29470898646414 1e-05
0.3984375 -0.29215504920079 1e-05
0.40625 -0.28964221157563 1e-05
0.4140625 -0.287169656881 1e-05
0.421875 -0.28473658669064 1e-05
0.4296875 -0.28234222041988 1e-05
0.4375 -0.27998579490022 1e-05
0.4453125 -0.27766656396 1e-05
0.453125 -0.27538379801979 1e-05
0.4609375 -0.27313678369407 1e-05
0.46875 -0.27092482340459 1e-05
0.4765625 -0.26874723500461 1e-05
0.484375 -0.26660335141186 1e-05
0.4921875 -0.26449252024973 1e-05
0.5 -0.26241410349677 1e-05
0.5078125 -0.26036747714801 1e-05
0.515625 -0.25835203088165 1e-05
0.5234375 -0.25636716773559 1e-05
0.53125 -0.25441230379287 1e-05
0.5390625 -0.25248686787002 1e-05
0.546875 -0.25059030122138 1e-05
0.5546875 -0.24872205724442 1e-05
0.5625 -0.24688160119209 1e-05
0.5703125 -0.24506840989774 1e-05
0.578125 -0.24328197150072 1e-05
0.5859375 -0.24152178518318 1e-05
0.59375 -0.23978736091288 1e-05
0.6015625 -0.23807821918675 1e-05
0.609375 -0.23639389079019 1e-05
0.6171875 -0.23473391655385 1e-05
0.625 -0.23309784712061 1e-05
0.6328125 -0.23148524272195 1e-05
0.640625 -0.22989567294666 1e-05
0.6484375 -0.2283287165306 1e-05
0.65625 -0.22678396114273 1e-05
0.6640625 -0.22526100318055 1e-05
0.671875 -0.22375944756567 1e-05
0.6796875 -0.22227890754913 1e-05
0.6875 -0.22081900451764 1e-05
0.6953125 -0.21937936781047 1e-05
0.703125 -0.21795963453373 1e-05
0.7109375 -0.2165594493836 1e-05
0.71875 -0.21517846447007 1e-05
0.7265625 -0.21381633915212 1e-05
0.734375 -0.21247273986721 1e-05
0.7421875 -0.21114733997546 1e-05
0.75 -0.20983981959526 1e-05
0.7578125 -0.20854986545629 1e-05
0.765625 -0.20727717074728 1e-05
0.7734375 -0.20602143496518 1e-05
0.78125 -0.20478236378041 1e-05
0.7890625 -0.20355966889063 1e-05
0.796875 -0.20235306788837 1e-05
0.8046875 -0.20116228412707 1e-05
0.8125 -0.19998704659087 1e-05
0.8203125 -0.19882708977092 1e-05
0.828125 -0.19768215353864 1e-05
0.8359375 -0.19655198302805 1e-05
0.84375 -0.19543632851504 1e-05
0.8515625 -0.1943349453041 1e-05
0.859375 -0.19324759361744 1e-05
0.8671875 -0.19217403848501 1e-05
0.875 -0.19111404963653 1e-05
0.8828125 -0.19006740139719 1e-05
0.890625 -0.18903387258877 1e-05
0.8984375 -0.18801324642605 1e-05
0.90625 -0.1870053104237 1e-05
0.9140625 -0.18600985629849 1e-05
0.921875 -0.18502667988051 1e-05
0.9296875 -0.18405558101849 1e-05
0.9375 -0.1830963634922 1e-05
0.9453125 -0.18214883493084 1e-05
0.953125 -0.18121280672505 1e-05
0.9609375 -0.18028809394476 1e-05
0.96875 -0.17937451526083 1e-05
0.9765625 -0.17847189286584 1e-05
0.984375 -0.17758005239724 1e-05
0.9921875 -0.17669882286529 1e-05
1 -0.17582803657448 1e-05
1.0078125 -0.17496752905842 1e-05
1.015625 -0.17411713900694 1e-05
1.0234375 -0.17327670819916 1e-05
1.03125 -0.17244608143727 1e-05
1.0390625 -0.1716251064803 1e-05
1.046875 -0.17081363398126 1e-05
1.0546875 -0.17001151742802 1e-05
1.0625 -0.16921861307771 1e-05
1.0703125 -0.16843477990311 1e-05
1.078125 -0.16765987953194 1e-05
1.0859375 -0.16689377619058 1e-05
1.09375 -0.16613633665007 1e-05
1.1015625 -0.165387430171 1e-05
1.109375 -0.1646469284511 1e-05
1.1171875 -0.16391470557564 1e-05
1.125 -0.16319063796723 1e-05
1.1328125 -0.16247460433244 1e-05
1.140625 -0.16176648562063 1e-05
1.1484375 -0.16106616497176 1e-05
1.15625 -0.1603735276709 1e-05
1.1640625 -0.15968846110811 1e-05
1.171875 -0.15901085472946 1e-05
1.1796875 -0.15834059999785 1e-05
1.1875 -0.1576775903493 1e-05
1.1953125 -0.15702172115381 1e-05
1.203125 -0.1563728896728 1e-05
1.2109375 -0.15573099502244 1e-05
1.21875 -0.15509593813598 1e-05
1.2265625 -0.15446762172277 1e-05
1.234375 -0.15384595023725 1e-05
1.2421875 -0.15323082983996 1e-05
1.25 -0.15262216836225 1e-05
1.2578125 -0.15201987527341 1e-05
1.265625 -0.15142386164909 1e-05
1.2734375 -0.15083404013491 1e-05
1.28125 -0.15025032491734 1e-05
1.2890625 -0.14967263169298 1e-05
1.296875 -0.14910087763642 1e-05
1.3046875 -0.14853498137145 1e-05
1.3125 -0.1479748629398 1e-05
1.3203125 -0.14742044377918 1e-05
1.328125 -0.14687164668705 1e-05
1.3359375 -0.14632839579802 1e-05
1.34375 -0.1457906165583 1e-05
1.3515625 -0.14525823569672 1e-05
1.359375 -0.14473118120058 1e-05
1.3671875 -0.14420938228955 1e-05
1.375 -0.14369276939456 1e-05
1.3828125 -0.14318127413072 1e-05
1.390625 -0.14267482927487 1e-05
1.3984375 -0.14217336874519 1e-05
1.40625 -0.14167682757458 1e-05
1.4140625 -0.14118514189173 1e-05
1.421875 -0.14069824889859 1e-05
1.4296875 -0.1402160868511 1e-05
1.4375 -0.13973859503738 1e-05
1.4453125 -0.13926571375703 1e-05
1.453125 -0.13879738430471 1e-05
1.4609375 -0.13833354894547 1e-05
1.46875 -0.13787415090323 1e-05
1.4765625 -0.13741913433749 1e-05
1.484375 -0.13696844432406 1e-05
1.4921875 -0.13652202684237 1e-05
1.5 -0.13607982875692 1e-05
1.5078125 -0.13564179779626 1e-05
1.515625 -0.13520788254175 1e-05
1.5234375 -0.13477803240929 1e-05
1.53125 -0.13435219763305 1e-05
1.5390625 -0.13393032925132 1e-05
1.546875 -0.13351237908962 1e-05
1.5546875 -0.13309829974768 1e-05
1.5625 -0.13268804458518 1e-05
1.5703125 -0.13228156770587 1e-05
1.578125 -0.13187882394401 1e-05
1.5859375 -0.1314797688512 1e-05
1.59375 -0.13108435868405 1e-05
1.6015625 -0.13069255038955 1e-05
1.609375 -0.13030430159294 1e-05
1.6171875 -0.12991957058488 1e-05
1.625 -0.12953831631087 1e-05
1.6328125 -0.12916049835776 1e-05
1.640625 -0.12878607694036 1e-05
1.6484375 -0.12841501289453 1e-05
1.65625 -0.12804726766243 1e-05
1.6640625 -0.12768280327936 1e-05
1.671875 -0.12732158236957 1e-05
1.6796875 -0.12696356813083 1e-05
1.6875 -0.12660872432383 1e-05
1.6953125 -0.12625701526517 1e-05
1.703125 -0.12590840581554 1e-05
1.7109375 -0.12556286136931 1e-05
1.71875 -0.12522034784547 1e-05
1.7265625 -0.12488083167795 1e-05
1.734375 -0.12454427981043 1e-05
1.7421875 -0.1242106596808 1e-05
1.75 -0.12387993921658 1e-05
1.7578125 -0.12355208682462 1e-05
1.765625 -0.12322707138489 1e-05
1.7734375 -0.12290486223961 1e-05
1.78125 -0.12258542918607 1e-05
1.7890625 -0.12226874246941 1e-05
1.796875 -0.12195477277255 1e-05
1.8046875 -0.12164349121142 1e-05
1.8125 -0.12133486932584 1e-05
1.8203125 -0.12102887907481 1e-05
1.828125 -0.12072549282315 1e-05
1.8359375 -0.12042468334162 1e-05
1.84375 -0.12012642379457 1e-05
1.8515625 -0.11983068773698 1e-05
1.859375 -0.11953744910507 1e-05
1.8671875 -0.11924668221128 1e-05
1.875 -0.11895836173853 1e-05
1.8828125 -0.11867246273059 1e-05
1.890625 -0.11838896059034 1e-05
1.8984375 -0.11810783107141 1e-05
1.90625 -0.11782905027269 1e-05
1.9140625 -0.11755259463163 1e-05
1.921875 -0.11727844091991 1e-05
1.9296875 -0.11700656623691 1e-05
1.9375 -0.11673694800473 1e-05
1.9453125 -0.11646956396324 1e-05
1.953125 -0.11620439216506 1e-05
1.9609375 -0.11594141096673 1e-05
1.96875 -0.11568059903039 1e-05
1.9765625 -0.11542193531241 1e-05
1.984375 -0.11516539906187 1e-05
1.9921875 -0.1149109698155 1e-05
2 -0.11465862739315 1e-05
2.0078125 -0.11440835189184 1e-05
2.015625 -0.11416012368157 1e-05
2.0234375 -0.11391392340289 1e-05
2.03125 -0.11366973195978 1e-05
2.0390625 -0.11342753051749 1e-05
2.046875 -0.11318730049682 1e-05
2.0546875 -0.11294902357015 1e-05
2.0625 -0.11271268166015 1e-05
2.0703125 -0.11247825693354 1e-05
2.078125 -0.11224573179478 1e-05
2.0859375 -0.11201508888656 1e-05
2.09375 -0.1117863110855 1e-05
2.1015625 -0.11155938149501 1e-05
2.109375 -0.1113342834477 1e-05
2.1171875 -0.11111100049514 1e-05
2.125 -0.11088951640594 1e-05
2.1328125 -0.11066981516763 1e-05
2.140625 -0.11045188097921 1e-05
2.1484375 -0.11023569824606 1e-05
2.15625 -0.11002125158108 1e-05
2.1640625 -0.10980852579696 1e-05
2.171875 -0.10959750590806 1e-05
2.1796875 -0.10938817712435 1e-05
2.1875 -0.10918052484825 1e-05
2.1953125 -0.10897453467026 1e-05
2.203125 -0.10877019237046 1e-05
2.2109375 -0.10856748391479 1e-05
2.21875 -0.10836639544791 1e-05
2.2265625 -0.10816691329494 1e-05
2.234375 -0.10796902395697 1e-05
2.2421875 -0.10777271410719 1e-05
2.25 -0.10757797059361 1e-05
2.2578125 -0.10738478042863 1e-05
2.265625 -0.10719313079237 1e-05
2.2734375 -0.1070030090296 1e-05
2.28125 -0.10681440264446 1e-05
2.2890625 -0.10662729930162 1e-05
2.296875 -0.10644168681898 1e-05
2.3046875 -0.10625755317269 1e-05
2.3125 -0.10607488648838 1e-05
2.3203125 -0.10589367504043 1e-05
2.328125 -0.10571390725353 1e-05
2.3359375 -0.10553557169619 1e-05
2.34375 -0.10535865708059 1e-05
2.3515625 -0.10518315225955 1e-05
2.359375 -0.10500904622618 1e-05
2.3671875 -0.10483632810985 1e-05
2.375 -0.10466498717733 1e-05
2.3828125 -0.10449501282572 1e-05
2.390625 -0.10432639458597 1e-05
2.3984375 -0.1041591221177 1e-05
2.40625 -0.10399318520939 1e-05
2.4140625 -0.10382857377479 1e-05
2.421875 -0.10366527785152 1e-05
2.4296875 -0.10350328760003 1e-05
2.4375 -0.10334259330132 1e-05
2.4453125 -0.10318318535847 1e-05
2.453125 -0.10302505428971 1e-05
2.4609375 -0.10286819072842 1e-05
2.46875 -0.102712585425 1e-05
2.4765625 -0.10255822923946 1e-05
2.484375 -0.10240511314622 1e-05
2.4921875 -0.1022532282273 1e-05
2.5 -0.102102565675 1e-05
2.5078125 -0.10195311678561 1e-05
2.515625 -0.10180487296427 1e-05
2.5234375 -0.10165782571755 1e-05
2.53125 -0.10151196665586 1e-05
2.5390625 -0.10136728749199 1e-05
2.546875 -0.10122378003588 1e-05
2.5546875 -0.10108143619853 1e-05
2.5625 -0.10094024798648 1e-05
2.5703125 -0.10080020750308 1e-05
2.578125 -0.10066130694636 1e-05
2.5859375 -0.10052353860967 1e-05
2.59375 -0.10038689487561 1e-05
2.6015625 -0.10025136821981 1e-05
2.609375 -0.1001169512084 1e-05
2.6171875 -0.099983636494779 1e-05
2.625 -0.099851416820224 1e-05
2.6328125 -0.099720285016142 1e-05
2.640625 -0.09959023399453 1e-05
2.6484375 -0.099461256753329 1e-05
2.65625 -0.099333346374971 1e-05
2.6640625 -0.099206496023042 1e-05
2.671875 -0.099080698943599 1e-05
2.6796875 -0.098955948461936 1e-05
2.6875 -0.098832237983843 1e-05
2.6953125 -0.098709560991593 1e-05
2.703125 -0.098587911046318 1e-05
2.7109375 -0.098467281785043 1e-05
2.71875 -0.09834766691968 1e-05
2.7265625 -0.098229060237689 1e-05
2.734375 -0.098111455599711 1e-05
2.7421875 -0.097994846938925 1e-05
2.75 -0.097879228260676 1e-05
2.7578125 -0.097764593640951 1e-05
2.765625 -0.097650937226432 1e-05
2.7734375 -0.097538253233332 1e-05
2.78125 -0.097426535945398 1e-05
2.7890625 -0.097315779715098 1e-05
2.796875 -0.097205978960396 1e-05
2.8046875 -0.097097128166778 1e-05
2.8125 -0.096989221884731 1e-05
2.8203125 -0.096882254728964 1e-05
2.828125 -0.096776221380248 1e-05
2.8359375 -0.096671116578865 1e-05
2.84375 -0.096566935128444 1e-05
2.8515625 -0.096463671895916 1e-05
2.859375 -0.09636132180861 1e-05
2.8671875 -0.09625987985488 1e-05
2.875 -0.096159341080861 1e-05
2.8828125 -0.096059700592185 1e-05
2.890625 -0.095960953552995 1e-05
2.8984375 -0.09586309518568 1e-05
2.90625 -0.095766120768839 1e-05
2.9140625 -0.095670025638676 1e-05
2.921875 -0.095574805185673 1e-05
2.9296875 -0.095480454856151 1e-05
2.9375 -0.095386970152518 1e-05
2.9453125 -0.095294346627984 1e-05
2.953125 -0.095202579891293 1e-05
2.9609375 -0.09511166560443 1e-05
2.96875 -0.095021599479845 1e-05
2.9765625 -0.094932377283532 1e-05
2.984375 -0.094843994831221 1e-05
2.9921875 -0.094756447990093 1e-05
3 -0.094669732678085 1e-05
3.0078125 -0.094583844860954 1e-05
3.015625 -0.094498780554646 1e-05
3.0234375 -0.094414535824545 1e-05
3.03125 -0.09433110678373 1e-05
3.0390625 -0.094248489590154 1e-05
3.046875 -0.094166680452606 1e-05
3.0546875 -0.094085675624454 1e-05
3.0625 -0.094005471406153 1e-05
3.0703125 -0.093926064144331 1e-05
3.078125 -0.093847450230202 1e-05
3.0859375 -0.093769626098149 1e-05
3.09375 -0.093692588229859 1e-05
3.1015625 -0.093616333148875 1e-05
3.109375 -0.093540857425418 1e-05
3.1171875 -0.093466157668612 1e-05
3.125 -0.093392230533268 1e-05
3.1328125 -0.093319072715247 1e-05
3.140625 -0.093246680953248 1e-05
3.1484375 -0.09317505202653 1e-05
3.15625 -0.093104182756349 1e-05
3.1640625 -0.093034070003528 1e-05
3.171875 -0.092964710670632 1e-05
3.1796875 -0.092896101700138 1e-05
3.1875 -0.092828240073937 1e-05
3.1953125 -0.092761122812218 1e-05
3.203125 -0.09269474697556 1e-05
3.2109375 -0.092629109664189 1e-05
3.21875 -0.092564208013275 1e-05
3.2265625 -0.092500039198442 1e-05
3.234375 -0.092436600432884 1e-05
3.2421875 -0.09237388896625 1e-05
3.25 -0.092311902086288 1e-05
3.2578125 -0.09225063711581 1e-05
3.265625 -0.092190091414781 1e-05
3.2734375 -0.092130262380388 1e-05
3.28125 -0.092071147443185 1e-05
3.2890625 -0.092012744072121 1e-05
3.296875 -0.091955049768569 1e-05
3.3046875 -0.091898062070018 1e-05
3.3125 -0.091841778549532 1e-05
3.3203125 -0.091786196813014 1e-05
3.328125 -0.091731314502289 1e-05
3.3359375 -0.091677129291056 1e-05
3.34375 -0.091623638887914 1e-05
3.3515625 -0.091570841034435 1e-05
3.359375 -0.091518733504174 1e-05
3.3671875 -0.091467314105525 1e-05
3.375 -0.091416580677588 1e-05
3.3828125 -0.091366531093331 1e-05
3.390625 -0.091317163256873 1e-05
3.3984375 -0.09126847510419 1e-05
3.40625 -0.091220464603471 1e-05
3.4140625 -0.09117312975504 1e-05
3.421875 -0.091126468589025 1e-05
3.4296875 -0.09108047916641 1e-05
3.4375 -0.091035159580522 1e-05
3.4453125 -0.090990507952902 1e-05
3.453125 -0.090946522437905 1e-05
3.4609375 -0.090903201220476 1e-05
3.46875 -0.090860542513051 1e-05
3.4765625 -0.09081854455784 1e-05
3.484375 -0.090777205629428 1e-05
3.4921875 -0.090736524028895 1e-05
3.5 -0.090696498088233 1e-05
3.5078125 -0.090657126169196 1e-05
3.515625 -0.090618406660374 1e-05
3.5234375 -0.090580337980363 1e-05
3.53125 -0.090542918576525 1e-05
3.5390625 -0.090506146923555 1e-05
3.546875 -0.090470021525436 1e-05
3.5546875 -0.090434540913478 1e-05
3.5625 -0.090399703646958 1e-05
3.5703125 -0.090365508312455 1e-05
3.578125 -0.090331953526082 1e-05
3.5859375 -0.090299037929248 1e-05
3.59375 -0.090266760191702 1e-05
3.6015625 -0.090235119011296 1e-05
3.609375 -0.090204113110887 1e-05
3.6171875 -0.090173741241904 1e-05
3.625 -0.090144002180724 1e-05
3.6328125 -0.090114894733648 1e-05
3.640625 -0.090086417729484 1e-05
3.6484375 -0.090058570025493 1e-05
3.65625 -0.090031350506612 1e-05
3.6640625 -0.09000475808171 1e-05
3.671875 -0.089978791686285 1e-05
3.6796875 -0.089953450282553 1e-05
3.6875 -0.08992873285776 1e-05
3.6953125 -0.089904638426037 1e-05
3.703125 -0.089881166025652 1e-05
3.7109375 -0.089858314721243 1e-05
3.71875 -0.089836083602709 1e-05
3.7265625 -0.089814471785874 1e-05
3.734375 -0.08979347841089 1e-05
3.7421875 -0.089773102643931 1e-05
3.75 -0.089753343675114 1e-05
3.7578125 -0.089734200721361 1e-05
3.765625 -0.089715673023314 1e-05
3.7734375 -0.089697759847568 1e-05
3.78125 -0.089680460482824 1e-05
3.7890625 -0.08966377424561 1e-05
3.796875 -0.089647700474976 1e-05
3.8046875 -0.089632238535725 1e-05
3.8125 -0.08961738781626 1e-05
3.8203125 -0.089603147730689 1e-05
3.828125 -0.089589517716902 1e-05
3.8359375 -0.089576497236634 1e-05
3.84375 -0.08956408577659 1e-05
3.8515625 -0.089552282847228 1e-05
3.859375 -0.089541087983916 1e-05
3.8671875 -0.089530500744907 1e-05
3.875 -0.089520520713264 1e-05
3.8828125 -0.08951114749678 1e-05
3.890625 -0.089502380726482 1e-05
3.8984375 -0.089494220057916 1e-05
3.90625 -0.089486665169518 1e-05
3.9140625 -0.089479715763652 1e-05
3.921875 -0.089473371567075 1e-05
3.9296875 -0.089467632331284 1e-05
3.9375 -0.089462497830513 1e-05
3.9453125 -0.089457967862906 1e-05
3.953125 -0.089454042251485 1e-05
3.9609375 -0.089450720840215 1e-05
3.96875 -0.089448003500293 1e-05
3.9765625 -0.089445890124549 1e-05
3.984375 -0.089444380629695 1e-05
3.9921875 -0.089443474956602 1e-05
4 -0.089443173069648 1e-05
4.0078125 -0.089443474956602 1e-05
4.015625 -0.089444380629695 1e-05
4.0234375 -0.089445890124549 1e-05
4.03125 -0.089448003500293 1e-05
4.0390625 -0.089450720840215 1e-05
4.046875 -0.089454042251485 1e-05
4.0546875 -0.089457967862906 1e-05
4.0625 -0.089462497830513 1e-05
4.0703125 -0.089467632331284 1e-05
4.078125 -0.089473371567075 1e-05
4.0859375 -0.089479715763652 1e-05
4.09375 -0.089486665169518 1e-05
4.1015625 -0.089494220057916 1e-05
4.109375 -0.089502380726482 1e-05
4.1171875 -0.08951114749678 1e-05
4.125 -0.089520520713264 1e-05
4.1328125 -0.089530500744907 1e-05
4.140625 -0.089541087983916 1e-05
4.1484375 -0.089552282847228 1e-05
4.15625 -0.08956408577659 1e-05
4.1640625 -0.089576497236633 1e-05
4.171875 -0.089589517716902 1e-05
4.1796875 -0.089603147730689 1e-05
4.1875 -0.08961738781626 1e-05
4.1953125 -0.089632238535725 1e-05
4.203125 -0.089647700474978 1e-05
4.2109375 -0.08966377424561 1e-05
4.21875 -0.089680460482824 1e-05
4.2265625 -0.089697759847568 1e-05
4.234375 -0.089715673023314 1e-05
4.2421875 -0.089734200721362 1e-05
4.25 -0.089753343675115 1e-05
4.2578125 -0.089773102643931 1e-05
4.265625 -0.08979347841089 1e-05
4.2734375 -0.089814471785874 1e-05
4.28125 -0.089836083602709 1e-05
4.2890625 -0.089858314721243 1e-05
4.296875 -0.089881166025652 1e-05
4.3046875 -0.089904638426037 1e-05
4.3125 -0.08992873285776 1e-05
4.3203125 -0.089953450282553 1e-05
4.328125 -0.089978791686285 1e-05
4.3359375 -0.09000475808171 1e-05
4.34375 -0.090031350506612 1e-05
4.3515625 -0.090058570025493 1e-05
4.359375 -0.090086417729484 1e-05
4.3671875 -0.09011489473365 1e-05
4.375 -0.090144002180724 1e-05
4.3828125 -0.090173741241904 1e-05
4.390625 -0.090204113110887 1e-05
4.3984375 -0.090235119011296 1e-05
4.40625 -0.090266760191702 1e-05
4.4140625 -0.09029903792925 1e-05
4.421875 -0.090331953526082 1e-05
4.4296875 -0.090365508312457 1e-05
4.4375 -0.090399703646958 1e-05
4.4453125 -0.090434540913478 1e-05
4.453125 -0.090470021525436 1e-05
4.4609375 -0.090506146923555 1e-05
4.46875 -0.090542918576525 1e-05
4.4765625 -0.090580337980363 1e-05
4.484375 -0.090618406660374 1e-05
4.4921875 -0.090657126169196 1e-05
4.5 -0.090696498088233 1e-05
4.5078125 -0.090736524028896 1e-05
4.515625 -0.090777205629428 1e-05
4.5234375 -0.09081854455784 1e-05
4.53125 -0.090860542513051 1e-05
4.5390625 -0.090903201220476 1e-05
4.546875 -0.090946522437905 1e-05
4.5546875 -0.090990507952902 1e-05
4.5625 -0.091035159580522 1e-05
4.5703125 -0.09108047916641 1e-05
4.578125 -0.091126468589025 1e-05
4.5859375 -0.091173129755042 1e-05
4.59375 -0.091220464603473 1e-05
4.6015625 -0.091268475104192 1e-05
4.609375 -0.091317163256873 1e-05
4.6171875 -0.091366531093331 1e-05
4.625 -0.091416580677588 1e-05
4.6328125 -0.091467314105525 1e-05
4.640625 -0.091518733504176 1e-05
4.6484375 -0.091570841034435 1e-05
4.65625 -0.091623638887914 1e-05
4.6640625 -0.091677129291056 1e-05
4.671875 -0.091731314502289 1e-05
4.6796875 -0.091786196813015 1e-05
4.6875 -0.091841778549532 1e-05
4.6953125 -0.091898062070018 1e-05
4.703125 -0.091955049768569 1e-05
4.7109375 -0.092012744072121 1e-05
4.71875 -0.092071147443187 1e-05
4.7265625 -0.092130262380388 1e-05
4.734375 -0.092190091414782 1e-05
4.7421875 -0.09225063711581 1e-05
4.75 -0.092311902086288 1e-05
4.7578125 -0.092373888966252 1e-05
4.765625 -0.092436600432884 1e-05
4.7734375 -0.092500039198442 1e-05
4.78125 -0.092564208013277 1e-05
4.7890625 -0.09262910966419 1e-05
4.796875 -0.092694746975561 1e-05
4.8046875 -0.09276112281222 1e-05
4.8125 -0.092828240073937 1e-05
4.8203125 -0.09289610170014 1e-05
4.828125 -0.092964710670633 1e-05
4.8359375 -0.093034070003528 1e-05
4.84375 -0.093104182756351 1e-05
4.8515625 -0.093175052026531 1e-05
4.859375 -0.093246680953249 1e-05
4.8671875 -0.093319072715247 1e-05
4.875 -0.093392230533268 1e-05
4.8828125 -0.093466157668612 1e-05
4.890625 -0.093540857425418 1e-05
4.8984375 -0.093616333148877 1e-05
4.90625 -0.093692588229859 1e-05
4.9140625 -0.093769626098149 1e-05
4.921875 -0.093847450230204 1e-05
4.9296875 -0.093926064144332 1e-05
4.9375 -0.094005471406153 1e-05
4.9453125 -0.094085675624454 1e-05
4.953125 -0.094166680452606 1e-05
4.9609375 -0.094248489590154 1e-05
4.96875 -0.094331106783732 1e-05
4.9765625 -0.094414535824545 1e-05
4.984375 -0.094498780554648 1e-05
4.9921875 -0.094583844860955 1e-05
5 -0.094669732678084 1e-05
5.0078125 -0.094756447990093 1e-05
5.015625 -0.094843994831223 1e-05
5.0234375 -0.094932377283534 1e-05
5.03125 -0.095021599479845 1e-05
5.0390625 -0.095111665604432 1e-05
5.046875 -0.095202579891293 1e-05
5.0546875 -0.095294346627984 1e-05
5.0625 -0.095386970152518 1e-05
5.0703125 -0.095480454856153 1e-05
5.078125 -0.095574805185674 1e-05
5.0859375 -0.095670025638678 1e-05
5.09375 -0.095766120768843 1e-05
5.1015625 -0.09586309518568 1e-05
5.109375 -0.095960953552995 1e-05
5.1171875 -0.096059700592185 1e-05
5.125 -0.096159341080863 1e-05
5.1328125 -0.09625987985488 1e-05
5.140625 -0.09636132180861 1e-05
5.1484375 -0.096463671895916 1e-05
5.15625 -0.096566935128446 1e-05
5.1640625 -0.096671116578865 1e-05
5.171875 -0.09677622138025 1e-05
5.1796875 -0.096882254728968 1e-05
5.1875 -0.096989221884729 1e-05
5.1953125 -0.097097128166778 1e-05
5.203125 -0.097205978960398 1e-05
5.2109375 -0.0973157797151 1e-05
5.21875 -0.097426535945398 1e-05
5.2265625 -0.097538253233332 1e-05
5.234375 -0.097650937226434 1e-05
5.2421875 -0.097764593640953 1e-05
5.25 -0.097879228260678 1e-05
5.2578125 -0.097994846938927 1e-05
5.265625 -0.098111455599713 1e-05
5.2734375 -0.098229060237689 1e-05
5.28125 -0.098347666919679 1e-05
5.2890625 -0.098467281785044 1e-05
5.296875 -0.09858791104632 1e-05
5.3046875 -0.098709560991592 1e-05
5.3125 -0.098832237983845 1e-05
5.3203125 -0.098955948461937 1e-05
5.328125 -0.099080698943601 1e-05
5.3359375 -0.099206496023044 1e-05
5.34375 -0.099333346374973 1e-05
5.3515625 -0.099461256753331 1e-05
5.359375 -0.099590233994528 1e-05
5.3671875 -0.099720285016142 1e-05
5.375 -0.099851416820224 1e-05
5.3828125 -0.099983636494781 1e-05
5.390625 -0.1001169512084 1e-05
5.3984375 -0.10025136821981 1e-05
5.40625 -0.10038689487561 1e-05
5.4140625 -0.10052353860967 1e-05
5.421875 -0.10066130694636 1e-05
5.4296875 -0.10080020750308 1e-05
5.4375 -0.10094024798649 1e-05
5.4453125 -0.10108143619853 1e-05
5.453125 -0.10122378003588 1e-05
5.4609375 -0.10136728749199 1e-05
5.46875 -0.10151196665587 1e-05
5.4765625 -0.10165782571755 1e-05
5.484375 -0.10180487296427 1e-05
5.4921875 -0.10195311678561 1e-05
5.5 -0.102102565675 1e-05
5.5078125 -0.1022532282273 1e-05
5.515625 -0.10240511314622 1e-05
5.5234375 -0.10255822923946 1e-05
5.53125 -0.10271258542499 1e-05
5.5390625 -0.10286819072842 1e-05
5.546875 -0.10302505428972 1e-05
5.5546875 -0.10318318535847 1e-05
5.5625 -0.10334259330132 1e-05
5.5703125 -0.10350328760003 1e-05
5.578125 -0.10366527785152 1e-05
5.5859375 -0.10382857377479 1e-05
5.59375 -0.10399318520939 1e-05
5.6015625 -0.10415912211769 1e-05
5.609375 -0.10432639458597 1e-05
5.6171875 -0.10449501282571 1e-05
5.625 -0.10466498717733 1e-05
5.6328125 -0.10483632810985 1e-05
5.640625 -0.10500904622618 1e-05
5.6484375 -0.10518315225955 1e-05
5.65625 -0.10535865708058 1e-05
5.6640625 -0.10553557169619 1e-05
5.671875 -0.10571390725352 1e-05
5.6796875 -0.10589367504043 1e-05
5.6875 -0.10607488648838 1e-05
5.6953125 -0.10625755317269 1e-05
5.703125 -0.10644168681898 1e-05
5.7109375 -0.10662729930162 1e-05
5.71875 -0.10681440264446 1e-05
5.7265625 -0.1070030090296 1e-05
5.734375 -0.10719313079236 1e-05
5.7421875 -0.10738478042864 1e-05
5.75 -0.10757797059362 1e-05
5.7578125 -0.10777271410719 1e-05
5.765625 -0.10796902395697 1e-05
5.7734375 -0.10816691329494 1e-05
5.78125 -0.10836639544791 1e-05
5.7890625 -0.10856748391479 1e-05
5.796875 -0.10877019237046 1e-05
5.8046875 -0.10897453467026 1e-05
5.8125 -0.10918052484825 1e-05
5.8203125 -0.10938817712435 1e-05
5.828125 -0.10959750590806 1e-05
5.8359375 -0.10980852579697 1e-05
5.84375 -0.11002125158108 1e-05
5.8515625 -0.11023569824606 1e-05
5.859375 -0.11045188097921 1e-05
5.8671875 -0.11066981516763 1e-05
5.875 -0.11088951640594 1e-05
5.8828125 -0.11111100049514 1e-05
5.890625 -0.11133428344771 1e-05
5.8984375 -0.11155938149501 1e-05
5.90625 -0.1117863110855 1e-05
5.9140625 -0.11201508888656 1e-05
5.921875 -0.11224573179479 1e-05
5.9296875 -0.11247825693353 1e-05
5.9375 -0.11271268166015 1e-05
5.9453125 -0.11294902357015 1e-05
5.953125 -0.11318730049682 1e-05
5.9609375 -0.11342753051749 1e-05
5.96875 -0.11366973195978 1e-05
5.9765625 -0.1139139234029 1e-05
5.984375 -0.11416012368158 1e-05
5.9921875 -0.11440835189184 1e-05
6 -0.11465862739315 1e-05
6.0078125 -0.11491096981551 1e-05
6.015625 -0.11516539906187 1e-05
6.0234375 -0.11542193531241 1e-05
6.03125 -0.11568059903039 1e-05
6.0390625 -0.11594141096673 1e-05
6.046875 -0.11620439216506 1e-05
6.0546875 -0.11646956396324 1e-05
6.0625 -0.11673694800473 1e-05
6.0703125 -0.11700656623691 1e-05
6.078125 -0.11727844091991 1e-05
6.0859375 -0.11755259463163 1e-05
6.09375 -0.11782905027269 1e-05
6.1015625 -0.11810783107141 1e-05
6.109375 -0.11838896059034 1e-05
6.1171875 -0.11867246273059 1e-05
6.125 -0.11895836173854 1e-05
6.1328125 -0.11924668221128 1e-05
6.140625 -0.11953744910507 1e-05
6.1484375 -0.11983068773698 1e-05
6.15625 -0.12012642379457 1e-05
6.1640625 -0.12042468334162 1e-05
6.171875 -0.12072549282315 1e-05
6.1796875 -0.12102887907481 1e-05
6.1875 -0.12133486932584 1e-05
6.1953125 -0.12164349121142 1e-05
6.203125 -0.12195477277256 1e-05
6.2109375 -0.12226874246941 1e-05
6.21875 -0.12258542918607 1e-05
6.2265625 -0.12290486223961 1e-05
6.234375 -0.12322707138489 1e-05
6.2421875 -0.12355208682462 1e-05
6.25 -0.12387993921658 1e-05
6.2578125 -0.1242106596808 1e-05
6.265625 -0.12454427981044 1e-05
6.2734375 -0.12488083167795 1e-05
6.28125 -0.12522034784547 1e-05
6.2890625 -0.12556286136932 1e-05
6.296875 -0.12590840581555 1e-05
6.3046875 -0.12625701526517 1e-05
6.3125 -0.12660872432384 1e-05
6.3203125 -0.12696356813084 1e-05
6.328125 -0.12732158236957 1e-05
6.3359375 -0.12768280327936 1e-05
6.34375 -0.12804726766243 1e-05
6.3515625 -0.12841501289454 1e-05
6.359375 -0.12878607694036 1e-05
6.3671875 -0.12916049835777 1e-05
6.375 -0.12953831631087 1e-05
6.3828125 -0.12991957058489 1e-05
6.390625 -0.13030430159294 1e-05
6.3984375 -0.13069255038955 1e-05
6.40625 -0.13108435868405 1e-05
6.4140625 -0.13147976885121 1e-05
6.421875 -0.13187882394401 1e-05
6.4296875 -0.13228156770588 1e-05
6.4375 -0.13268804458519 1e-05
6.4453125 -0.13309829974768 1e-05
6.453125 -0.13351237908962 1e-05
6.4609375 -0.13393032925132 1e-05
6.46875 -0.13435219763305 1e-05
6.4765625 -0.13477803240929 1e-05
6.484375 -0.13520788254175 1e-05
6.4921875 -0.13564179779626 1e-05
6.5 -0.13607982875692 1e-05
6.5078125 -0.13652202684237 1e-05
6.515625 -0.13696844432406 1e-05
6.5234375 -0.1374191343375 1e-05
6.53125 -0.13787415090323 1e-05
6.5390625 -0.13833354894547 1e-05
6.546875 -0.13879738430472 1e-05
6.5546875 -0.13926571375703 1e-05
6.5625 -0.13973859503738 1e-05
6.5703125 -0.1402160868511 1e-05
6.578125 -0.14069824889859 1e-05
6.5859375 -0.14118514189173 1e-05
6.59375 -0.14167682757458 1e-05
6.6015625 -0.14217336874519 1e-05
6.609375 -0.14267482927487 1e-05
6.6171875 -0.14318127413072 1e-05
6.625 -0.14369276939457 1e-05
6.6328125 -0.14420938228955 1e-05
6.640625 -0.14473118120059 1e-05
6.6484375 -0.14525823569672 1e-05
6.65625 -0.1457906165583 1e-05
6.6640625 -0.14632839579802 1e-05
6.671875 -0.14687164668705 1e-05
6.6796875 -0.14742044377918 1e-05
6.6875 -0.14797486293981 1e-05
6.6953125 -0.14853498137145 1e-05
6.703125 -0.14910087763641 1e-05
6.7109375 -0.14967263169298 1e-05
6.71875 -0.15025032491734 1e-05
6.7265625 -0.15083404013491 1e-05
6.734375 -0.15142386164909 1e-05
6.7421875 -0.15201987527342 1e-05
6.75 -0.15262216836225 1e-05
6.7578125 -0.15323082983996 1e-05
6.765625 -0.15384595023725 1e-05
6.7734375 -0.15446762172277 1e-05
6.78125 -0.15509593813598 1e-05
6.7890625 -0.15573099502244 1e-05
6.796875 -0.1563728896728 1e-05
6.8046875 -0.15702172115381 1e-05
6.8125 -0.15767759034931 1e-05
6.8203125 -0.15834059999785 1e-05
6.828125 -0.15901085472946 1e-05
6.8359375 -0.15968846110811 1e-05
6.84375 -0.1603735276709 1e-05
6.8515625 -0.16106616497176 1e-05
6.859375 -0.16176648562063 1e-05
6.8671875 -0.16247460433244 1e-05
6.875 -0.16319063796723 1e-05
6.8828125 -0.16391470557565 1e-05
6.890625 -0.16464692845111 1e-05
6.8984375 -0.16538743017101 1e-05
6.90625 -0.16613633665007 1e-05
6.9140625 -0.16689377619058 1e-05
6.921875 -0.16765987953195 1e-05
6.9296875 -0.16843477990311 1e-05
6.9375 -0.16921861307771 1e-05
6.9453125 -0.17001151742802 1e-05
6.953125 -0.17081363398127 1e-05
6.9609375 -0.1716251064803 1e-05
6.96875 -0.17244608143727 1e-05
6.9765625 -0.17327670819916 1e-05
6.984375 -0.17411713900694 1e-05
6.9921875 -0.17496752905842 1e-05
7 -0.17582803657448 1e-05
7.0078125 -0.1766988228653 1e-05
7.015625 -0.17758005239724 1e-05
7.0234375 -0.17847189286584 1e-05
7.03125 -0.17937451526083 1e-05
7.0390625 -0.18028809394477 1e-05
7.046875 -0.18121280672505 1e-05
7.0546875 -0.18214883493084 1e-05
7.0625 -0.1830963634922 1e-05
7.0703125 -0.18405558101849 1e-05
7.078125 -0.18502667988051 1e-05
7.0859375 -0.18600985629849 1e-05
7.09375 -0.1870053104237 1e-05
7.1015625 -0.18801324642605 1e-05
7.109375 -0.18903387258877 1e-05
7.1171875 -0.19006740139719 1e-05
7.125 -0.19111404963653 1e-05
7.1328125 -0.19217403848501 1e-05
7.140625 -0.19324759361744 1e-05
7.1484375 -0.1943349453041 1e-05
7.15625 -0.19543632851505 1e-05
7.1640625 -0.19655198302805 1e-05
7.171875 -0.19768215353864 1e-05
7.1796875 -0.19882708977092 1e-05
7.1875 -0.19998704659087 1e-05
7.1953125 -0.20116228412707 1e-05
7.203125 -0.20235306788838 1e-05
7.2109375 -0.20355966889063 1e-05
7.21875 -0.20478236378041 1e-05
7.2265625 -0.20602143496518 1e-05
7.234375 -0.20727717074728 1e-05
7.2421875 -0.20854986545629 1e-05
7.25 -0.20983981959526 1e-05
7.2578125 -0.21114733997547 1e-05
7.265625 -0.21247273986722 1e-05
7.2734375 -0.21381633915212 1e-05
7.28125 -0.21517846447007 1e-05
7.2890625 -0.2165594493836 1e-05
7.296875 -0.21795963453373 1e-05
7.3046875 -0.21937936781047 1e-05
7.3125 -0.22081900451764 1e-05
7.3203125 -0.22227890754914 1e-05
7.328125 -0.22375944756568 1e-05
7.3359375 -0.22526100318055 1e-05
7.34375 -0.22678396114273 1e-05
7.3515625 -0.2283287165306 1e-05
7.359375 -0.22989567294666 1e-05
7.3671875 -0.23148524272195 1e-05
7.375 -0.23309784712061 1e-05
7.3828125 -0.23473391655385 1e-05
7.390625 -0.23639389079019 1e-05
7.3984375 -0.23807821918675 1e-05
7.40625 -0.23978736091288 1e-05
7.4140625 -0.24152178518319 1e-05
7.421875 -0.24328197150072 1e-05
7.4296875 -0.24506840989774 1e-05
7.4375 -0.24688160119209 1e-05
7.4453125 -0.24872205724442 1e-05
7.453125 -0.25059030122138 1e-05
7.4609375 -0.25248686787002 1e-05
7.46875 -0.25441230379288 1e-05
7.4765625 -0.25636716773559 1e-05
7.484375 -0.25835203088165 1e-05
7.4921875 -0.26036747714802 1e-05
7.5 -0.26241410349678 1e-05
7.5078125 -0.26449252024973 1e-05
7.515625 -0.26660335141186 1e-05
7.5234375 -0.26874723500461 1e-05
7.53125 -0.27092482340459 1e-05
7.5390625 -0.27313678369407 1e-05
7.546875 -0.27538379801979 1e-05
7.5546875 -0.27766656396 1e-05
7.5625 -0.27998579490022 1e-05
7.5703125 -0.28234222041988 1e-05
7.578125 -0.28473658669064 1e-05
7.5859375 -0.287169656881 1e-05
7.59375 -0.28964221157563 1e-05
7.6015625 -0.29215504920079 1e-05
7.609375 -0.29470898646414 1e-05
7.6171875 -0.29730485880612 1e-05
7.625 -0.29994352086062 1e-05
7.6328125 -0.30262584692761 1e-05
7.640625 -0.3053527314635 1e-05
7.6484375 -0.30812508957459 1e-05
7.65625 -0.31094385753179 1e-05
7.6640625 -0.3138099932954 1e-05
7.671875 -0.31672447705085 1e-05
7.6796875 -0.31968831176465 1e-05
7.6875 -0.32270252375015 1e-05
7.6953125 -0.32576816324825 1e-05
7.703125 -0.32888630502464 1e-05
7.7109375 -0.33205804898338 1e-05
7.71875 -0.33528452079097 1e-05
7.7265625 -0.33856687252643 1e-05
7.734375 -0.34190628333999 1e-05
7.7421875 -0.34530396013078 1e-05
7.75 -0.34876113824635 1e-05
7.7578125 -0.35227908219547 1e-05
7.765625 -0.3558590863829 1e-05
7.7734375 -0.35950247585959 1e-05
7.78125 -0.36321060710012 1e-05
7.7890625 -0.3669848687899 1e-05
7.796875 -0.37082668264381 1e-05
7.8046875 -0.37473750423695 1e-05
7.8125 -0.37871882386659 1e-05
7.8203125 -0.38277216742587 1e-05
7.828125 -0.38689909731221 1e-05
7.8359375 -0.39110121335311 1e-05
7.84375 -0.39538015375269 1e-05
7.8515625 -0.39973759607355 1e-05
7.859375 -0.40417525823543 1e-05
7.8671875 -0.40869489954689 1e-05
7.875 -0.41329832175921 1e-05
7.8828125 -0.41798737014931 1e-05
7.890625 -0.42276393463376 1e-05
7.8984375 -0.42762995091309 1e-05
7.90625 -0.43258740163992 1e-05
7.9140625 -0.43763831762574 1e-05
7.921875 -0.44278477907578 1e-05
7.9296875 -0.44802891685616 1e-05
7.9375 -0.45337291379896 1e-05
7.9453125 -0.45881900603741 1e-05
7.953125 -0.46436948437964 1e-05
7.9609375 -0.47002669571664 1e-05
7.96875 -0.47579304447158 1e-05
7.9765625 -0.48167099408172 1e-05
7.984375 -0.48766306852772 1e-05
7.9921875 -0.49377185389756 1e-05
8 -0.5 1e-05
