-0.49999733685486
-0.4791428855044
-0.4597210167505
-0.44160892628177
-0.42469618567241
-0.40888332568323
-0.39408059886044
-0.3802068968722
-0.3671888016053
-0.354959752077
-0.34345931178814
-0.33263252332648
-0.32242933888411
-0.31280411693321
-0.30371517665027
-0.2951244028291
-0.2869968950056
-0.27930065535889
-0.27200631067497
-0.26508686427849
-0.25851747437114
-0.25227525567379
-0.24633910166507
-0.24068952505099
-0.23530851439521
-0.23017940509601
-0.22528676311745
-0.22061628007544
-0.2161546784467
-0.21188962581496
-0.20780965719596
-0.20390410459407
-0.20016303304088
-0.19657718245098
-0.19313791470527
-0.18983716543762
-0.18666740005843
-0.18362157359957
-0.18069309400989
-0.17787578857035
-0.17516387313229
-0.17255192391394
-0.17003485161734
-0.16760787765225
-0.16526651227532
-0.16300653447215
-0.16082397342671
-0.15871509143825
-0.15667636815911
-0.15470448603941
-0.1527963168751
-0.15094890936599
-0.14915947759893
-0.14742539037924
-0.14574416134051
-0.14411343976933
-0.14253100208722
-0.14099474393704
-0.13950267282608
-0.13805290128199
-0.13664364048164
-0.13527319431642
-0.13393995386057
-0.13264239221204
-0.13137905967778
-0.13014857927786
-0.12894964254487
-0.12778100559694
-0.12664148546446
-0.12552995665229
-0.12444534792063
-0.12338663926898
-0.12235285910896
-0.12134308161279
-0.12035642422532
-0.11939204532832
-0.11844914204667
-0.11752694818685
-0.11662473229888
-0.1157417958535
-0.11487747152683
-0.11403112158563
-0.11320213636659
-0.11238993284335
-0.11159395327596
-0.11081366393717
-0.11004855391099
-0.10929813395875
-0.10856193544856
-0.10783950934417
-0.1071304252497
-0.1064342705066
-0.10575064933986
-0.10507918205046
-0.10441950425115
-0.10377126614314
-0.10313413183123
-0.10250777867503
-0.10189189667428
-0.10128618788623
-0.10069036587318
-0.10010415517858
-0.099527290829918
-0.098959517866926
-0.098400590893752
-0.097850273653627
-0.097308338624858
-0.096774566636936
-0.096248746505657
-0.095730674686212
-0.095220154943267
-0.094716998037112
-0.094221021425014
-0.093732048976963
-0.093249910705037
-0.092774442505666
-0.092305485914122
-0.091842887870588
-0.091386500497198
-0.09093618088549
-0.090491790893722
-0.090053196953562
-0.089620269885649
-0.089192884723599
-0.08877092054601
-0.088354260316078
-0.087942790728431
-0.087536402062832
-0.0871349880444
-0.086738445710044
-0.086346675280779
-0.08595958003967
-0.085577066215098
-0.085199042869115
-0.08482542179063
-0.0844561173932
-0.084091046617202
-0.083730128836183
-0.083373285767187
-0.083020441384877
-0.082671521839267
-0.082326455376899
-0.081985172265309
-0.081647604720629
-0.081313686838168
-0.080983354525864
-0.080656545440439
-0.080333198926172
-0.080013255956142
-0.079696659075849
-0.07938335234909
-0.079073281306016
-0.078766392893236
-0.07846263542591
-0.078161958541732
-0.077864313156711
-0.077569651422688
-0.0772779266865
-0.076989093450728
-0.07670310733596
-0.076419925044492
-0.076139504325433
-0.075861803941118
-0.075586783634806
-0.075314404099586
-0.075044626948457
-0.07477741468552
-0.074512730678242
-0.074250539130746
-0.073990805058087
-0.073733494261467
-0.073478573304362
-0.073226009489504
-0.072975770836711
-0.072727826061503
-0.072482144554488
-0.072238696361489
-0.071997452164368
-0.071758383262533
-0.071521461555097
-0.071286659523656
-0.071053950215674
-0.070823307228444
-0.070594704693596
-0.070368117262149
-0.070143520090063
-0.069920888824295
-0.069700199589318
-0.0694814289741
-0.069264554019522
-0.069049552206212
-0.068836401442785
-0.068625080054481
-0.068415566772164
-0.068207840721692
-0.068001881413631
-0.067797668733304
-0.067595182931162
-0.067394404613462
-0.067195314733253
-0.066997894581635
-0.06680212577931
-0.066607990268393
-0.066415470304477
-0.066224548448955
-0.066035207561573
-0.065847430793221
-0.065661201578938
-0.065476503631141
-0.06529332093305
-0.065111637732325
-0.064931438534885
-0.064752708098919
-0.064575431429071
-0.064399593770807
-0.064225180604937
-0.064052177642311
-0.063880570818659
-0.063710346289592
-0.06354149042574
-0.063373989808036
-0.063207831223131
-0.063043001658944
-0.06287948830034
-0.06271727852492
-0.062556359898945
-0.062396720173362
-0.062238347279947
-0.06208122932755
-0.06192535459845
-0.061770711544804
-0.061617288785198
-0.061465075101287
-0.061314059434529
-0.061164230883002
-0.061015578698317
-0.0608680922826
-0.060721761185559
-0.060576575101633
-0.060432523867207
-0.060289597457906
-0.060147785985956
-0.060007079697614
-0.059867468970661
-0.059728944311964
-0.059591496355096
-0.059455115858017
-0.059319793700812
-0.059185520883487
-0.059052288523819
-0.058920087855257
-0.058788910224879
-0.058658747091396
-0.0585295900232
-0.058401430696469
-0.058274260893307
-0.058148072499939
-0.058022857504937
-0.057898607997497
-0.057775316165752
-0.057652974295126
-0.057531574766727
-0.057411110055772
-0.057291572730057
-0.057172955448452
-0.057055250959436
-0.056938452099667
-0.056822551792576
-0.056707543047004
-0.05659341895585
-0.056480172694777
-0.056367797520922
-0.056256286771642
-0.056145633863292
-0.056035832290023
-0.055926875622609
-0.055818757507297
-0.055711471664685
-0.055605011888619
-0.055499372045117
-0.055394546071312
-0.055290527974422
-0.055187311830733
-0.055084891784615
-0.054983262047544
-0.054882416897155
-0.054782350676311
-0.054683057792186
-0.054584532715372
-0.054486769979003
-0.054389764177893
-0.054293509967695
-0.054198002064075
-0.054103235241897
-0.054009204334436
-0.053915904232591
-0.053823329884127
-0.053731476292921
-0.053640338518227
-0.053549911673957
-0.05346019092797
-0.053371171501378
-0.053282848667863
-0.05319521775301
-0.053108274133647
-0.053022013237203
-0.052936430541072
-0.052851521571991
-0.052767281905433
-0.052683707165003
-0.052600793021852
-0.052518535194097
-0.052436929446254
-0.052355971588677
-0.052275657477013
-0.052195983011663
-0.052116944137249
-0.052038536842097
-0.051960757157724
-0.051883601158336
-0.051807064960336
-0.051731144721832
-0.051655836642168
-0.051581136961448
-0.051507041960077
-0.05143354795831
-0.051360651315799
-0.051288348431161
-0.051216635741543
-0.051145509722196
-0.051074966886063
-0.051005003783362
-0.050935617001186
-0.050866803163104
-0.05079855892877
-0.050730880993539
-0.050663766088087
-0.050597210978039
-0.050531212463603
-0.050465767379207
-0.050400872593148
-0.050336525007238
-0.050272721556462
-0.050209459208639
-0.050146734964089
-0.050084545855304
-0.050022888946625
-0.049961761333925
-0.049901160144294
-0.049841082535731
-0.049781525696843
-0.04972248684654
-0.049663963233747
-0.04960595213711
-0.049548450864712
-0.04949145675379
-0.049434967170461
-0.049378979509446
-0.049323491193802
-0.049268499674659
-0.049214002430958
-0.049159996969193
-0.04910648082316
-0.049053451553706
-0.049000906748486
-0.048948844021716
-0.048897261013943
-0.0488461553918
-0.048795524847783
-0.04874536710002
-0.048695679892044
-0.048646460992577
-0.048597708195308
-0.048549419318678
-0.048501592205672
-0.048454224723607
-0.048407314763929
-0.048360860242008
-0.048314859096939
-0.04826930929135
-0.0482242088112
-0.048179555665597
-0.048135347886602
-0.048091583529051
-0.048048260670366
-0.04800537741038
-0.047962931871156
-0.047920922196817
-0.047879346553367
-0.047838203128529
-0.047797490131573
-0.047757205793152
-0.047717348365142
-0.04767791612048
-0.047638907353008
-0.047600320377317
-0.047562153528593
-0.047524405162471
-0.047487073654882
-0.047450157401909
-0.047413654819641
-0.047377564344036
-0.047341884430776
-0.047306613555132
-0.04727175021183
-0.047237292914915
-0.04720324019762
-0.047169590612239
-0.047136342729996
-0.047103495140921
-0.04707104645373
-0.047038995295698
-0.047007340312542
-0.046976080168302
-0.046945213545226
-0.046914739143658
-0.046884655681919
-0.046854961896204
-0.046825656540467
-0.046796738386318
-0.046768206222916
-0.046740058856865
-0.046712295112113
-0.046684913829851
-0.046657913868414
-0.046631294103186
-0.0466050534265
-0.04657919074755
-0.046553704992295
-0.046528595103369
-0.046503860039992
-0.046479498777885
-0.046455510309178
-0.046431893642332
-0.046408647802051
-0.046385771829206
-0.046363264780747
-0.046341125729632
-0.046319353764746
-0.046297947990827
-0.046276907528389
-0.046256231513652
-0.04623591909847
-0.046215969450259
-0.046196381751931
-0.046177155201825
-0.046158289013641
-0.046139782416376
-0.04612163465426
-0.046103844986695
-0.046086412688193
-0.046069337048317
-0.046052617371626
-0.046036252977612
-0.046020243200651
-0.046004587389944
-0.045989284909466
-0.045974335137915
-0.04595973746866
-0.045945491309692
-0.045931596083579
-0.045918051227414
-0.045904856192773
-0.04589201044567
-0.045879513466513
-0.045867364750064
-0.045855563805396
-0.045844110155856
-0.045833003339023
-0.045822242906674
-0.045811828424746
-0.045801759473304
-0.045792035646503
-0.045782656552558
-0.045773621813714
-0.045764931066212
-0.045756583960263
-0.045748580160017
-0.045740919343542
-0.04573360120279
-0.045726625443578
-0.045719991785565
-0.045713699962224
-0.045707749720828
-0.045702140822425
-0.04569687304182
-0.045691946167556
-0.045687360001901
-0.045683114360828
-0.045679209074003
-0.045675643984769
-0.045672418950136
-0.04566953384077
-0.045666988540977
-0.045664782948704
-0.045662916975519
-0.045661390546614
-0.045660203600795
-0.045659356090474
-0.04565884798167
-0.045658679254007
-0.045658849900707
-0.045659359928592
-0.045660209358089
-0.045661398223223
-0.045662926571627
-0.045664794464543
-0.045667001976826
-0.045669549196952
-0.045672436227024
-0.045675663182779
-0.0456792301936
-0.045683137402522
-0.045687384966249
-0.045691973055161
-0.045696901853333
-0.045702171558543
-0.045707782382294
-0.045713734549828
-0.045720028300144
-0.045726663886017
-0.045733641574018
-0.045740961644538
-0.045748624391806
-0.045756630123915
-0.045764979162848
-0.0457736718445
-0.045782708518708
-0.045792089549277
-0.045801815314011
-0.045811886204742
-0.045822302627362
-0.045833065001855
-0.045844173762331
-0.045855629357062
-0.045867432248515
-0.045879582913392
-0.045892081842669
-0.045904929541632
-0.045918126529922
-0.045931673341572
-0.045945570525056
-0.045959818643328
-0.045974418273872
-0.045989370008744
-0.046004674454624
-0.046020332232864
-0.046036343979539
-0.046052710345496
-0.04606943199641
-0.046086509612838
-0.046103943890272
-0.0461217355392
-0.046139885285158
-0.046158393868796
-0.046177262045935
-0.046196490587628
-0.046216080280226
-0.046236031925442
-0.046256346340415
-0.04627702435778
-0.046298066825736
-0.046319474608114
-0.046341248584453
-0.046363389650066
-0.046385898716122
-0.046408776709716
-0.046432024573948
-0.046455643268004
-0.04647963376723
-0.046503997063222
-0.046528734163901
-0.046553846093602
-0.046579333893159
-0.046605198619991
-0.046631441348196
-0.046658063168633
-0.046685065189026
-0.046712448534045
-0.046740214345412
-0.046768363781991
-0.046796898019892
-0.046825818252566
-0.046855125690912
-0.046884821563377
-0.046914907116063
-0.046945383612834
-0.046976252335426
-0.047007514583555
-0.047039171675031
-0.047071224945872
-0.047103675750421
-0.047136525461462
-0.04716977547034
-0.047203427187084
-0.047237482040531
-0.047271941478448
-0.047306806967662
-0.047342079994191
-0.047377762063371
-0.047413854699993
-0.047450359448436
-0.047487277872808
-0.047524611557081
-0.047562362105235
-0.047600531141405
-0.047639120310021
-0.04767813127596
-0.047717565724697
-0.047757425362456
-0.047797711916365
-0.047838427134616
-0.047879572786622
-0.04792115066318
-0.047963162576636
-0.048005610361053
-0.048048495872378
-0.048091820988615
-0.048135587610003
-0.048179797659188
-0.048224453081407
-0.048269555844666
-0.048315107939933
-0.048361111381317
-0.048407568206265
-0.048454480475754
-0.048501850274487
-0.048549679711092
-0.048597970918327
-0.048646726053283
-0.048695947297593
-0.048745636857644
-0.048795796964791
-0.048846429875579
-0.048897537871956
-0.048949123261507
-0.049001188377674
-0.049053735579994
-0.049106767254327
-0.049160285813102
-0.049214293695551
-0.049268793367961
-0.04932378732392
-0.04937927808457
-0.049435268198866
-0.049491760243834
-0.049548756824839
-0.04960626057585
-0.049664274159716
-0.049722800268441
-0.049781841623467
-0.049841400975958
-0.049901481107092
-0.049962084828355
-0.050023214981835
-0.050084874440536
-0.050147066108676
-0.050209792922008
-0.050273057848133
-0.050336863886826
-0.050401214070362
-0.050466111463854
-0.050531559165586
-0.05059756030736
-0.050664118054845
-0.050731235607934
-0.0507989162011
-0.05086716310377
-0.050935979620691
-0.051005369092312
-0.051075334895168
-0.05114588044227
-0.051217009183506
-0.051288724606041
-0.05136103023473
-0.051433929632535
-0.051507426400949
-0.05158152418043
-0.051656226650835
-0.051731537531872
-0.051807460583549
-0.051883999606639
-0.051961158443148
-0.05203894097679
-0.052117351133479
-0.052196392881814
-0.052276070233591
-0.052356387244308
-0.052437348013688
-0.052518956686207
-0.052601217451635
-0.052684134545583
-0.05276771225006
-0.052851954894045
-0.052936866854062
-0.053022452554769
-0.05310871646956
-0.053195663121176
-0.053283297082323
-0.053371622976308
-0.053460645477684
-0.053550369312909
-0.053640799261009
-0.053731940154269
-0.053823796878919
-0.05391637437585
-0.05400967764133
-0.054103711727744
-0.054198481744339
-0.054293992857994
-0.054390250293993
-0.054487259336827
-0.054585025330998
-0.054683553681848
-0.054782849856403
-0.054882919384229
-0.054983767858315
-0.055085400935963
-0.055187824339702
-0.055291043858224
-0.055395065347328
-0.055499894730897
-0.055605538001889
-0.055712001223342
-0.055819290529417
-0.055927412126445
-0.056036372294009
-0.056146177386044
-0.056256833831961
-0.056368348137794
-0.056480726887378
-0.056593976743545
-0.056708104449351
-0.056823116829332
-0.056939020790779
-0.057055823325054
-0.057173531508926
-0.057292152505943
-0.05741169356783
-0.057532162035927
-0.057653565342648
-0.05777591101299
-0.05789920666606
-0.058023460016654
-0.058148678876858
-0.0582748711577
-0.058402044870833
-0.058530208130264
-0.058659369154118
-0.058789536266452
-0.05892071789911
-0.059052922593622
-0.059186159003153
-0.059320435894498
-0.05945576215013
-0.059592146770294
-0.05972959887516
-0.059868127707026
-0.06000774263258
-0.06014845314522
-0.06029026886743
-0.060433199553226
-0.060577255090655
-0.060722445504371
-0.060868780958269
-0.061016271758194
-0.061164928354728
-0.061314761346034
-0.061465781480801
-0.061617999661246
-0.061771426946216
-0.061926074554362
-0.062081953867411
-0.06223907643352
-0.062397453970729
-0.062557098370511
-0.062718021701417
-0.062880236212834
-0.063043754338837
-0.063208588702163
-0.063374752118294
-0.063542257599661
-0.063711118359966
-0.063881347818636
-0.064052959605406
-0.064225967565033
-0.064400385762161
-0.064576228486319
-0.064753510257081
-0.064932245829372
-0.06511245019894
-0.065294138607999
-0.065477326551035
-0.0656620297808
-0.06584826431449
-0.066036046440112
-0.066225392723056
-0.066416320012867
-0.066608845450241
-0.066802986474232
-0.066998760829701
-0.067196186574994
-0.067395282089877
-0.067596066083721
-0.067798557603961
-0.068002776044826
-0.068208741156361
-0.068416473053744
-0.06862599222692
-0.068837319550547
-0.069050476294287
-0.069265484133433
-0.069482365159909
-0.069701141893636
-0.069921837294292
-0.070144474773474
-0.070369078207282
-0.070595671949343
-0.070824280844289
-0.071054930241701
-0.07128764601056
-0.071522454554194
-0.071759382825767
-0.071998458344323
-0.072239709211397
-0.072483164128243
-0.072728852413668
-0.072976804022531
-0.073227049564914
-0.073479620326001
-0.073734548286688
-0.073991866144968
-0.074251607338103
-0.074513806065642
-0.074778497313291
-0.075045716877701
-0.075315501392193
-0.075587888353467
-0.075862916149339
-0.076140624087544
-0.076421052425668
-0.076704242402228
-0.076990236268991
-0.077279077324541
-0.077570809949193
-0.077865479641281
-0.0781631330549
-0.078463818039159
-0.078767583679011
-0.079074480337746
-0.079384559701202
-0.079697874823785
-0.080014480176383
-0.080334431696249
-0.080657786838958
-0.08098460463252
-0.081314945733771
-0.081648872487118
-0.08198644898578
-0.082327741135617
-0.082672816721698
-0.083021745477702
-0.083374599158329
-0.083731451614831
-0.084092378873833
-0.084457459219603
-0.084826773279933
-0.08520040411581
-0.085578437315068
-0.085960961090216
-0.086348066380647
-0.086739846959452
-0.087136399545072
-0.087537823918022
-0.087944223042959
-0.088355703196357
-0.088772374100082
-0.089194349061166
-0.089621745118107
-0.090054683194037
-0.090493288257104
-0.090937689488473
-0.091388020458315
-0.091844419310251
-0.09230702895466
-0.092775997271369
-0.093251477322197
-0.093733627573916
-0.094222612132186
-0.094718600987064
-0.095221770270744
-0.095732302528187
-0.096250387001385
-0.096776219928004
-0.097310004855238
-0.097851952969729
-0.098402283444481
-0.09896122380374
-0.099529010306888
-0.10010588835245
-0.10069211290343
-0.10128794893514
-0.101893671907
-0.10250956825965
-0.10313593593885
-0.10377308494793
-0.10442133793045
-0.10508103078486
-0.10575251331324
-0.10643614990626
-0.10713232026643
-0.10784142017233
-0.10856386228618
-0.10930007700765
-0.11005051337682
-0.11081564002957
-0.11159594620865
-0.11239194283423
-0.11320416363784
-0.11403316636387
-0.1148795340432
-0.11574387634384
-0.11662683100379
-0.11752906535187
-0.11845127792245
-0.1193942001707
-0.12035859829553
-0.1213452751776
-0.12235507244083
-0.12338887264627
-0.12444760162773
-0.12553223097985
-0.12664378070956
-0.1277833220633
-0.12895198054307
-0.13015093912554
-0.1313814416999
-0.1326447967411
-0.13394238123688
-0.13527564488834
-0.13664611460588
-0.13805539932388
-0.1395051951599
-0.1409972909463
-0.14253357416504
-0.14411603731875
-0.14574678477488
-0.14742804012262
-0.14916215408646
-0.15095161304435
-0.15279904820297
-0.15470724548793
-0.15667915621238
-0.15871790859389
-0.16082682019643
-0.16300941138231
-0.1652694198676
-0.16761081648432
-0.17003782226359
-0.1725549269662
-0.17516690920071
-0.17787885828424
-0.18069619801863
-0.18362471257363
-0.18667057469046
-0.18984037644353
-0.19314116282554
-0.19658046845192
-0.20016635771611
-0.20390746876605
-0.20781306171765
-0.2118930715717
-0.21615816635812
-0.22061981109766
-0.22529033824545
-0.2301830253662
-0.23531218088828
-0.24069323889504
-0.24634286403911
-0.25227906781154
-0.25852133756535
-0.26509077988566
-0.27201028012077
-0.27930468014414
-0.28700097671307
-0.29512854313127
-0.30371937731808
-0.31280837984619
-0.32243366604198
-0.33263691686259
-0.34346377398515
-0.35496428538518
-0.36719340866423
-0.38021158053635
-0.39408536222989
-0.40888817214054
-0.42470111892734
-0.44161395042589
-0.45972613632448
-0.47914810558144
-0.5000026631451
