-0.49999999999998
-0.47265783068306
-0.44799577928852
-0.42559945314777
-0.40514198813893
-0.3863617428861
-0.36904634970376
-0.35302117962203
-0.33814090069729
-0.32428322504462
-0.31134422025912
-0.2992347507451
-0.28787774395893
-0.27720606551633
-0.26716084867369
-0.25769016663614
-0.24874796635004
-0.24029320386704
-0.23228913670463
-0.22470273970575
-0.21750421897529
-0.21066660441185
-0.20416540576442
-0.19797832044971
-0.19208498386585
-0.1864667548456
-0.18110653036037
-0.17598858472574
-0.17109842945044
-0.16642269057378
-0.16194900089453
-0.15766590494121
-0.15356277489324
-0.14962973595384
-0.14585759991365
-0.14223780583857
-0.13876236697647
-0.13542382311054
-0.13221519769801
-0.12912995922597
-0.1261619862941
-0.12330553599987
-0.12055521525793
-0.11790595473248
-0.11535298510247
-0.11289181541378
-0.11051821330266
-0.10822818690031
-0.10601796825091
-0.10388399809448
-0.10182291188292
-0.099831526912165
-0.097906830466161
-0.096045968879595
-0.094246237436157
-0.092505071027776
-0.090820035507928
-0.08918881967884
-0.087609227858444
-0.086079172978203
-0.084596670167685
-0.08315983078596
-0.081766856863631
-0.080416035922693
-0.079105736144393
-0.07783440185798
-0.076600549325625
-0.075402762800992
-0.074239690840876
-0.073110042851127
-0.072012585849619
-0.07094614143053
-0.069909582915449
-0.068901832678048
-0.067921859630124
-0.066968676857768
-0.066041339397355
-0.065138942141813
-0.064260617868388
-0.063405535379806
-0.062572897751318
-0.061761940676716
-0.060971930906887
-0.060202164774971
-0.059451966802606
-0.058720688382161
-0.058007706530188
-0.057312422707702
-0.056634261703186
-0.05597267057449
-0.05532711764609
-0.054697091558391
-0.054082100365977
-0.05348167068195
-0.052895346865651
-0.052322690251262
-0.051763278414947
-0.051216704478328
-0.050682576446247
-0.0501605165769
-0.049650160782531
-0.049151158059001
-0.048663169942662
-0.04818586999303
-0.047718943299885
-0.047262086013475
-0.0468150048966
-0.046377416897417
-0.045949048741885
-0.045529636544815
-0.045118925438581
-0.044716669218557
-0.044322630004458
-0.04393657791675
-0.043558290767392
-0.043187553764173
-0.042824159227984
-0.042467906322383
-0.042118600794837
-0.041776054729088
-0.041440086308093
-0.041110519587033
-0.040787184275909
-0.040469915531262
-0.040158553756594
-0.03985294441108
-0.039552937826174
-0.039258389029754
-0.038969157577447
-0.038685107390815
-0.038406106602079
-0.038132027405084
-0.037862745912236
-0.037598142017124
-0.037338099262585
-0.03708250471397
-0.036831248837375
-0.036584225382624
-0.036341331270787
-0.036102466486058
-0.035867533971774
-0.035636439530415
-0.035409091727421
-0.03518540179864
-0.034965283561274
-0.034748653328168
-0.034535429825301
-0.034325534112341
-0.034118889506149
-0.033915421507101
-0.033715057728103
-0.033517727826219
-0.033323363436765
-0.033131898109803
-0.032943267248919
-0.032757408052198
-0.032574259455315
-0.03239376207664
-0.032215858164302
-0.032040491545112
-0.031867607575278
-0.031697153092861
-0.031529076371871
-0.031363327077961
-0.031199856225663
-0.031038616137079
-0.030879560402005
-0.030722643839409
-0.030567822460218
-0.030415053431371
-0.030264295041087
-0.030115506665292
-0.029968648735181
-0.029823682705855
-0.029680571026008
-0.029539277108609
-0.029399765302559
-0.029262000865277
-0.029125949936182
-0.028991579511044
-0.028858857417167
-0.028727752289373
-0.028598233546768
-0.028470271370252
-0.028343836680744
-0.028218901118112
-0.028095437020769
-0.027973417405913
-0.0278528159504
-0.027733606972206
-0.027615765412485
-0.027499266818181
-0.027384087325178
-0.027270203641983
-0.027157593033909
-0.027046233307741
-0.026936102796885
-0.026827180346962
-0.026719445301849
-0.02661287749014
-0.026507457212018
-0.026403165226529
-0.026299982739239
-0.026197891390254
-0.026096873242609
-0.025996910770999
-0.025897986850844
-0.025800084747681
-0.025703188106874
-0.025607280943613
-0.025512347633229
-0.025418372901771
-0.025325341816873
-0.025233239778881
-0.025142052512239
-0.025051766057125
-0.024962366761326
-0.024873841272349
-0.024786176529762
-0.024699359757744
-0.024613378457858
-0.024528220402023
-0.024443873625688
-0.024360326421202
-0.024277567331362
-0.02419558514315
-0.024114368881647
-0.024033907804108
-0.02395419139421
-0.023875209356461
-0.023796951610755
-0.023719408287086
-0.023642569720405
-0.023566426445616
-0.023490969192716
-0.023416188882056
-0.023342076619744
-0.023268623693166
-0.023195821566626
-0.023123661877112
-0.02305213643017
-0.02298123719589
-0.022910956305001
-0.022841286045066
-0.022772218856789
-0.022703747330408
-0.02263586420219
-0.022568562351017
-0.022501834795065
-0.022435674688568
-0.022370075318664
-0.02230503010233
-0.022240532583394
-0.022176576429619
-0.022113155429877
-0.022050263491382
-0.021987894636999
-0.021926043002628
-0.021864702834647
-0.021803868487428
-0.021743534420907
-0.021683695198227
-0.021624345483437
-0.02156548003924
-0.021507093724817
-0.021449181493687
-0.021391738391635
-0.021334759554681
-0.021278240207111
-0.021222175659545
-0.021166561307065
-0.021111392627385
-0.021056665179059
-0.021002374599749
-0.020948516604518
-0.020895086984182
-0.020842081603691
-0.020789496400551
-0.020737327383293
-0.020685570629966
-0.02063422228668
-0.020583278566175
-0.020532735746432
-0.020482590169307
-0.020432838239212
-0.020383476421816
-0.020334501242782
-0.020285909286535
-0.02023769719506
-0.020189861666722
-0.020142399455124
-0.020095307367985
-0.020048582266046
-0.020002221062006
-0.019956220719475
-0.01991057825196
-0.01986529072187
-0.019820355239545
-0.019775768962307
-0.019731529093539
-0.019687632881773
-0.019644077619815
-0.019600860643876
-0.019557979332732
-0.019515431106899
-0.019473213427831
-0.01943132379713
-0.019389759755782
-0.019348518883405
-0.019307598797512
-0.0192669971528
-0.019226711640448
-0.019186739987429
-0.019147079955844
-0.019107729342267
-0.019068685977106
-0.019029947723979
-0.0189915124791
-0.018953378170685
-0.018915542758365
-0.018878004232618
-0.018840760614209
-0.018803809953644
-0.018767150330637
-0.018730779853585
-0.018694696659064
-0.018658898911323
-0.018623384801796
-0.018588152548631
-0.018553200396216
-0.018518526614722
-0.01848412949966
-0.018450007371443
-0.018416158574953
-0.018382581479128
-0.01834927447655
-0.018316235983044
-0.018283464437286
-0.018250958300421
-0.018218716055683
-0.018186736208033
-0.018155017283796
-0.018123557830307
-0.018092356415572
-0.018061411627926
-0.018030722075707
-0.018000286386927
-0.017970103208961
-0.017940171208237
-0.017910489069929
-0.017881055497663
-0.017851869213227
-0.017822928956285
-0.017794233484099
-0.017765781571255
-0.0177375720094
-0.017709603606975
-0.017681875188963
-0.017654385596635
-0.017627133687307
-0.0176001183341
-0.017573338425701
-0.017546792866133
-0.017520480574533
-0.017494400484927
-0.01746855154601
-0.017442932720944
-0.017417542987137
-0.017392381336049
-0.017367446772989
-0.017342738316916
-0.017318255000253
-0.017293995868696
-0.017269959981031
-0.017246146408952
-0.017222554236887
-0.017199182561823
-0.017176030493137
-0.01715309715243
-0.017130381673365
-0.017107883201506
-0.01708560089416
-0.01706353392023
-0.017041681460057
-0.017020042705279
-0.016998616858684
-0.016977403134068
-0.016956400756099
-0.016935608960179
-0.016915026992313
-0.016894654108975
-0.016874489576986
-0.016854532673383
-0.0168347826853
-0.016815238909845
-0.016795900653986
-0.016776767234429
-0.016757837977513
-0.016739112219092
-0.016720589304429
-0.01670226858809
-0.016684149433839
-0.016666231214534
-0.016648513312029
-0.016630995117074
-0.016613676029219
-0.016596555456719
-0.016579632816443
-0.016562907533782
-0.016546379042559
-0.016530046784944
-0.016513910211367
-0.016497968780435
-0.01648222195885
-0.016466669221327
-0.01645131005052
-0.016436143936937
-0.016421170378873
-0.016406388882328
-0.016391798960941
-0.016377400135914
-0.016363191935946
-0.016349173897162
-0.016335345563048
-0.016321706484385
-0.016308256219185
-0.016294994332626
-0.016281920396994
-0.016269033991623
-0.016256334702832
-0.016243822123871
-0.016231495854862
-0.016219355502746
-0.016207400681228
-0.016195631010724
-0.016184046118309
-0.016172645637665
-0.016161429209037
-0.016150396479175
-0.016139547101297
-0.016128880735035
-0.016118397046392
-0.016108095707701
-0.016097976397574
-0.01608803880087
-0.016078282608643
-0.016068707518111
-0.016059313232608
-0.016050099461554
-0.01604106592041
-0.016032212330647
-0.016023538419706
-0.016015043920965
-0.016006728573705
-0.015998592123079
-0.015990634320074
-0.015982854921483
-0.015975253689878
-0.015967830393572
-0.015960584806597
-0.015953516708671
-0.015946625885175
-0.015939912127123
-0.015933375231137
-0.015927014999421
-0.015920831239738
-0.015914823765388
-0.01590899239518
-0.015903336953414
-0.015897857269858
-0.015892553179728
-0.015887424523668
-0.015882471147729
-0.015877692903351
-0.015873089647347
-0.015868661241883
-0.015864407554464
-0.015860328457916
-0.01585642383037
-0.015852693555252
-0.015849137521262
-0.015845755622368
-0.015842547757787
-0.015839513831978
-0.015836653754627
-0.015833967440639
-0.015831454810126
-0.015829115788398
-0.015826950305954
-0.015824958298475
-0.015823139706815
-0.015821494476995
-0.015820022560195
-0.015818723912749
-0.015817598496143
-0.015816646277004
-0.015815867227102
-0.015815261323344
-0.015814828547771
-0.015814568887557
-0.015814482335008
-0.015814568887557
-0.015814828547771
-0.015815261323344
-0.015815867227102
-0.015816646277004
-0.015817598496143
-0.015818723912749
-0.015820022560194
-0.015821494476995
-0.015823139706815
-0.015824958298475
-0.015826950305954
-0.015829115788398
-0.015831454810126
-0.015833967440639
-0.015836653754627
-0.015839513831978
-0.015842547757787
-0.015845755622367
-0.015849137521262
-0.015852693555252
-0.01585642383037
-0.015860328457916
-0.015864407554464
-0.015868661241883
-0.015873089647346
-0.01587769290335
-0.015882471147728
-0.015887424523668
-0.015892553179728
-0.015897857269858
-0.015903336953414
-0.01590899239518
-0.015914823765388
-0.015920831239738
-0.01592701499942
-0.015933375231136
-0.015939912127123
-0.015946625885175
-0.015953516708671
-0.015960584806596
-0.015967830393572
-0.015975253689878
-0.015982854921483
-0.015990634320074
-0.015998592123079
-0.016006728573705
-0.016015043920965
-0.016023538419706
-0.016032212330647
-0.01604106592041
-0.016050099461554
-0.016059313232608
-0.01606870751811
-0.016078282608643
-0.01608803880087
-0.016097976397574
-0.016108095707701
-0.016118397046393
-0.016128880735035
-0.016139547101297
-0.016150396479175
-0.016161429209037
-0.016172645637666
-0.016184046118309
-0.016195631010724
-0.016207400681228
-0.016219355502746
-0.016231495854862
-0.016243822123871
-0.016256334702833
-0.016269033991624
-0.016281920396995
-0.016294994332626
-0.016308256219185
-0.016321706484385
-0.016335345563048
-0.016349173897162
-0.016363191935946
-0.016377400135914
-0.016391798960941
-0.016406388882328
-0.016421170378873
-0.016436143936938
-0.01645131005052
-0.016466669221327
-0.01648222195885
-0.016497968780435
-0.016513910211367
-0.016530046784944
-0.016546379042559
-0.016562907533782
-0.016579632816443
-0.016596555456719
-0.016613676029219
-0.016630995117074
-0.016648513312029
-0.016666231214534
-0.016684149433839
-0.01670226858809
-0.016720589304428
-0.016739112219091
-0.016757837977513
-0.016776767234429
-0.016795900653985
-0.016815238909845
-0.0168347826853
-0.016854532673383
-0.016874489576986
-0.016894654108975
-0.016915026992312
-0.016935608960179
-0.016956400756099
-0.016977403134068
-0.016998616858683
-0.017020042705279
-0.017041681460057
-0.01706353392023
-0.01708560089416
-0.017107883201505
-0.017130381673365
-0.01715309715243
-0.017176030493137
-0.017199182561823
-0.017222554236887
-0.017246146408952
-0.017269959981031
-0.017293995868697
-0.017318255000253
-0.017342738316916
-0.017367446772989
-0.01739238133605
-0.017417542987137
-0.017442932720944
-0.017468551546011
-0.017494400484927
-0.017520480574534
-0.017546792866133
-0.017573338425701
-0.0176001183341
-0.017627133687308
-0.017654385596635
-0.017681875188963
-0.017709603606975
-0.0177375720094
-0.017765781571255
-0.017794233484099
-0.017822928956285
-0.017851869213227
-0.017881055497663
-0.017910489069929
-0.017940171208237
-0.017970103208962
-0.018000286386927
-0.018030722075707
-0.018061411627927
-0.018092356415572
-0.018123557830307
-0.018155017283796
-0.018186736208034
-0.018218716055684
-0.018250958300421
-0.018283464437287
-0.018316235983044
-0.01834927447655
-0.018382581479128
-0.018416158574953
-0.018450007371443
-0.018484129499661
-0.018518526614722
-0.018553200396216
-0.018588152548632
-0.018623384801797
-0.018658898911323
-0.018694696659065
-0.018730779853586
-0.018767150330637
-0.018803809953645
-0.01884076061421
-0.018878004232619
-0.018915542758366
-0.018953378170685
-0.018991512479101
-0.01902994772398
-0.019068685977107
-0.019107729342267
-0.019147079955844
-0.019186739987429
-0.019226711640449
-0.019266997152801
-0.019307598797512
-0.019348518883405
-0.019389759755783
-0.019431323797131
-0.019473213427831
-0.019515431106899
-0.019557979332732
-0.019600860643876
-0.019644077619816
-0.019687632881774
-0.019731529093539
-0.019775768962308
-0.019820355239545
-0.019865290721871
-0.019910578251961
-0.019956220719475
-0.020002221062006
-0.020048582266046
-0.020095307367985
-0.020142399455124
-0.020189861666722
-0.02023769719506
-0.020285909286536
-0.020334501242782
-0.020383476421816
-0.020432838239213
-0.020482590169308
-0.020532735746432
-0.020583278566176
-0.02063422228668
-0.020685570629966
-0.020737327383293
-0.020789496400552
-0.020842081603691
-0.020895086984183
-0.020948516604518
-0.021002374599749
-0.021056665179059
-0.021111392627385
-0.021166561307065
-0.021222175659545
-0.021278240207111
-0.021334759554682
-0.021391738391636
-0.021449181493689
-0.021507093724818
-0.021565480039241
-0.021624345483438
-0.021683695198229
-0.021743534420908
-0.021803868487429
-0.021864702834648
-0.021926043002629
-0.021987894637
-0.022050263491383
-0.022113155429879
-0.02217657642962
-0.022240532583395
-0.022305030102332
-0.022370075318665
-0.022435674688569
-0.022501834795066
-0.022568562351018
-0.022635864202191
-0.022703747330409
-0.022772218856791
-0.022841286045067
-0.022910956305002
-0.022981237195892
-0.023052136430172
-0.023123661877113
-0.023195821566627
-0.023268623693167
-0.023342076619746
-0.023416188882057
-0.023490969192717
-0.023566426445618
-0.023642569720406
-0.023719408287087
-0.023796951610756
-0.023875209356463
-0.023954191394212
-0.024033907804109
-0.024114368881648
-0.024195585143151
-0.024277567331362
-0.024360326421203
-0.024443873625689
-0.024528220402023
-0.024613378457859
-0.024699359757745
-0.024786176529763
-0.02487384127235
-0.024962366761327
-0.025051766057126
-0.02514205251224
-0.025233239778882
-0.025325341816873
-0.025418372901771
-0.025512347633229
-0.025607280943614
-0.025703188106874
-0.025800084747682
-0.025897986850844
-0.025996910771
-0.02609687324261
-0.026197891390254
-0.026299982739239
-0.026403165226529
-0.026507457212018
-0.026612877490141
-0.026719445301851
-0.026827180346964
-0.026936102796886
-0.027046233307742
-0.02715759303391
-0.027270203641984
-0.027384087325179
-0.027499266818182
-0.027615765412487
-0.027733606972207
-0.027852815950401
-0.027973417405915
-0.02809543702077
-0.028218901118113
-0.028343836680745
-0.028470271370253
-0.02859823354677
-0.028727752289374
-0.028858857417168
-0.028991579511046
-0.029125949936184
-0.029262000865278
-0.02939976530256
-0.02953927710861
-0.029680571026009
-0.029823682705856
-0.029968648735182
-0.030115506665293
-0.030264295041088
-0.030415053431373
-0.030567822460219
-0.03072264383941
-0.030879560402006
-0.031038616137079
-0.031199856225663
-0.031363327077962
-0.031529076371871
-0.031697153092862
-0.031867607575279
-0.032040491545112
-0.032215858164303
-0.032393762076641
-0.032574259455316
-0.032757408052199
-0.03294326724892
-0.033131898109804
-0.033323363436766
-0.03351772782622
-0.033715057728104
-0.033915421507101
-0.03411888950615
-0.034325534112341
-0.034535429825302
-0.034748653328169
-0.034965283561274
-0.03518540179864
-0.035409091727422
-0.035636439530416
-0.035867533971774
-0.036102466486059
-0.036341331270788
-0.036584225382624
-0.036831248837376
-0.037082504713971
-0.037338099262586
-0.037598142017125
-0.037862745912238
-0.038132027405086
-0.03840610660208
-0.038685107390817
-0.038969157577448
-0.039258389029755
-0.039552937826176
-0.039852944411082
-0.040158553756596
-0.040469915531263
-0.040787184275911
-0.041110519587035
-0.041440086308094
-0.041776054729089
-0.042118600794838
-0.042467906322384
-0.042824159227985
-0.043187553764173
-0.043558290767393
-0.043936577916751
-0.044322630004458
-0.044716669218557
-0.045118925438581
-0.045529636544816
-0.045949048741885
-0.046377416897418
-0.046815004896601
-0.047262086013476
-0.047718943299886
-0.048185869993031
-0.048663169942662
-0.049151158059002
-0.049650160782531
-0.050160516576901
-0.050682576446247
-0.051216704478328
-0.051763278414948
-0.052322690251262
-0.052895346865651
-0.05348167068195
-0.054082100365977
-0.054697091558391
-0.055327117646091
-0.055972670574491
-0.056634261703188
-0.057312422707704
-0.058007706530189
-0.058720688382163
-0.059451966802608
-0.060202164774972
-0.060971930906888
-0.061761940676717
-0.062572897751318
-0.063405535379806
-0.064260617868388
-0.065138942141813
-0.066041339397355
-0.066968676857768
-0.067921859630124
-0.068901832678048
-0.069909582915448
-0.07094614143053
-0.072012585849619
-0.073110042851126
-0.074239690840876
-0.075402762800991
-0.076600549325625
-0.077834401857979
-0.079105736144391
-0.080416035922692
-0.081766856863631
-0.083159830785961
-0.084596670167686
-0.086079172978203
-0.087609227858445
-0.089188819678841
-0.090820035507928
-0.092505071027776
-0.094246237436157
-0.096045968879594
-0.09790683046616
-0.099831526912164
-0.10182291188292
-0.10388399809448
-0.10601796825091
-0.10822818690031
-0.11051821330266
-0.11289181541378
-0.11535298510247
-0.11790595473247
-0.12055521525793
-0.12330553599987
-0.1261619862941
-0.12912995922597
-0.13221519769801
-0.13542382311054
-0.13876236697646
-0.14223780583856
-0.14585759991365
-0.14962973595384
-0.15356277489323
-0.15766590494121
-0.16194900089453
-0.16642269057378
-0.17109842945044
-0.17598858472574
-0.18110653036037
-0.1864667548456
-0.19208498386585
-0.19797832044971
-0.20416540576442
-0.21066660441185
-0.21750421897529
-0.22470273970575
-0.23228913670463
-0.24029320386704
-0.24874796635003
-0.25769016663614
-0.26716084867368
-0.27720606551632
-0.28787774395893
-0.29923475074509
-0.31134422025911
-0.32428322504462
-0.33814090069729
-0.35302117962202
-0.36904634970376
-0.38636174288611
-0.40514198813893
-0.42559945314778
-0.44799577928852
-0.47265783068306
-0.49999999999998
