-0.50000005483661
-0.441701825818
-0.39078919852081
-0.3462490024898
-0.30721756893532
-0.27295720330602
-0.24283657147275
-0.21631431716812
-0.1929253521179
-0.17226936086668
-0.15400114412587
-0.13782249115212
-0.12347532608892
-0.1107359176954
-0.099409978316465
-0.089328507825788
-0.080344262815948
-0.072328751504671
-0.065169671469285
-0.058768721061227
-0.053039726713666
-0.047907037765618
-0.043304148233273
-0.039172511447527
-0.035460518877889
-0.032122618966537
-0.029118555557921
-0.026412708656334
-0.023973522881177
-0.021773011203408
-0.019786323408034
-0.017991370295064
-0.016368495953774
-0.014900191562405
-0.013570845111044
-0.012366522246979
-0.011274774122327
-0.0102844687024
-0.0093856424861416
-0.0085693700103143
-0.0078276488682627
-0.0071532982813333
-0.0065398695242931
-0.0059815667320093
-0.0054731768087973
-0.0050100073288864
-0.0045878314604561
-0.0042028390699314
-0.0038515932705916
-0.0035309917724623
-0.0032382324709531
-0.002970782781544
-0.0027263522884985
-0.002502868328338
-0.0022984541747728
-0.0021114095318473
-0.0019401930770282
-0.0017834068265352
-0.001639782121949
-0.001508167060565
-0.0013875152124883
-0.0012768754855136
-0.0011753830146588
-0.0010822509671769
-0.00099676316612597
-0.00091826744641893
-0.00084616966678576
-0.00077992830954357
-0.00071904960749605
-0.0006630831438923
-0.00061161787719929
-0.00056427854762889
-0.00052072242694135
-0.00048063637712709
-0.0004437341871897
-0.00040975416047082
-0.00037845692782894
-0.00034962346453212
-0.00032305329100292
-0.00029856283958507
-0.00027598397131216
-0.00025516262827727
-0.00023595760865261
-0.00021823945269996
-0.0002018894292753
-0.00018679861336653
-0.00017286704613639
-0.00016000296977567
-0.00014812213022427
-0.00013714714148737
-0.00012700690587953
-0.00011763608507841
-0.00010897461734858
-0.0001009672767502
-9.356327053006e-05
-8.671587126159e-05
-8.0382080614593e-05
-7.4522321931768e-05
-6.9100159050723e-05
-6.4082039041894e-05
-5.9437056756126e-05
-5.5136739261735e-05
-5.11548484304e-05
-4.7467200087427e-05
-4.4051498286479e-05
-4.0887183399244e-05
-3.7955292826546e-05
-3.5238333246785e-05
-3.2720163411937e-05
-3.0385886590407e-05
-2.8221751836258e-05
-2.6215063335132e-05
-2.4354097145175e-05
-2.262802470789e-05
-2.1026842563275e-05
-1.9541307746263e-05
-1.8162878392677e-05
-1.6883659120499e-05
-1.5696350793601e-05
-1.4594204294053e-05
-1.3570977990087e-05
-1.2620898581799e-05
-1.173862505357e-05
-1.0919215478965e-05
-1.0158096444484e-05
-9.4510348798785e-06
-8.7941121013754e-06
-8.1836998866754e-06
-7.616438419068e-06
-7.0892159516279e-06
-6.5991500511267e-06
-6.1435702981648e-06
-5.7200023248341e-06
-5.3261530850878e-06
-4.959897260633e-06
-4.6192647095796e-06
-4.3024288801491e-06
-4.0076961084314e-06
-3.7334957342116e-06
-3.4783709705596e-06
-3.2409704658054e-06
-3.0200405066977e-06
-2.8144178115105e-06
-2.6230228672564e-06
-2.4448537694434e-06
-2.2789805251374e-06
-2.1245397841026e-06
-1.9807299633167e-06
-1.8468067382097e-06
-1.7220788693143e-06
-1.6059043388004e-06
-1.4976867764148e-06
-1.3968721488757e-06
-1.3029456948876e-06
-1.2154290877789e-06
-1.1338778055278e-06
-1.0578786971272e-06
-9.8704772515894e-07
-9.2102787612546e-07
-8.594872232996e-07
-8.0211712977429e-07
-7.4863058590529e-07
-6.9876066510859e-07
-6.522590928522e-07
-6.0889492028014e-07
-5.684532929788e-07
-5.3073430997207e-07
-4.955519642607e-07
-4.6273316048312e-07
-4.32116802854e-07
-4.035529492835e-07
-3.7690202544559e-07
-3.5203409657264e-07
-3.2882818925428e-07
-3.0717166431574e-07
-2.8695963245128e-07
-2.6809441181905e-07
-2.5048502638185e-07
-2.3404673627422e-07
-2.187006038432e-07
-2.0437309046301e-07
-1.9099568152957e-07
-1.7850453708198e-07
-1.6684016854708e-07
-1.5594713725976e-07
-1.4577377444402e-07
-1.3627192131691e-07
-1.2739668625962e-07
-1.1910622067387e-07
-1.1136150909425e-07
-1.0412617487087e-07
-9.7366298657187e-08
-9.1050250229599e-08
-8.5148531934134e-08
-7.9633632446099e-08
-7.44798911453e-08
-6.9663372230865e-08
-6.5161746828418e-08
-6.0954183412669e-08
-5.7021247052975e-08
-5.3344802182006e-08
-4.9907927054378e-08
-4.6694830308652e-08
-4.3690774331751e-08
-4.0882003998269e-08
-3.8255680657857e-08
-3.5799819731655e-08
-3.3503233926197e-08
-3.1355478701833e-08
-2.9346802462045e-08
-2.746810037197e-08
-2.5710871105132e-08
-2.4067175282363e-08
-2.252959877822e-08
-2.1091217232597e-08
-1.9745563341391e-08
-1.8486596269962e-08
-1.7308673043854e-08
-1.6206522424928e-08
-1.5175219818414e-08
-1.42101640165e-08
-1.3307056341411e-08
-1.2461879766408e-08
-1.1670880890455e-08
-1.0930551966942e-08
-1.0237614843202e-08
-9.5890057547034e-09
-8.9818610762208e-09
-8.4135040452957e-09
-7.881433025925e-09
-7.3833086381359e-09
-6.9169445679425e-09
-6.4802962971369e-09
-6.0714526627772e-09
-5.6886263022579e-09
-5.3301459976714e-09
-4.9944493381725e-09
-4.6800747323631e-09
-4.3856554451764e-09
-4.1099133053483e-09
-3.8516527653144e-09
-3.6097553981487e-09
-3.3831752746768e-09
-3.1709338375117e-09
-2.9721155415624e-09
-2.7858642164796e-09
-2.6113782860519e-09
-2.4479083230753e-09
-2.2947527723645e-09
-2.151255221896e-09
-2.0168013088943e-09
-1.8908164998579e-09
-1.7727626630155e-09
-1.6621364489755e-09
-1.5584664485841e-09
-1.4613118734825e-09
-1.3702598888798e-09
-1.2849238239344e-09
-1.2049420731054e-09
-1.1299759158533e-09
-1.0597083432154e-09
-9.9384257964064e-10
-9.3210059320186e-10
-8.7422226227314e-10
-8.1996382961635e-10
-7.6909715648909e-10
-7.2140858273348e-10
-6.7669815641066e-10
-6.3477856027825e-10
-5.9547376263272e-10
-5.5861974942233e-10
-5.2406261667382e-10
-4.916580628874e-10
-4.612710725283e-10
-4.3277506531295e-10
-4.0605113013035e-10
-3.8098901655904e-10
-3.5748420422188e-10
-3.3543941887703e-10
-3.1476314801643e-10
-2.9536996557461e-10
-2.7717962481439e-10
-2.6011691235985e-10
-2.4411166050943e-10
-2.2909775816269e-10
-2.1501347058144e-10
-2.018007426387e-10
-1.8940525085754e-10
-1.7777623510969e-10
-1.6686594408755e-10
-1.566296387126e-10
-1.4702544198204e-10
-1.3801388537549e-10
-1.29558446226e-10
-1.216245701245e-10
-1.1417981473824e-10
-1.0719379156229e-10
-1.0063809392272e-10
-9.44860249468e-11
-8.8712645848341e-11
-8.329454970115e-11
-7.8209630207597e-11
-7.3437285822875e-11
-6.8958296799008e-11
-6.4754387699249e-11
-6.0808650242001e-11
-5.7105132995802e-11
-5.3628863560495e-11
-5.0365888030754e-11
-4.73029929452e-11
-4.4427784243807e-11
-4.1728843554227e-11
-3.9195250498031e-11
-3.681679390756e-11
-3.4583914894865e-11
-3.2487679017404e-11
-3.0519663024219e-11
-2.8672039351258e-11
-2.6937451757e-11
-2.5308861368311e-11
-2.3779738992992e-11
-2.2343956391944e-11
-2.09958847598e-11
-1.9730219712141e-11
-1.8541773942533e-11
-1.7425760094883e-11
-1.6377859127849e-11
-1.539384907626e-11
-1.4469887480198e-11
-1.3602071008769e-11
-1.2787275787142e-11
-1.2022122531084e-11
-1.130354162748e-11
-1.0628691673531e-11
-9.9949240162297e-12
-9.3997671361182e-12
-8.8408396194162e-12
-8.315876423729e-12
-7.8228778231387e-12
-7.3599024153177e-12
-6.9249858283225e-12
-6.5165786852966e-12
-6.1329647608666e-12
-5.7726893637764e-12
-5.4342509101214e-12
-5.1163499106009e-12
-4.8178372000171e-12
-4.5374039325782e-12
-4.2736143750602e-12
-4.0262546641383e-12
-3.7938683464505e-12
-3.5755972951841e-12
-3.3706071685501e-12
-3.1779220719922e-12
-2.9970102834981e-12
-2.8270650622646e-12
-2.6674197841598e-12
-2.5175092986077e-12
-2.3765747349162e-12
-2.2441618860138e-12
-2.119946978378e-12
-2.0031631556881e-12
-1.8934595731375e-12
-1.7903421205023e-12
-1.6934310515882e-12
-1.6024595708065e-12
-1.5170039569953e-12
-1.4366269336375e-12
-1.3611491483451e-12
-1.2902076781474e-12
-1.2236206100829e-12
-1.1609533782552e-12
-1.1020513311994e-12
-1.0467403061402e-12
-9.9479656376282e-13
-9.4594043884647e-13
-8.9995889599496e-13
-8.567568317052e-13
-8.1616615145819e-13
-7.780389551326e-13
-7.4217262617754e-13
-7.0843393518047e-13
-6.7658082512662e-13
-6.4675783450629e-13
-6.1867416066199e-13
-5.9231293378848e-13
-5.6744167934826e-13
-5.4397464483428e-13
-5.220013166602e-13
-5.0127433102246e-13
-4.8165169722882e-13
-4.6333174547432e-13
-4.4595754463597e-13
-4.2961331971571e-13
-4.1417013022817e-13
-3.9967168572198e-13
-3.8594889177054e-13
-3.7297455906283e-13
-3.6078009037308e-13
-3.4918244704783e-13
-3.3831981043325e-13
-3.2797638256262e-13
-3.1820334185233e-13
-3.0895915330827e-13
-3.0020951816536e-13
-2.9189589358795e-13
-2.8406198201859e-13
-2.7656756462856e-13
-2.6951049382986e-13
-2.6267935640814e-13
-2.5625237911095e-13
-2.5018921485838e-13
-2.4437924799229e-13
-2.3881199461925e-13
-2.3345161111178e-13
-2.2841688654316e-13
-2.2350695692474e-13
-2.1880423055191e-13
-2.1436473276507e-13
-2.1001261666674e-13
-2.0602928349259e-13
-2.0205306442597e-13
-1.9824035549374e-13
-1.9444620308007e-13
-1.9082430613254e-13
-1.8739043932245e-13
-1.8399348073205e-13
-1.8061818299587e-13
-1.7746809106408e-13
-1.743471259261e-13
-1.7133664956871e-13
-1.6829669193834e-13
-1.6544682402992e-13
-1.625570816593e-13
-1.5969334527235e-13
-1.5695444331224e-13
-1.5429394598503e-13
-1.5157086063534e-13
-1.4915387076594e-13
-1.4656553177015e-13
-1.4406244960898e-13
-1.4152351651942e-13
-1.3902046759116e-13
-1.3646990741899e-13
-1.3403381234819e-13
-1.3164863730832e-13
-1.2919572508677e-13
-1.267270330091e-13
-1.2436787624082e-13
-1.2195586760343e-13
-1.1960499051109e-13
-1.1723374753907e-13
-1.148352970052e-13
-1.1239093834673e-13
-1.1011395762231e-13
-1.0773774245425e-13
-1.0536296730018e-13
-1.0300171841759e-13
-1.00715373709e-13
-9.8267205036148e-14
-9.5908928641672e-14
-9.3530686042158e-14
-9.1178325844606e-14
-8.883041238531e-14
-8.6389022724073e-14
-8.3995131464204e-14
-8.1600801006744e-14
-7.9186172657257e-14
-7.6814266393366e-14
-7.4436254880103e-14
-7.1963405037019e-14
-6.9610027843141e-14
-6.7132115911435e-14
-6.4719312079992e-14
-6.232747301385e-14
-5.9846543189315e-14
-5.7532796655502e-14
-5.4988339418533e-14
-5.2568653775937e-14
-5.0095128495567e-14
-4.7626500675296e-14
-4.5185161944887e-14
-4.276090864034e-14
-4.0251350681671e-14
-3.775768666325e-14
-3.5331102315999e-14
-3.2824472285288e-14
-3.0299159292771e-14
-2.7808441324202e-14
-2.5325654496889e-14
-2.2825403571084e-14
-2.0293738178421e-14
-1.7862874612696e-14
-1.5316505123088e-14
-1.2870865169879e-14
-1.0358074971e-14
-7.8907104116543e-15
-5.3989523997301e-15
-2.9541434674282e-15
-3.210981528925e-16
2.1164088196123e-15
4.5710880038248e-15
7.0991728019754e-15
9.5157345827996e-15
1.2060496397574e-14
1.4482870456653e-14
1.7002904938571e-14
1.9539915016328e-14
2.1908400122215e-14
2.4359743558837e-14
2.6854396750818e-14
2.9168757505096e-14
3.1662883566634e-14
3.3948538160709e-14
3.6394693182184e-14
3.8835090176387e-14
4.1235144954773e-14
4.3569944846067e-14
4.584436556608e-14
4.8273629969516e-14
5.04768861643e-14
5.2857730423341e-14
5.5166249721167e-14
5.7418105097322e-14
5.9699057183841e-14
6.1926281953884e-14
6.4132566285015e-14
6.6329194912526e-14
6.8525198543518e-14
7.0631104053605e-14
7.282700743288e-14
7.494778118377e-14
7.6980823672971e-14
7.9178766321901e-14
8.1189103779304e-14
8.3121839255107e-14
8.5178198979704e-14
8.718765948374e-14
8.9028986049098e-14
9.0866801150604e-14
9.2755328556541e-14
9.4619043712127e-14
9.6371501278601e-14
9.8099217132135e-14
9.9777158393782e-14
1.0151266249619e-13
1.0312936911362e-13
1.0481829181612e-13
1.0630428875445e-13
1.0783241710591e-13
1.0924198463756e-13
1.1068735674012e-13
1.1191288279837e-13
1.1321683229946e-13
1.1450681896217e-13
1.1559783221172e-13
1.1672445921704e-13
1.1775391442393e-13
1.1870819134998e-13
1.1957539557142e-13
1.2037528406423e-13
1.2099490825125e-13
1.2163207562807e-13
1.2223153295717e-13
1.226150438303e-13
1.2302077585791e-13
1.2325523527529e-13
1.2334954792812e-13
1.2334861877837e-13
1.2324971956236e-13
1.2306422073422e-13
1.2267695135138e-13
1.2217891896585e-13
1.2152656552654e-13
1.2078204097577e-13
1.1975228311638e-13
1.1870423758118e-13
1.1732104323427e-13
1.1585051559519e-13
1.1415813554555e-13
1.1220651015949e-13
1.1014627941748e-13
1.0775180960291e-13
1.051619920875e-13
1.0227061383973e-13
9.918111537219e-14
9.5756763429063e-14
9.1982579859641e-14
8.7879094235345e-14
8.3507040733414e-14
7.8735301051886e-14
7.3575360604529e-14
6.7932422856046e-14
6.2050432394658e-14
5.5586986635962e-14
4.8947632776134e-14
4.1479595884111e-14
3.3509767188606e-14
2.4962573403712e-14
1.58295045828e-14
5.9805185247755e-15
-4.3813641937756e-15
-1.5613657328979e-14
-2.7553754529292e-14
-4.0295519734917e-14
-5.3764520539119e-14
-6.8341187987582e-14
-8.3829267323224e-14
-1.0036473246132e-13
-1.1784935483616e-13
-1.3666245052726e-13
-1.5664720746929e-13
-1.7793101743209e-13
-2.0058088513606e-13
-2.2471758447118e-13
-2.5034057684743e-13
-2.7771719651057e-13
-3.067645714692e-13
-3.3769331242653e-13
-3.7067333235063e-13
-4.0560980255789e-13
-4.4290878434196e-13
-4.8246053519966e-13
-5.2464275632445e-13
-5.6950129567148e-13
-6.1721450797117e-13
-6.6791217321893e-13
-7.2180987346996e-13
-7.7917031489185e-13
-8.4016504182401e-13
-9.0508841791164e-13
-9.7405585983702e-13
-1.0473969243674e-12
-1.1253390487409e-12
-1.2084088738872e-12
-1.2965698219439e-12
-1.3903262748064e-12
-1.4902005864501e-12
-1.5963228668747e-12
-1.7092103482435e-12
-1.8292386773829e-12
-1.9568854832083e-12
-2.0926282336006e-12
-2.2370135191602e-12
-2.3905893492124e-12
-2.553897694902e-12
-2.7276274246275e-12
-2.9124990093801e-12
-3.1090585739612e-12
-3.3180897761175e-12
-3.5406348323455e-12
-3.7772712182905e-12
-4.0289745327051e-12
-4.2972834265273e-12
-4.5821674077876e-12
-4.8853081529573e-12
-5.2079260020193e-12
-5.5510997101727e-12
-5.9163633258405e-12
-6.3049439885351e-12
-6.7184626248471e-12
-7.158550655675e-12
-7.6268233583037e-12
-8.1251868180969e-12
-8.6555042597246e-12
-9.2199361269835e-12
-9.8208144517901e-12
-1.0460225693481e-11
-1.1140797324794e-11
-1.1865227396788e-11
-1.2636336973262e-11
-1.3457246205359e-11
-1.4330929997109e-11
-1.5261203339958e-11
-1.6251427875985e-11
-1.730570176174e-11
-1.8428001965528e-11
-1.9622934581209e-11
-2.0895585798636e-11
-2.2250342368831e-11
-2.369259155122e-11
-2.5228484079585e-11
-2.6863905455403e-11
-2.8605359487167e-11
-3.045980492523e-11
-3.243469651197e-11
-3.4537808604449e-11
-3.6777690583145e-11
-3.9163188096475e-11
-4.1703891393111e-11
-4.4409875055209e-11
-4.7292120923174e-11
-5.0362079543742e-11
-5.3632181292843e-11
-5.7115619250618e-11
-6.0826126191241e-11
-6.4778927094233e-11
-6.8989850596893e-11
-7.3475939651213e-11
-7.8255310634045e-11
-8.3347262569109e-11
-8.8772305927243e-11
-9.4552613600766e-11
-1.0071148930893e-10
-1.0727395356238e-10
-1.1426657859513e-10
-1.2171794959887e-10
-1.2965837076116e-10
-1.381201345523e-10
-1.4713768681977e-10
-1.5674800997755e-10
-1.6699032401356e-10
-1.7790652300093e-10
-1.8954119008429e-10
-2.0194215627566e-10
-2.1516019801676e-10
-2.2924965905568e-10
-2.4426849893066e-10
-2.6027842769553e-10
-2.7734540995425e-10
-2.9553989368166e-10
-3.1493688603533e-10
-3.3561658331896e-10
-3.5766457790327e-10
-3.811720588642e-10
-4.0623662763562e-10
-4.3296215121309e-10
-4.6145989833229e-10
-4.9184798876597e-10
-5.2425311615316e-10
-5.5881026380905e-10
-5.9566377304619e-10
-6.3496742367123e-10
-6.7688554336236e-10
-7.2159365638107e-10
-7.6927906406199e-10
-8.2014189096815e-10
-8.7439556948662e-10
-9.3226852363503e-10
-9.940041521104e-10
-1.059862750379e-09
-1.1301221306454e-09
-1.2050790797224e-09
-1.2850505810279e-09
-1.3703752578968e-09
-1.4614147613908e-09
-1.5585555625408e-09
-1.6622103678887e-09
-1.7728200298152e-09
-1.8908558064652e-09
-2.0168211511303e-09
-2.1512536550792e-09
-2.2947284182988e-09
-2.447859355695e-09
-2.611302732697e-09
-2.7857600017581e-09
-2.9719807391123e-09
-3.170766055697e-09
-3.3829722741692e-09
-3.6095147089189e-09
-3.8513718387146e-09
-4.109589524226e-09
-4.3852857961825e-09
-4.6796562873948e-09
-4.9939790753995e-09
-5.3296204879419e-09
-5.6880420726436e-09
-6.0708059218988e-09
-6.4795835457994e-09
-6.9161615886792e-09
-7.3824512608575e-09
-7.880496740701e-09
-8.4124843934206e-09
-8.9807528558818e-09
-9.5878039614548e-09
-1.0236314059716e-08
-1.09291461249e-08
-1.1669364562415e-08
-1.2460246680644e-08
-1.3305299739112e-08
-1.4208277262784e-08
-1.517319546916e-08
-1.6204352844576e-08
-1.7306350345211e-08
-1.8484112057155e-08
-1.9742908795279e-08
-2.1088383121774e-08
-2.2526575332488e-08
-2.406395237337e-08
-2.5707438111548e-08
-2.7464446005585e-08
-2.9342914766554e-08
-3.1351345318096e-08
-3.349884226875e-08
-3.5795156119831e-08
-3.8250730845238e-08
-4.0876753225506e-08
-4.3685206626982e-08
-4.6688929262416e-08
-4.9901675435157e-08
-5.3338181744902e-08
-5.7014238885658e-08
-6.0946767983287e-08
-6.5153902724165e-08
-6.9655077590344e-08
-7.4471122833758e-08
-7.9624366366424e-08
-8.5138742926043e-08
-9.1039911534027e-08
-9.735538243714e-08
-1.0411465221221e-07
-1.1134934917462e-07
-1.1909339131227e-07
-1.273831537393e-07
-1.3625765036659e-07
-1.4575872809504e-07
-1.5593127656232e-07
-1.6682345283165e-07
-1.7848692352311e-07
-1.9097712546122e-07
-2.043535449648e-07
-2.1868001996885e-07
-2.3402506207735e-07
-2.5046220789658e-07
-2.6807039205525e-07
-2.8693435173367e-07
-3.0714506080736e-07
-3.2880019717517e-07
-3.5200464790992e-07
-3.768710484483e-07
-4.0352036860526e-07
-4.3208253995323e-07
-4.6269713229016e-07
-4.9551408450351e-07
-5.3069448767157e-07
-5.6841143303427e-07
-6.0885092314864e-07
-6.5221285412342e-07
-6.9871207532995e-07
-7.4857953041425e-07
-8.0206348832647e-07
-8.5943087003596e-07
-9.2096867956643e-07
-9.8698554674456e-07
-1.0578133921244e-06
-1.133809221995e-06
-1.215357066941e-06
-1.3028700706522e-06
-1.3967927466884e-06
-1.4976034136107e-06
-1.6058168241178e-06
-1.7219870023155e-06
-1.8467103091122e-06
-1.9806287522657e-06
-2.1244335608669e-06
-2.2788690486452e-06
-2.4447367870084e-06
-2.6229001144969e-06
-2.8142890114408e-06
-3.0199053692172e-06
-3.240828687262e-06
-3.4782222327491e-06
-3.733339704098e-06
-4.0075324372796e-06
-4.3022572028199e-06
-4.619084643742e-06
-4.9597084059231e-06
-5.3259550235213e-06
-5.7197946163836e-06
-6.1433524835805e-06
-6.5989216493559e-06
-7.0889764592368e-06
-7.6161873087946e-06
-8.1834366068223e-06
-8.7938360744175e-06
-9.4507455007935e-06
-1.0157793080565e-05
-1.0918897467775e-05
-1.1738291701375e-05
-1.2620549162736e-05
-1.3570611744579e-05
-1.4593820426798e-05
-1.5695948472504e-05
-1.688323747458e-05
-1.8162436509256e-05
-1.9540844672159e-05
-2.102635730022e-05
-2.2627516210938e-05
-2.4353564320927e-05
-2.6214505039426e-05
-2.8221166871666e-05
-3.0385273703783e-05
-3.2719521292464e-05
-3.5237660522355e-05
-3.7954588061553e-05
-4.0886445091368e-05
-4.4050724863841e-05
-4.7466389905432e-05
-5.1153999767917e-05
-5.5135850318635e-05
-5.9436125648419e-05
-6.4081063798591e-05
-6.9099137609625e-05
-7.4521252135071e-05
-8.0380960204987e-05
-8.6714697877808e-05
-9.3562041701151e-05
-0.00010096598989121
-0.00010897326975507
-0.0001176346739212
-0.00012700542819895
-0.00013714559418635
-0.00014812051006368
-0.00016000127336628
-0.00017286526993309
-0.00018679675366081
-0.00020188748218726
-0.00021823741417098
-0.00023595547443644
-0.00025516039393321
-0.00027598163219356
-0.00029856039083158
-0.00032305072753097
-0.00034962078102361
-0.00037845411872073
-0.00040975121994343
-0.0004437311091557
-0.00048063315521893
-0.00052071905449825
-0.00056427501768383
-0.00061161418246416
-0.00066307927674366
-0.00071904555996014
-0.0007799240732792
-0.00084616523306896
-0.00091826280612362
-0.0009967583097073
-0.0010822458846506
-0.0011753776955835
-0.0012768699189661
-0.001387509387045
-0.0015081609642767
-0.0016397757423191
-0.0017834001504931
-0.0019401860909045
-0.0021114022213452
-0.0022984465249413
-0.0025028603235397
-0.002726343912382
-0.0029707740170085
-0.0032382233001163
-0.0035309821766244
-0.0038515832301979
-0.004202828564535
-0.0045878204686771
-0.0050099958283691
-0.0054731647761682
-0.0059815541428291
-0.0065398563530113
-0.0071532845012362
-0.007827634451419
-0.0085693549275225
-0.0093856267068716
-0.010284452194731
-0.011274756852881
-0.012366504180858
-0.01357082621175
-0.014900171791766
-0.016368475271858
-0.017991348660088
-0.019786300776265
-0.021772987529054
-0.023973498116262
-0.026412682750565
-0.029118528458529
-0.0321225906181
-0.035460489222121
-0.039172480423031
-0.043304115775242
-0.047907003805478
-0.053039691178636
-0.058768683873772
-0.065169632546433
-0.072328710757145
-0.080344220147078
-0.089328463130098
-0.099409931477868
-0.11073586858486
-0.12347527456141
-0.13782243704265
-0.15400108724434
-0.17226930099109
-0.1929252889855
-0.21631425046378
-0.24283650081376
-0.27295712822211
-0.30721748884256
-0.34624891665653
-0.39078910602313
-0.44170172548198
-0.49999994516334
