-0.4999716185505
-0.47849838794905
-0.45866295317165
-0.44029475555101
-0.42324575493826
-0.40738687213533
-0.39260507306869
-0.37880096703548
-0.36588681868477
-0.353784894539
-0.34242608127863
-0.33174872581213
-0.32169765717006
-0.31222335813307
-0.30328126071284
-0.29483114452318
-0.2868366209901
-0.27926468947254
-0.2720853538696
-0.26527129030531
-0.25879755811066
-0.25264134764423
-0.2467817595687
-0.24119961108064
-0.23587726531339
-0.23079848072742
-0.22594827779502
-0.22131282069393
-0.21687931206493
-0.21263589917212
-0.20857159004317
-0.20467617836684
-0.2009401760945
-0.19735475283533
-0.19391168125639
-0.19060328780252
-0.18742240813917
-0.18436234679717
-0.1814168405633
-0.17858002521676
-0.1758464052597
-0.17321082633207
-0.17066845003701
-0.16821473093497
-0.16584539549178
-0.16355642279029
-0.16134402683595
-0.15920464030523
-0.15713489960212
-0.15513163110179
-0.15319183847361
-0.15131269098636
-0.14949151270868
-0.14772577252622
-0.14601307490494
-0.14435115133682
-0.14273785241029
-0.14117114045336
-0.13964908270223
-0.13816984495246
-0.13673168565394
-0.1353329504142
-0.133972066878
-0.13264753995366
-0.13135794735961
-0.1301019354666
-0.12887821541325
-0.12768555947456
-0.12652279766451
-0.12538881455587
-0.12428254630113
-0.12320297784041
-0.12214914028279
-0.121120108449
-0.12011499856411
-0.11913296608993
-0.11817320368739
-0.11723493930025
-0.11631743435185
-0.11541998204729
-0.11454190577432
-0.11368255759611
-0.11284131683023
-0.11201758870808
-0.11121080310969
-0.11042041336916
-0.10964589514614
-0.10888674535939
-0.10814248117846
-0.10741263906999
-0.10669677389521
-0.10599445805562
-0.10530528068395
-0.10462884687758
-0.10396477697215
-0.10331270585264
-0.10267228230015
-0.10204316837193
-0.10142503881302
-0.10081758049752
-0.10022049189792
-0.099633482580866
-0.099056272727854
-0.098488592679512
-0.097930182502151
-0.097380791575357
-0.096840178199488
-0.096308109221984
-0.095784359681499
-0.095268712468877
-0.094760958004098
-0.094260893928345
-0.093768324810388
-0.093283061866556
-0.092804922693583
-0.092333731013662
-0.091869316431088
-0.091411514199902
-0.090960165001973
-0.090515114734994
-0.090076214309903
-0.089643319457249
-0.089216290542072
-0.088794992386874
-0.088379294102281
-0.087969068925027
-0.087564194062912
-0.087164550546381
-0.086770023086427
-0.086380499938504
-0.085995872772175
-0.085616036546211
-0.085240889388909
-0.084870332483358
-0.084504269957451
-0.084142608778398
-0.083785258651561
-0.08343213192339
-0.083083143488287
-0.082738210699218
-0.082397253281903
-0.082060193252427
-0.081726954838113
-0.081397464401526
-0.081071650367454
-0.080749443152745
-0.080430775098876
-0.080115580407129
-0.07980379507627
-0.079495356842615
-0.079190205122382
-0.078888280956243
-0.078589526955961
-0.078293887253046
-0.078001307449336
-0.077711734569413
-0.077425117014797
-0.077141404519828
-0.076860548109172
-0.076582500056892
-0.076307213846999
-0.076034644135452
-0.07576474671352
-0.075497478472469
-0.075232797369514
-0.074970662394988
-0.074711033540674
-0.074453871769266
-0.074199138984893
-0.073946798004692
-0.073696812531362
-0.073449147126682
-0.073203767185942
-0.072960638913254
-0.072719729297717
-0.072481006090393
-0.072244437782068
-0.07200999358177
-0.071777643396009
-0.071547357808717
-0.071319108061862
-0.071092866036707
-0.07086860423569
-0.070646295764906
-0.070425914317168
-0.07020743415562
-0.069990830097888
-0.069776077500748
-0.069563152245286
-0.069352030722545
-0.069142689819629
-0.068935106906248
-0.068729259821704
-0.06852512686228
-0.068322686769031
-0.068121918715961
-0.067922802298573
-0.067725317522774
-0.067529444794122
-0.067335164907421
-0.067142459036615
-0.066951308725016
-0.066761695875818
-0.066573602742902
-0.066387011921925
-0.066201906341674
-0.066018269255688
-0.065836084234123
-0.065655335155869
-0.065476006200892
-0.065298081842816
-0.065121546841716
-0.064946386237123
-0.064772585341239
-0.06460012973235
-0.064429005248425
-0.06425919798091
-0.06409069426869
-0.063923480692238
-0.063757544067921
-0.063592871442473
-0.063429450087626
-0.063267267494891
-0.063106311370489
-0.062946569630421
-0.062788030395683
-0.062630681987602
-0.062474512923317
-0.062319511911373
-0.062165667847444
-0.062012969810169
-0.061861407057104
-0.061710969020784
-0.061561645304893
-0.061413425680536
-0.061266300082612
-0.061120258606286
-0.060975291503549
-0.060831389179883
-0.060688542190999
-0.06054674123967
-0.060405977172646
-0.060266240977653
-0.060127523780461
-0.059989816842037
-0.059853111555771
-0.05971739944477
-0.059582672159221
-0.05944892147383
-0.059316139285315
-0.05918431760997
-0.05905344858129
-0.058923524447651
-0.058794537570058
-0.058666480419937
-0.058539345576993
-0.058413125727116
-0.058287813660336
-0.058163402268838
-0.058039884545014
-0.057917253579572
-0.057795502559684
-0.057674624767189
-0.057554613576823
-0.057435462454511
-0.057317164955682
-0.057199714723641
-0.057083105487964
-0.056967331062945
-0.056852385346063
-0.056738262316509
-0.056624956033724
-0.056512460635984
-0.056400770339014
-0.056289879434635
-0.056179782289442
-0.056070473343515
-0.055961947109152
-0.05585419816964
-0.055747221178049
-0.055641010856052
-0.055535561992777
-0.055430869443678
-0.055326928129437
-0.05522373303489
-0.055121279207969
-0.055019561758679
-0.054918575858091
-0.054818316737356
-0.054718779686744
-0.054619960054702
-0.054521853246935
-0.054424454725502
-0.054327760007935
-0.054231764666377
-0.054136464326738
-0.054041854667868
-0.053947931420746
-0.053854690367691
-0.053762127341588
-0.053670238225123
-0.053579018950048
-0.053488465496446
-0.053398573892024
-0.053309340211412
-0.053220760575481
-0.053132831150671
-0.05304554814834
-0.052958907824116
-0.052872906477273
-0.05278754045011
-0.052702806127347
-0.052618699935537
-0.052535218342479
-0.052452357856655
-0.05237011502667
-0.052288486440704
-0.052207468725979
-0.052127058548234
-0.052047252611205
-0.051968047656124
-0.051889440461226
-0.051811427841259
-0.051734006647007
-0.051657173764829
-0.051580926116193
-0.051505260657235
-0.051430174378309
-0.051355664303561
-0.051281727490504
-0.051208361029597
-0.051135562043842
-0.051063327688379
-0.050991655150095
-0.050920541647237
-0.05084998442903
-0.050779980775311
-0.050710527996159
-0.050641623431537
-0.050573264450943
-0.050505448453059
-0.050438172865417
-0.050371435144065
-0.050305232773235
-0.050239563265028
-0.050174424159096
-0.05010981302233
-0.050045727448558
-0.049982165058247
-0.049919123498207
-0.049856600441304
-0.049794593586175
-0.049733100656952
-0.049672119402988
-0.049611647598585
-0.049551683042736
-0.049492223558861
-0.049433266994551
-0.049374811221324
-0.049316854134371
-0.04925939365232
-0.049202427716995
-0.049145954293184
-0.049089971368407
-0.049034476952696
-0.048979469078364
-0.048924945799795
-0.048870905193225
-0.048817345356534
-0.048764264409037
-0.04871166049128
-0.048659531764843
-0.048607876412136
-0.048556692636216
-0.048505978660585
-0.048455732729013
-0.048405953105347
-0.048356638073334
-0.04830778593644
-0.048259395017678
-0.048211463659436
-0.048163990223303
-0.04811697308991
-0.048070410658759
-0.048024301348069
-0.047978643594613
-0.047933435853564
-0.047888676598342
-0.047844364320463
-0.047800497529392
-0.047757074752397
-0.047714094534406
-0.047671555437866
-0.047629456042605
-0.047587794945694
-0.047546570761317
-0.047505782120636
-0.047465427671662
-0.047425506079129
-0.047386016024369
-0.047346956205187
-0.04730832533574
-0.04727012214642
-0.047232345383738
-0.047194993810202
-0.047158066204212
-0.047121561359944
-0.047085478087244
-0.047049815211514
-0.047014571573615
-0.046979746029755
-0.046945337451394
-0.046911344725135
-0.046877766752636
-0.046844602450502
-0.046811850750198
-0.046779510597949
-0.046747580954654
-0.046716060795789
-0.046684949111323
-0.046654244905628
-0.046623947197395
-0.046594055019546
-0.046564567419157
-0.046535483457369
-0.046506802209317
-0.046478522764041
-0.046450644224419
-0.046423165707086
-0.046396086342357
-0.046369405274162
-0.046343121659967
-0.046317234670707
-0.046291743490717
-0.046266647317664
-0.046241945362479
-0.046217636849296
-0.046193721015381
-0.04617019711108
-0.046147064399745
-0.046124322157685
-0.0461019696741
-0.046080006251026
-0.046058431203278
-0.046037243858394
-0.046016443556582
-0.045996029650665
-0.04597600150603
-0.045956358500579
-0.045937100024674
-0.045918225481095
-0.045899734284985
-0.045881625863813
-0.045863899657317
-0.04584655511747
-0.045829591708431
-0.045813008906504
-0.045796806200095
-0.045780983089676
-0.045765539087741
-0.045750473718773
-0.045735786519201
-0.045721477037369
-0.045707544833495
-0.045693989479642
-0.045680810559685
-0.045668007669272
-0.0456555804158
-0.045643528418382
-0.045631851307815
-0.045620548726555
-0.045609620328689
-0.045599065779905
-0.045588884757471
-0.045579076950207
-0.045569642058462
-0.04556057979409
-0.04555188988043
-0.045543572052284
-0.045535626055896
-0.045528051648932
-0.045520848600463
-0.045514016690949
-0.045507555712215
-0.045501465467447
-0.045495745771164
-0.045490396449214
-0.045485417338755
-0.045480808288246
-0.045476569157433
-0.045472699817339
-0.045469200150255
-0.045466070049732
-0.045463309420569
-0.045460918178809
-0.045458896251733
-0.045457243577853
-0.045455960106909
-0.04545504579986
-0.045454500628889
-0.045454324577395
-0.045454517639996
-0.045455079822522
-0.045456011142023
-0.045457311626767
-0.04545898131624
-0.045461020261152
-0.045463428523442
-0.045466206176277
-0.045469353304064
-0.045472870002451
-0.045476756378341
-0.045481012549891
-0.045485638646529
-0.04549063480896
-0.045496001189177
-0.045501737950473
-0.045507845267454
-0.04551432332605
-0.045521172323533
-0.045528392468529
-0.045535983981033
-0.04554394709243
-0.045552282045508
-0.045560989094481
-0.045570068505003
-0.045579520554194
-0.045589345530658
-0.045599543734505
-0.045610115477376
-0.045621061082465
-0.045632380884544
-0.045644075229991
-0.045656144476813
-0.045668588994678
-0.04568140916494
-0.045694605380668
-0.045708178046682
-0.045722127579577
-0.045736454407762
-0.045751158971488
-0.045766241722886
-0.045781703125999
-0.045797543656822
-0.045813763803337
-0.045830364065551
-0.045847344955536
-0.04586470699747
-0.045882450727676
-0.045900576694667
-0.045919085459188
-0.04593797759426
-0.045957253685227
-0.0459769143298
-0.045996960138109
-0.046017391732747
-0.046038209748822
-0.046059414834008
-0.046081007648598
-0.046102988865553
-0.046125359170563
-0.046148119262097
-0.046171269851461
-0.046194811662857
-0.046218745433441
-0.046243071913385
-0.046267791865934
-0.046292906067475
-0.046318415307595
-0.04634432038915
-0.046370622128329
-0.046397321354725
-0.046424418911399
-0.046451915654957
-0.046479812455613
-0.046508110197271
-0.046536809777594
-0.046565912108081
-0.046595418114144
-0.046625328735187
-0.046655644924686
-0.04668636765027
-0.046717497893805
-0.046749036651476
-0.046780984933877
-0.046813343766095
-0.0468461141878
-0.046879297253336
-0.046912894031813
-0.046946905607199
-0.046981333078422
-0.047016177559457
-0.047051440179433
-0.04708712208273
-0.047123224429083
-0.047159748393684
-0.047196695167289
-0.047234065956325
-0.047271861983001
-0.047310084485417
-0.047348734717679
-0.047387813950014
-0.047427323468886
-0.047467264577117
-0.047507638594005
-0.047548446855451
-0.047589690714081
-0.047631371539376
-0.0476734907178
-0.047716049652931
-0.047759049765597
-0.04780249249401
-0.047846379293906
-0.047890711638687
-0.047935491019559
-0.047980718945684
-0.048026396944325
-0.048072526560995
-0.048119109359613
-0.048166146922658
-0.048213640851327
-0.048261592765699
-0.048310004304893
-0.04835887712724
-0.04840821291045
-0.048458013351782
-0.048508280168223
-0.048559015096663
-0.048610219894077
-0.048661896337711
-0.048714046225265
-0.048766671375087
-0.048819773626365
-0.048873354839324
-0.048927416895428
-0.048981961697583
-0.04903699117034
-0.049092507260116
-0.049148511935396
-0.049205007186961
-0.049261995028106
-0.049319477494865
-0.049377456646243
-0.049435934564449
-0.049494913355132
-0.049554395147627
-0.049614382095197
-0.049674876375286
-0.049735880189774
-0.049797395765234
-0.049859425353201
-0.049921971230435
-0.0499850356992
-0.050048621087539
-0.050112729749556
-0.050177364065711
-0.050242526443106
-0.050308219315791
-0.050374445145063
-0.050441206419778
-0.050508505656668
-0.05057634540066
-0.050644728225205
-0.050713656732611
-0.050783133554382
-0.050853161351562
-0.050923742815093
-0.050994880666165
-0.051066577656589
-0.051138836569167
-0.051211660218067
-0.051285051449216
-0.051359013140689
-0.051433548203111
-0.051508659580068
-0.051584350248521
-0.051660623219231
-0.051737481537193
-0.051814928282075
-0.051892966568671
-0.051971599547356
-0.052050830404553
-0.052130662363213
-0.0522110986833
-0.05229214266228
-0.052373797635637
-0.052456066977379
-0.052538954100568
-0.052622462457855
-0.052706595542027
-0.052791356886563
-0.052876750066206
-0.05296277869754
-0.053049446439588
-0.05313675699441
-0.053224714107723
-0.053313321569531
-0.053402583214769
-0.053492502923953
-0.053583084623859
-0.053674332288198
-0.053766249938318
-0.053858841643918
-0.053952111523772
-0.054046063746477
-0.054140702531206
-0.054236032148491
-0.054332056921009
-0.054428781224393
-0.05452620948806
-0.054624346196054
-0.054723195887908
-0.054822763159531
-0.054923052664103
-0.055024069113
-0.055125817276736
-0.055228301985923
-0.055331528132259
-0.055435500669529
-0.055540224614639
-0.055645705048667
-0.055751947117937
-0.05585895603512
-0.055966737080362
-0.056075295602434
-0.056184637019911
-0.056294766822375
-0.056405690571652
-0.056517413903073
-0.056629942526765
-0.056743282228973
-0.056857438873416
-0.056972418402669
-0.057088226839585
-0.057204870288745
-0.057322354937947
-0.057440687059728
-0.057559873012923
-0.057679919244266
-0.057800832290024
-0.057922618777677
-0.05804528542763
-0.058168839054982
-0.058293286571323
-0.058418634986586
-0.058544891410942
-0.058672063056744
-0.058800157240515
-0.058929181384992
-0.059059143021223
-0.059190049790706
-0.0593219094476
-0.059454729860976
-0.05958851901714
-0.059723285022003
-0.059859036103528
-0.059995780614223
-0.060133527033716
-0.060272283971384
-0.060412060169064
-0.060552864503824
-0.060694705990817
-0.060837593786205
-0.060981537190165
-0.061126545649977
-0.061272628763189
-0.061419796280877
-0.061568058110986
-0.061717424321767
-0.061867905145308
-0.062019510981158
-0.062172252400061
-0.062326140147783
-0.062481185149051
-0.062637398511604
-0.062794791530354
-0.062953375691669
-0.063113162677774
-0.063274164371275
-0.063436392859823
-0.063599860440899
-0.063764579626744
-0.063930563149432
-0.064097823966086
-0.064266375264254
-0.064436230467428
-0.064607403240747
-0.064779907496846
-0.064953757401892
-0.065128967381799
-0.065305552128619
-0.065483526607141
-0.06566290606167
-0.065843706023027
-0.066025942315752
-0.06620963106553
-0.066394788706847
-0.066581431990872
-0.066769577993597
-0.066959244124214
-0.067150448133761
-0.067343208124041
-0.067537542556811
-0.067733470263269
-0.067931010453838
-0.068130182728258
-0.068331007086006
-0.068533503937044
-0.068737694112915
-0.068943598878196
-0.069151239942325
-0.06936063947181
-0.069571820102837
-0.069784804954294
-0.069999617641224
-0.070216282288719
-0.070434823546283
-0.070655266602668
-0.070877637201206
-0.07110196165567
-0.071328266866651
-0.071556580338507
-0.071786930196882
-0.072019345206825
-0.072253854791538
-0.072490489051758
-0.072729278785828
-0.072970255510451
-0.07321345148218
-0.073458899719658
-0.073706634026641
-0.073956689015844
-0.074209100133626
-0.074463903685564
-0.074721136862937
-0.074980837770175
-0.075243045453294
-0.075507799929367
-0.075775142217072
-0.076045114368362
-0.076317759501298
-0.076593121834101
-0.076871246720474
-0.077152180686232
-0.077435971467319
-0.07772266804925
-0.078012320708052
-0.078304981052758
-0.078600702069529
-0.078899538167469
-0.079201545226206
-0.079506780645321
-0.079815303395697
-0.080127174072883
-0.080442454952551
-0.080761210048149
-0.081083505170834
-0.08140940799181
-0.081738988107144
-0.082072317105214
-0.082409468636876
-0.08275051848848
-0.083095544657887
-0.083444627433589
-0.083797849477113
-0.084155295908837
-0.084517054397382
-0.084883215252757
-0.08525387152343
-0.085629119097503
-0.086009056808205
-0.086393786543891
-0.086783413362777
-0.087178045612644
-0.087577795055734
-0.087982776999123
-0.088393110430809
-0.088808918161828
-0.089230326974674
-0.089657467778364
-0.090090475770457
-0.090529490606405
-0.090974656576597
-0.091426122791489
-0.091884043375249
-0.092348577668354
-0.092819890439604
-0.093298152108052
-0.093783538975383
-0.094276233469279
-0.094776424398381
-0.095284307219462
-0.095800084317473
-0.096323965299171
-0.096856167301076
-0.097396915312542
-0.097946442514798
-0.098504990636842
-0.099072810329146
-0.099650161556185
-0.10023731400887
-0.100834547538
-0.10144215261006
-0.10206043078647
-0.10268969522792
-0.10333027122503
-0.1039824967571
-0.10464672308057
-0.1053233153489
-0.10601265326594
-0.10671513177483
-0.10743116178441
-0.10816117093587
-0.10890560441183
-0.10966492579068
-0.11043961794913
-0.11123018401596
-0.11203714838037
-0.11286105775851
-0.11370248232199
-0.11456201689253
-0.11544028220724
-0.11633792625919
-0.11725562571855
-0.11819408743981
-0.11915405006106
-0.12013628570181
-0.1211416017663
-0.12217084285995
-0.12322489282697
-0.12430467691812
-0.12541116409807
-0.12654536950285
-0.12770835705855
-0.12890124227361
-0.13012519521793
-0.13138144370322
-0.13267127668054
-0.13399604787189
-0.13535717965481
-0.13675616722035
-0.1381945830267
-0.13967408157296
-0.1411964045198
-0.14276338618634
-0.14437695945538
-0.14603916212242
-0.14775214372735
-0.14951817291157
-0.15133964534778
-0.15321909229462
-0.15515918983368
-0.15716276885266
-0.15923282584532
-0.16137253460664
-0.16358525891028
-0.16587456626527
-0.16824424286014
-0.17069830981496
-0.17324104087637
-0.17587698170658
-0.17861097093597
-0.18144816316978
-0.18439405416352
-0.18745450840903
-0.19063578940495
-0.19394459292138
-0.19738808361045
-0.20097393536296
-0.20471037586702
-0.20860623588979
-0.21267100387924
-0.216914886571
-0.22134887638918
-0.22598482655138
-0.23083553493137
-0.23591483790212
-0.24123771558194
-0.24682041014508
-0.25268055914198
-0.25883734611442
-0.26531167119918
-0.27212634490569
-0.27930630884822
-0.28687888793552
-0.29487407940072
-0.30332488513081
-0.31226769507632
-0.3217427311508
-0.33179456304517
-0.34247270988617
-0.35383234479157
-0.36593512328655
-0.37885016146453
-0.39265519598578
-0.40743796587872
-0.42329786612746
-0.44034793582919
-0.45871726012616
-0.47855388626207
-0.50002838144946
