   0.0000000e+00   2.0097848e-02  -4.4845458e-02
   5.0000000e-02   1.4302881e-02  -4.4965241e-02
   1.0000000e-01   8.7553715e-03  -4.3866422e-02
   1.5000000e-01   3.7636627e-03  -4.1678899e-02
   2.0000000e-01  -4.2023731e-04  -3.8615763e-02
   2.5000000e-01  -3.6232089e-03  -3.4950421e-02
   3.0000000e-01  -5.7646345e-03  -3.0987860e-02
   3.5000000e-01  -6.8597058e-03  -2.7033444e-02
   4.0000000e-01  -7.0123187e-03  -2.3362870e-02
   4.5000000e-01  -6.3987006e-03  -2.0196694e-02
   5.0000000e-01  -5.2439958e-03  -1.7682201e-02
   5.5000000e-01  -3.7948183e-03  -1.5884400e-02
   6.0000000e-01  -2.2911640e-03  -1.4786790e-02
   6.5000000e-01  -9.4102492e-04  -1.4301305e-02
   7.0000000e-01   9.9423851e-05  -1.4285743e-02
   7.5000000e-01   7.3800931e-04  -1.4566166e-02
   8.0000000e-01   9.5010895e-04  -1.4961217e-02
   8.5000000e-01   7.7368799e-04  -1.5305257e-02
   9.0000000e-01   2.9701970e-04  -1.5467501e-02
   9.5000000e-01  -3.5884899e-04  -1.5365025e-02
   1.0000000e+00  -1.0602659e-03  -1.4968418e-02
   1.0500000e+00  -1.6809664e-03  -1.4299875e-02
   1.1000000e+00  -2.1192736e-03  -1.3424543e-02
   1.1500000e+00  -2.3104176e-03  -1.2436770e-02
   1.2000000e+00  -2.2326695e-03  -1.1443485e-02
   1.2500000e+00  -1.9069037e-03  -1.0547207e-02
   1.3000000e+00  -1.3901210e-03  -9.8310428e-03
   1.3500000e+00  -7.6426774e-04  -9.3476410e-03
   1.4000000e+00  -1.2225560e-04  -9.1133904e-03
   1.4500000e+00   4.4663606e-04  -9.1083307e-03
   1.5000000e+00   8.6983742e-04  -9.2814158e-03
   1.5500000e+00   1.1012498e-03  -9.5600263e-03
   1.6000000e+00   1.1264759e-03  -9.8620841e-03
   1.6500000e+00   9.6302579e-04  -1.0108839e-02
   1.7000000e+00   6.5576043e-04  -1.0236411e-02
   1.7500000e+00   2.6851606e-04  -1.0204449e-02
   1.8000000e+00  -1.2664027e-04  -1.0000792e-02
   1.8500000e+00  -4.6079981e-04  -9.6416454e-03
   1.9000000e+00  -6.7851478e-04  -9.1674872e-03
   1.9500000e+00  -7.4553056e-04  -8.6355311e-03
   2.0000000e+00  -6.5291749e-04  -8.1100498e-03
   2.0500000e+00  -4.1715783e-04  -7.6521157e-03
   2.1000000e+00  -7.6368393e-05  -7.3103323e-03
   2.1500000e+00   3.1658973e-04  -7.1139076e-03
   2.2000000e+00   7.0292978e-04  -7.0690104e-03
   2.2500000e+00   1.0272631e-03  -7.1588137e-03
   2.3000000e+00   1.2459899e-03  -7.3470572e-03
   2.3500000e+00   1.3335215e-03  -7.5844339e-03
   2.4000000e+00   1.2854762e-03  -7.8167118e-03
   2.4500000e+00   1.1184866e-03  -7.9932756e-03
   2.5000000e+00   8.6678471e-04  -8.0747699e-03
   2.5500000e+00   5.7621407e-04  -8.0387071e-03
   2.6000000e+00   2.9668738e-04  -7.8822604e-03
   2.6500000e+00   7.4304862e-05  -7.6219213e-03
   2.7000000e+00  -5.5643183e-05  -7.2901900e-03
   2.7500000e+00  -7.3746362e-05  -6.9299173e-03
   2.8000000e+00   2.1093917e-05  -6.5872527e-03
   2.8500000e+00   2.1215194e-04  -6.3043343e-03
   2.9000000e+00   4.6810777e-04  -6.1128565e-03
   2.9500000e+00   7.4842772e-04  -6.0294781e-03
   3.0000000e+00   1.0099917e-03  -6.0537185e-03
   3.0500000e+00   1.2139023e-03  -6.1685831e-03
   3.1000000e+00   1.3314151e-03  -6.3437352e-03
   3.1500000e+00   1.3481022e-03  -6.5406387e-03
   3.2000000e+00   1.2656572e-03  -6.7188153e-03
   3.2500000e+00   1.1011370e-03  -6.8422097e-03
   3.3000000e+00   8.8383501e-04  -6.8846731e-03
   3.3500000e+00   6.5034248e-04  -6.8337394e-03
   3.4000000e+00   4.3861907e-04  -6.6921588e-03
   3.4500000e+00   2.8202277e-04  -6.4770150e-03
   3.5000000e+00   2.0422883e-04  -6.2166332e-03
   3.5500000e+00   2.1580302e-04  -5.9458220e-03
   3.6000000e+00   3.1291675e-04  -5.7002365e-03
   3.6500000e+00   4.7834504e-04  -5.5107649e-03
   3.7000000e+00   6.8453020e-04  -5.3988119e-03
   3.7500000e+00   8.9817835e-04  -5.3731910e-03
   3.8000000e+00   1.0856315e-03  -5.4290679e-03
   3.8500000e+00   1.2181567e-03  -5.5490653e-03
   3.9000000e+00   1.2763292e-03  -5.7063031e-03
   3.9500000e+00   1.2528476e-03  -5.8688489e-03
   4.0000000e+00   1.1533806e-03  -6.0048484e-03
   4.0500000e+00   9.9536184e-04  -6.0875183e-03
   4.1000000e+00   8.0497025e-04  -6.0992225e-03
   4.1500000e+00   6.1281325e-04  -6.0340185e-03
   4.2000000e+00   4.4901739e-04  -5.8983100e-03
   4.2500000e+00   3.3850940e-04  -5.7095486e-03
   4.3000000e+00   2.9722190e-04  -5.4932339e-03
   4.3500000e+00   3.2979649e-04  -5.2787187e-03
   4.4000000e+00   4.2911042e-04  -5.0945054e-03
   4.4500000e+00   5.7766011e-04  -4.9637804e-03
   4.5000000e+00   7.5054391e-04  -4.9008819e-03
   4.5500000e+00   9.1954136e-04  -4.9092343e-03
   4.6000000e+00   1.0576259e-03  -4.9810415e-03
   4.6500000e+00   1.1431937e-03  -5.0987493e-03
   4.7000000e+00   1.1633514e-03  -5.2380108e-03
   4.7500000e+00   1.1157665e-03  -5.3716579e-03
   4.8000000e+00   1.0088184e-03  -5.4740346e-03
   4.8500000e+00   8.6006329e-04  -5.5250041e-03
   4.9000000e+00   6.9328568e-04  -5.5130079e-03
   4.9500000e+00   5.3462908e-04  -5.4367143e-03
   5.0000000e+00   4.0843176e-04  -5.3050255e-03
   5.0500000e+00   3.3342763e-04  -5.1354742e-03
   5.1000000e+00   3.1990234e-04  -4.9512931e-03
   5.1500000e+00   3.6823358e-04  -4.7776426e-03
   5.2000000e+00   4.6901874e-04  -4.6376066e-03
   5.2500000e+00   6.0474043e-04  -4.5485900e-03
   5.3000000e+00   7.5267917e-04  -4.5196770e-03
   5.3500000e+00   8.8859219e-04  -4.5503493e-03
   5.4000000e+00   9.9056568e-04  -4.6307393e-03
   5.4500000e+00   1.0424309e-03  -4.7433532e-03
   5.5000000e+00   1.0362142e-03  -4.8659642e-03
   5.5500000e+00   9.7325243e-04  -4.9752022e-03
   5.6000000e+00   8.6382103e-04  -5.0502601e-03
   5.6500000e+00   7.2535929e-04  -5.0761331e-03
   5.7000000e+00   5.7959629e-04  -5.0458872e-03
   5.7500000e+00   4.4904888e-04  -4.9616175e-03
   5.8000000e+00   3.5345395e-04  -4.8339651e-03
   5.8500000e+00   3.0669846e-04  -4.6802949e-03
   5.9000000e+00   3.1472276e-04  -4.5218427e-03
   5.9500000e+00   3.7471184e-04  -4.3802973e-03
   6.0000000e+00   4.7568132e-04  -4.2743669e-03
   6.0500000e+00   6.0034318e-04  -4.2168707e-03
   6.1000000e+00   7.2793703e-04  -4.2128059e-03
   6.1500000e+00   8.3756495e-04  -4.2586799e-03
   6.2000000e+00   9.1149619e-04  -4.3431939e-03
   6.2500000e+00   9.3792074e-04  -4.4491473e-03
   6.3000000e+00   9.1272591e-04  -4.5562460e-03
   6.3500000e+00   8.4003029e-04  -4.6443566e-03
   6.4000000e+00   7.3140955e-04  -4.6966858e-03
   6.4500000e+00   6.0395590e-04  -4.7023855e-03
   6.5000000e+00   4.7749451e-04  -4.6581801e-03
   6.5500000e+00   3.7140897e-04  -4.5687731e-03
   6.6000000e+00   3.0158242e-04  -4.4459880e-03
   6.6500000e+00   2.7793589e-04  -4.3067955e-03
   6.7000000e+00   3.0294389e-04  -4.1705555e-03
   6.7500000e+00   3.7134799e-04  -4.0559214e-03
   6.8000000e+00   4.7109668e-04  -3.9778980e-03
   6.8500000e+00   5.8534611e-04  -3.9455178e-03
   6.9000000e+00   6.9519087e-04  -3.9604941e-03
   6.9500000e+00   7.8268341e-04  -4.0170485e-03
   7.0000000e+00   8.3366107e-04  -4.1029263e-03
   7.0500000e+00   8.3993665e-04  -4.2014221e-03
   7.1000000e+00   8.0051468e-04  -4.2940820e-03
   7.1500000e+00   7.2165417e-04  -4.3636473e-03
   7.2000000e+00   6.1578318e-04  -4.3967698e-03
   7.2500000e+00   4.9945150e-04  -4.3860735e-03
   7.3000000e+00   3.9065788e-04  -4.3312451e-03
   7.3500000e+00   3.0598216e-04  -4.2389929e-03
   7.4000000e+00   2.5797840e-04  -4.1218952e-03
   7.4500000e+00   2.5323791e-04  -3.9963349e-03
   7.5000000e+00   2.9142006e-04  -3.8798573e-03
   7.5500000e+00   3.6539213e-04  -3.7883770e-03
   7.6000000e+00   4.6244240e-04  -3.7336778e-03
   7.6500000e+00   5.6636143e-04  -3.7215960e-03
   7.7000000e+00   6.6005169e-04  -3.7511685e-03
   7.7500000e+00   7.2824636e-04  -3.8148659e-03
   7.8000000e+00   7.5990579e-04  -3.8998640e-03
   7.8500000e+00   7.4991626e-04  -3.9901371e-03
   7.9000000e+00   6.9983048e-04  -4.0690345e-03
   7.9500000e+00   6.1754388e-04  -4.1219255e-03
   8.0000000e+00   5.1597027e-04  -4.1384935e-03
   8.0500000e+00   4.1093797e-04  -4.1143213e-03
   8.1000000e+00   3.1864847e-04  -4.0515234e-03
   8.1500000e+00   2.5310480e-04  -3.9583367e-03
   8.2000000e+00   2.2391700e-04  -3.8477463e-03
   8.2500000e+00   2.3482807e-04  -3.7353743e-03
   8.3000000e+00   2.8318553e-04  -3.6369747e-03
   8.3500000e+00   3.6043207e-04  -3.5659343e-03
   8.4000000e+00   4.5352624e-04  -3.5311769e-03
   8.4500000e+00   5.4705819e-04  -3.5357962e-03
   8.5000000e+00   6.2571787e-04  -3.5766285e-03
   8.5500000e+00   6.7672099e-04  -3.6448201e-03
   8.6000000e+00   6.9180899e-04  -3.7272916e-03
   8.6500000e+00   6.6851075e-04  -3.8088552e-03
   8.7000000e+00   6.1047384e-04  -3.8746450e-03
   8.7500000e+00   5.2682269e-04  -3.9124704e-03
   8.8000000e+00   4.3065530e-04  -3.9147212e-03
   8.8500000e+00   3.3692555e-04  -3.8795275e-03
   8.9000000e+00   2.6005293e-04  -3.8109977e-03
   8.9500000e+00   2.1164110e-04  -3.7185063e-03
   9.0000000e+00   1.9866580e-04  -3.6151543e-03
   9.0500000e+00   2.2241443e-04  -3.5156544e-03
   9.1000000e+00   2.7833804e-04  -3.4339805e-03
   9.1500000e+00   3.5683006e-04  -3.3811592e-03
   9.2000000e+00   4.4479931e-04  -3.3635488e-03
   9.2500000e+00   5.2778037e-04  -3.3818754e-03
   9.3000000e+00   5.9224141e-04  -3.4311722e-03
   9.3500000e+00   6.2772201e-04  -3.5016214e-03
   9.4000000e+00   6.2846351e-04  -3.5801573e-03
   9.4500000e+00   5.9427835e-04  -3.6525699e-03
   9.5000000e+00   5.3052773e-04  -3.7057699e-03
   9.5500000e+00   4.4721938e-04  -3.7298552e-03
   9.6000000e+00   3.5737673e-04  -3.7196521e-03
   9.6500000e+00   2.7494466e-04  -3.6754932e-03
   9.7000000e+00   2.1256829e-04  -3.6031139e-03
   9.7500000e+00   1.7959798e-04  -3.5126938e-03
   9.8000000e+00   1.8063501e-04  -3.4172010e-03
   9.8500000e+00   2.1484366e-04  -3.3303086e-03
   9.9000000e+00   2.7613197e-04  -3.2642190e-03
   9.9500000e+00   3.5416482e-04  -3.2277395e-03
   1.0000000e+01   4.3604134e-04  -3.2249140e-03
   1.0050000e+01   5.0836483e-04  -3.2544228e-03
   1.0100000e+01   5.5937345e-04  -3.3098376e-03
   1.0150000e+01   5.8079311e-04  -3.3806860e-03
   1.0200000e+01   5.6912122e-04  -3.4541480e-03
   1.0250000e+01   5.2614223e-04  -3.5171109e-03
   1.0300000e+01   4.5859985e-04  -3.5582534e-03
   1.0350000e+01   3.7708502e-04  -3.5698273e-03
   1.0400000e+01   2.9432249e-04  -3.5488587e-03
   1.0450000e+01   2.2313290e-04  -3.4975797e-03
   1.0500000e+01   1.7439644e-04  -3.4230321e-03
   1.0550000e+01   1.5534107e-04  -3.3359095e-03
   1.0600000e+01   1.6842429e-04  -3.2488298e-03
   1.0650000e+01   2.1098126e-04  -3.1743164e-03
   1.0700000e+01   2.7568877e-04  -3.1228099e-03
   1.0750000e+01   3.5176499e-04  -3.1010267e-03
   1.0800000e+01   4.2670885e-04  -3.1109216e-03
   1.0850000e+01   4.8829869e-04  -3.1494146e-03
   1.0900000e+01   5.2653092e-04  -3.2089192e-03
   1.0950000e+01   5.3519150e-04  -3.2785818e-03
   1.1000000e+01   5.1281373e-04  -3.3460305e-03
   1.1050000e+01   4.6287480e-04  -3.3993516e-03
   1.1100000e+01   3.9320601e-04  -3.4289780e-03
   1.1150000e+01   3.1471598e-04  -3.4291913e-03
   1.1200000e+01   2.3963480e-04  -3.3990009e-03
   1.1250000e+01   1.7956153e-04  -3.3422659e-03
   1.1300000e+01   1.4362626e-04  -3.2670467e-03
   1.1350000e+01   1.3705793e-04  -3.1842927e-03
   1.1400000e+01   1.6038205e-04  -3.1060822e-03
   1.1450000e+01   2.0937133e-04  -3.0436955e-03
   1.1500000e+01   2.7575147e-04  -3.0058278e-03
   1.1550000e+01   3.4854468e-04  -2.9972267e-03
   1.1600000e+01   4.1583290e-04  -3.0179657e-03
   1.1650000e+01   4.6665805e-04  -3.0634655e-03
   1.1700000e+01   4.9275623e-04  -3.1252539e-03
   1.1750000e+01   4.8985196e-04  -3.1923393e-03
   1.1800000e+01   4.5830983e-04  -3.2529744e-03
   1.1850000e+01   4.0304456e-04  -3.2965277e-03
   1.1900000e+01   3.3270888e-04  -3.3151651e-03
   1.1950000e+01   2.5829319e-04  -3.3050759e-03
   1.2000000e+01   1.9136326e-04  -3.2670508e-03
   1.2050000e+01   1.4221849e-04  -3.2063248e-03
   1.2100000e+01   1.1826367e-04  -3.1317165e-03
   1.2150000e+01   1.2285144e-04  -3.0542018e-03
   1.2200000e+01   1.5477623e-04  -2.9851558e-03
   1.2250000e+01   2.0849575e-04  -2.9345422e-03
   1.2300000e+01   2.7504007e-04  -2.9093392e-03
   1.2350000e+01   3.4345942e-04  -2.9124491e-03
   1.2400000e+01   4.0257720e-04  -2.9422638e-03
   1.2450000e+01   4.4276781e-04  -2.9929489e-03
   1.2500000e+01   4.5747669e-04  -3.0553978e-03
   1.2550000e+01   4.4424271e-04  -3.1186999e-03
   1.2600000e+01   4.0506360e-04  -3.1718862e-03
   1.2650000e+01   3.4605056e-04  -3.2056728e-03
   1.2700000e+01   2.7643131e-04  -3.2139264e-03
   1.2750000e+01   2.0706394e-04  -3.1946197e-03
   1.2800000e+01   1.4870089e-04  -3.1501285e-03
   1.2850000e+01   1.1028023e-04  -3.0868269e-03
   1.2900000e+01   9.7515694e-05  -3.0140500e-03
   1.2950000e+01   1.1200768e-04  -2.9425919e-03
   1.3000000e+01   1.5101338e-04  -2.8829808e-03
   1.3050000e+01   2.0790855e-04  -2.8438066e-03
   1.3100000e+01   2.7326356e-04  -2.8303669e-03
   1.3150000e+01   3.3635902e-04  -2.8438434e-03
   1.3200000e+01   3.8689755e-04  -2.8811385e-03
   1.3250000e+01   4.1663861e-04  -2.9353921e-03
   1.3300000e+01   4.2069686e-04  -2.9970938e-03
   1.3350000e+01   3.9829976e-04  -3.0556106e-03
   1.3400000e+01   3.5288708e-04  -3.1008834e-03
   1.3450000e+01   2.9154015e-04  -3.1250233e-03
   1.3500000e+01   2.2383542e-04  -3.1235541e-03
   1.3550000e+01   1.6030778e-04  -3.0961044e-03
   1.3600000e+01   1.1077004e-04  -3.0464444e-03
   1.3650000e+01   8.2756430e-05  -2.9818631e-03
   1.3700000e+01   8.0336974e-05  -2.9119902e-03
   1.3750000e+01   1.0348908e-04  -2.8472515e-03
   1.3800000e+01   1.4812322e-04  -2.7972070e-03
   1.3850000e+01   2.0675519e-04  -2.7690349e-03
   1.3900000e+01   2.6971442e-04  -2.7664025e-03
   1.3950000e+01   3.2669361e-04  -2.7889019e-03
   1.4000000e+01   3.6839136e-04  -2.8321359e-03
   1.4050000e+01   3.8798627e-04  -2.8884385e-03
   1.4100000e+01   3.8220896e-04  -2.9481109e-03
   1.4150000e+01   3.5184373e-04  -3.0009747e-03
   1.4200000e+01   3.0158296e-04  -3.0379933e-03
   1.4250000e+01   2.3926082e-04  -3.0527031e-03
   1.4300000e+01   1.7459121e-04  -3.0422288e-03
   1.4350000e+01   1.1761315e-04  -3.0077228e-03
   1.4400000e+01   7.7092245e-05  -2.9541610e-03
   1.4450000e+01   5.9132645e-05  -2.8895330e-03
   1.4500000e+01   6.6219189e-05  -2.8235558e-03
   1.4550000e+01   9.6839855e-05  -2.7661196e-03
   1.4600000e+01   1.4574577e-04  -2.7257138e-03
   1.4650000e+01   2.0480429e-04  -2.7080827e-03
   1.4700000e+01   2.6430666e-04  -2.7153254e-03
   1.4750000e+01   3.1452007e-04  -2.7455791e-03
   1.4800000e+01   3.4723615e-04  -2.7933337e-03
   1.4850000e+01   3.5706970e-04  -2.8503265e-03
   1.4900000e+01   3.4230218e-04  -2.9068687e-03
   1.4950000e+01   3.0513803e-04  -2.9533942e-03
   1.5000000e+01   2.5133585e-04  -2.9819804e-03
   1.5050000e+01   1.8927575e-04  -2.9876016e-03
   1.5100000e+01   1.2861413e-04  -2.9689149e-03
   1.5150000e+01   7.8741367e-05  -2.9284575e-03
   1.5200000e+01   4.7288954e-05  -2.8722254e-03
   1.5250000e+01   3.8923012e-05  -2.8087035e-03
   1.5300000e+01   5.4615024e-05  -2.7475049e-03
   1.5350000e+01   9.1503539e-05  -2.6978359e-03
   1.5400000e+01   1.4336629e-04  -2.6670328e-03
   1.5450000e+01   2.0162496e-04  -2.6594026e-03
   1.5500000e+01   2.5672036e-04  -2.6755510e-03
   1.5550000e+01   2.9963788e-04  -2.7123014e-03
   1.5600000e+01   3.2333963e-04  -2.7632168e-03
   1.5650000e+01   3.2387606e-04  -2.8196376e-03
   1.5700000e+01   3.0100152e-04  -2.8720694e-03
   1.5750000e+01   2.5819784e-04  -2.9116970e-03
   1.5800000e+01   2.0210485e-04  -2.9317846e-03
   1.5850000e+01   1.4145063e-04  -2.9287389e-03
   1.5900000e+01   8.5653947e-05  -2.9026684e-03
   1.5950000e+01   4.3322547e-05  -2.8573509e-03
   1.6000000e+01   2.0886468e-05  -2.7996174e-03
   1.6050000e+01   2.1583469e-05  -2.7382526e-03
   1.6100000e+01   4.4956456e-05  -2.6825891e-03
   1.6150000e+01   8.6940868e-05  -2.6410197e-03
   1.6200000e+01   1.4052578e-04  -2.6196657e-03
   1.6250000e+01   1.9688126e-04  -2.6214108e-03
   1.6300000e+01   2.4677085e-04  -2.6454555e-03
   1.6350000e+01   2.8202323e-04  -2.6874579e-03
   1.6400000e+01   2.9682876e-04  -2.7402384e-03
   1.6450000e+01   2.8865523e-04  -2.7949337e-03
   1.6500000e+01   2.5863853e-04  -2.8424134e-03
   1.6550000e+01   2.1138808e-04  -2.8747345e-03
   1.6600000e+01   1.5424024e-04  -2.8864014e-03
   1.6650000e+01   9.6080357e-05  -2.8752318e-03
   1.6700000e+01   4.5922727e-05  -2.8426913e-03
   1.6750000e+01   1.1475166e-05  -2.7936475e-03
   1.6800000e+01  -2.0832620e-06  -2.7355824e-03
   1.6850000e+01   7.0823667e-06  -2.6773920e-03
   1.6900000e+01   3.7182633e-05  -2.6279653e-03
   1.6950000e+01   8.3101445e-05  -2.5947689e-03
   1.7000000e+01   1.3722217e-04  -2.5826636e-03
   1.7050000e+01   1.9064886e-04  -2.5931395e-03
   1.7100000e+01   2.3462697e-04  -2.6240905e-03
   1.7150000e+01   2.6193651e-04  -2.6701617e-03
   1.7200000e+01   2.6803634e-04  -2.7236132e-03
   1.7250000e+01   2.5177804e-04  -2.7755604e-03
   1.7300000e+01   2.1557733e-04  -2.8173921e-03
   1.7350000e+01   1.6501762e-04  -2.8421408e-03
   1.7400000e+01   1.0795055e-04  -2.8455863e-03
   1.7450000e+01   5.3238429e-05  -2.8269188e-03
   1.7500000e+01   9.3399572e-06  -2.7888566e-03
   1.7550000e+01  -1.7035283e-05  -2.7372018e-03
   1.7600000e+01  -2.1989496e-05  -2.6799068e-03
   1.7650000e+01  -5.0483232e-06  -2.6258007e-03
   1.7700000e+01   3.0774463e-05  -2.5831813e-03
   1.7750000e+01   7.9467793e-05  -2.5584953e-03
   1.7800000e+01   1.3298978e-04  -2.5553173e-03
   1.7850000e+01   1.8255454e-04  -2.5737900e-03
   1.7900000e+01   2.2003347e-04  -2.6106115e-03
   1.7950000e+01   2.3924763e-04  -2.6595719e-03
   1.8000000e+01   2.3694574e-04  -2.7125508e-03
   1.8050000e+01   2.1331319e-04  -2.7608163e-03
   1.8100000e+01   1.7193222e-04  -2.7964172e-03
   1.8150000e+01   1.1920145e-04  -2.8134468e-03
   1.8200000e+01   6.3308648e-05  -2.8089778e-03
   1.8250000e+01   1.2921579e-05  -2.7835197e-03
   1.8300000e+01  -2.4193779e-05  -2.7409277e-03
   1.8350000e+01  -4.2407474e-05  -2.6877795e-03
   1.8400000e+01  -3.9116202e-05  -2.6323195e-03
   1.8450000e+01  -1.5149460e-05  -2.5831417e-03
   1.8500000e+01   2.5372062e-05  -2.5478194e-03
   1.8550000e+01   7.5701795e-05  -2.5317025e-03
   1.8600000e+01   1.2754894e-04  -2.5370709e-03
   1.8650000e+01   1.7240308e-04  -2.5627797e-03
   1.8700000e+01   2.0289022e-04  -2.6044513e-03
   1.8750000e+01   2.1394421e-04  -2.6551803e-03
   1.8800000e+01   2.0360757e-04  -2.7066408e-03
   1.8850000e+01   1.7333511e-04  -2.7504156e-03
   1.8900000e+01   1.2775342e-04  -2.7793375e-03
   1.8950000e+01   7.3915722e-05  -2.7886274e-03
   1.9000000e+01   2.0172295e-05  -2.7766494e-03
   1.9050000e+01  -2.5162900e-05  -2.7451638e-03
   1.9100000e+01  -5.5136430e-05  -2.6990376e-03
   1.9150000e+01  -6.5259625e-05  -2.6454620e-03
   1.9200000e+01  -5.4217546e-05  -2.5928010e-03
   1.9250000e+01  -2.4070734e-05  -2.5492563e-03
   1.9300000e+01   2.0081146e-05  -2.5215609e-03
   1.9350000e+01   7.0918913e-05  -2.5139104e-03
   1.9400000e+01   1.2007505e-04  -2.5273003e-03
   1.9450000e+01   1.5946912e-04  -2.5593751e-03
   1.9500000e+01   1.8259434e-04  -2.6048111e-03
   1.9550000e+01   1.8555057e-04  -2.6561713e-03
   1.9600000e+01   1.6765969e-04  -2.7050953e-03
   1.9650000e+01   1.3156645e-04  -2.7436324e-03
   1.9700000e+01   8.2809737e-05  -2.7655084e-03
   1.9750000e+01   2.8933786e-05  -2.7671207e-03
   1.9800000e+01  -2.1718065e-05  -2.7481065e-03
   1.9850000e+01  -6.1334336e-05  -2.7113941e-03
   1.9900000e+01  -8.3878789e-05  -2.6627288e-03
   1.9950000e+01  -8.6048377e-05  -2.6097520e-03
   2.0000000e+01  -6.7793810e-05  -2.5607797e-03
   2.0050000e+01  -3.2320699e-05  -2.5234760e-03
   2.0100000e+01   1.4427793e-05  -2.5036335e-03
   2.0150000e+01   6.4723365e-05  -2.5042544e-03
   2.0200000e+01   1.1028745e-04  -2.5250773e-03
   2.0250000e+01   1.4361128e-04  -2.5626254e-03
   2.0300000e+01   1.5915076e-04  -2.6107670e-03
   2.0350000e+01   1.5420598e-04  -2.6616973e-03
   2.0400000e+01   1.2934594e-04  -2.7071852e-03
   2.0450000e+01   8.8311699e-05  -2.7398856e-03
   2.0500000e+01   3.7414338e-05  -2.7545081e-03
   2.0550000e+01  -1.5475384e-05  -2.7486559e-03
   2.0600000e+01  -6.2184013e-05  -2.7232027e-03
   2.0650000e+01  -9.5538309e-05  -2.6821475e-03
   2.0700000e+01  -1.1050645e-04  -2.6319712e-03
   2.0750000e+01  -1.0499602e-04  -2.5806005e-03
   2.0800000e+01  -8.0182271e-05  -2.5361411e-03
   2.0850000e+01  -4.0315200e-05  -2.5055868e-03
   2.0900000e+01   7.9629899e-06  -2.4937062e-03
   2.0950000e+01   5.6680380e-05  -2.5022869e-03
   2.1000000e+01   9.7807944e-05  -2.5298554e-03
   2.1050000e+01   1.2453914e-04  -2.5719174e-03
   2.1100000e+01   1.3237264e-04  -2.6216790e-03
   2.1150000e+01   1.1982596e-04  -2.6711329e-03
   2.1200000e+01   8.8667006e-05  -2.7123364e-03
   2.1250000e+01   4.3627211e-05  -2.7386774e-03
   2.1300000e+01  -8.3570149e-06  -2.7459257e-03
   2.1350000e+01  -5.9253103e-05  -2.7329039e-03
   2.1400000e+01  -1.0121413e-04  -2.7016706e-03
   2.1450000e+01  -1.2782918e-04  -2.6571870e-03
   2.1500000e+01  -1.3514298e-04  -2.6065227e-03
   2.1550000e+01  -1.2228286e-04  -2.5577257e-03
   2.1600000e+01  -9.1593534e-05  -2.5185381e-03
   2.1650000e+01  -4.8258945e-05  -2.4951630e-03
   2.1700000e+01   5.2773531e-07  -2.4912777e-03
   2.1750000e+01   4.6713253e-05  -2.5074510e-03
   2.1800000e+01   8.2668926e-05  -2.5410567e-03
   2.1850000e+01   1.0240596e-04  -2.5866961e-03
   2.1900000e+01   1.0252788e-04  -2.6370621e-03
   2.1950000e+01   8.2768586e-05  -2.6841065e-03
   2.2000000e+01   4.6030901e-05  -2.7203230e-03
   2.2050000e+01  -2.0799521e-06  -2.7399435e-03
   2.2100000e+01  -5.4153008e-05  -2.7398551e-03
   2.2150000e+01  -1.0215491e-04  -2.7200934e-03
   2.2200000e+01  -1.3871108e-04  -2.6838326e-03
   2.2250000e+01  -1.5828038e-04  -2.6368764e-03
   2.2300000e+01  -1.5803629e-04  -2.5867300e-03
   2.2350000e+01  -1.3831443e-04  -2.5414015e-03
   2.2400000e+01  -1.0255555e-04  -2.5081252e-03
   2.2450000e+01  -5.6753833e-05  -2.4922092e-03
   2.2500000e+01  -8.4986176e-06  -2.4961913e-03
   2.2550000e+01   3.4236973e-05  -2.5194372e-03
   2.2600000e+01   6.4367433e-05  -2.5582450e-03
   2.2650000e+01   7.6823495e-05  -2.6064384e-03
   2.2700000e+01   6.9358292e-05  -2.6563534e-03
   2.2750000e+01   4.2902870e-05  -2.7000616e-03
   2.2800000e+01   1.4148275e-06  -2.7306348e-03
   2.2850000e+01  -4.8755340e-05  -2.7432478e-03
   2.2900000e+01  -9.9878751e-05  -2.7359465e-03
   2.2950000e+01  -1.4408149e-04  -2.7099566e-03
   2.3000000e+01  -1.7460004e-04  -2.6694859e-03
   2.3050000e+01  -1.8685865e-04  -2.6210504e-03
   2.3100000e+01  -1.7919714e-04  -2.5724345e-03
   2.3150000e+01  -1.5313331e-04  -2.5314484e-03
   2.3200000e+01  -1.1311864e-04  -2.5046830e-03
   2.3250000e+01  -6.5826433e-05  -2.4964602e-03
   2.3300000e+01  -1.9086337e-05  -2.5081455e-03
   2.3350000e+01   1.9364689e-05  -2.5379321e-03
   2.3400000e+01   4.3115821e-05  -2.5811313e-03
   2.3450000e+01   4.8103548e-05  -2.6309219e-03
   2.3500000e+01   3.3258007e-05  -2.6794390e-03
   2.3550000e+01   6.7165909e-07  -2.7190287e-03
   2.3600000e+01  -4.4736267e-05  -2.7434682e-03
   2.3650000e+01  -9.6005775e-05  -2.7489570e-03
   2.3700000e+01  -1.4524699e-04  -2.7347216e-03
   2.3750000e+01  -1.8489868e-04  -2.7031372e-03
   2.3800000e+01  -2.0893368e-04  -2.6593469e-03
   2.3850000e+01  -2.1381915e-04  -2.6104406e-03
   2.3900000e+01  -1.9907867e-04  -2.5643234e-03
   2.3950000e+01  -1.6736673e-04  -2.5284546e-03
   2.4000000e+01  -1.2404405e-04  -2.5086584e-03
   2.4050000e+01  -7.6321615e-05  -2.5081961e-03
   2.4100000e+01  -3.2110009e-05  -2.5272468e-03
   2.4150000e+01   1.2423052e-06  -2.5628802e-03
   2.4200000e+01   1.8120633e-05  -2.6095249e-03
   2.4250000e+01   1.5538834e-05  -2.6598577e-03
   2.4300000e+01  -6.3852873e-06  -2.7059722e-03
   2.4350000e+01  -4.4449660e-05  -2.7406392e-03
   2.4400000e+01  -9.2879396e-05  -2.7584603e-03
   2.4450000e+01  -1.4424834e-04  -2.7567274e-03
   2.4500000e+01  -1.9066369e-04  -2.7358545e-03
   2.4550000e+01  -2.2502476e-04  -2.6993109e-03
   2.4600000e+01  -2.4215516e-04  -2.6530674e-03
   2.4650000e+01  -2.3962796e-04  -2.6046435e-03
   2.4700000e+01  -2.1815229e-04  -2.5619085e-03
   2.4750000e+01  -1.8145980e-04  -2.5318260e-03
   2.4800000e+01  -1.3570921e-04  -2.5193437e-03
   2.4850000e+01  -8.8503899e-05  -2.5266048e-03
   2.4900000e+01  -4.7679221e-05  -2.5526062e-03
   2.4950000e+01  -2.0052925e-05  -2.5933589e-03
   2.5000000e+01  -1.0337927e-05  -2.6425239e-03
   2.5050000e+01  -2.0390768e-05  -2.6924240e-03
   2.5100000e+01  -4.8915574e-05  -2.7352675e-03
   2.5150000e+01  -9.1670730e-05  -2.7643913e-03
   2.5200000e+01  -1.4214531e-04  -2.7753234e-03
   2.5250000e+01  -1.9259744e-04  -2.7664963e-03
   2.5300000e+01  -2.3528894e-04  -2.7394973e-03
   2.5350000e+01  -2.6371960e-04  -2.6988152e-03
   2.5400000e+01  -2.7366402e-04  -2.6511252e-03
   2.5450000e+01  -2.6384583e-04  -2.6042242e-03
   2.5500000e+01  -2.3614171e-04  -2.5657871e-03
   2.5550000e+01  -1.9528251e-04  -2.5421430e-03
   2.5600000e+01  -1.4809922e-04  -2.5372654e-03
   2.5650000e+01  -1.0243375e-04  -2.5521377e-03
   2.5700000e+01  -6.5888334e-05  -2.5845959e-03
   2.5750000e+01  -4.4612775e-05  -2.6296728e-03
   2.5800000e+01  -4.2323130e-05  -2.6803900e-03
   2.5850000e+01  -5.9708225e-05  -2.7288703e-03
   2.5900000e+01  -9.4318856e-05  -2.7675936e-03
   2.5950000e+01  -1.4095745e-04  -2.7905974e-03
   2.6000000e+01  -1.9250625e-04  -2.7944280e-03
   2.6050000e+01  -2.4106201e-04  -2.7786924e-03
   2.6100000e+01  -2.7919649e-04  -2.7461225e-03
   2.6150000e+01  -3.0114162e-04  -2.7021403e-03
   2.6200000e+01  -3.0371040e-04  -2.6539944e-03
   2.6250000e+01  -2.8680650e-04  -2.6096042e-03
   2.6300000e+01  -2.5344113e-04  -2.5762973e-03
   2.6350000e+01  -2.0925419e-04  -2.5596399e-03
   2.6400000e+01  -1.6161594e-04  -2.5625482e-03
   2.6450000e+01  -1.1845219e-04  -2.5848215e-03
   2.6500000e+01  -8.6980180e-05  -2.6231727e-03
   2.6550000e+01  -7.2556866e-05  -2.6717512e-03
   2.6600000e+01  -7.7823221e-05  -2.7230742e-03
   2.6650000e+01  -1.0228130e-04  -2.7692198e-03
   2.6700000e+01  -1.4237174e-04  -2.8030907e-03
   2.6750000e+01  -1.9203969e-04  -2.8195466e-03
   2.6800000e+01  -2.4369914e-04  -2.8162259e-03
   2.6850000e+01  -2.8944222e-04  -2.7939243e-03
   2.6900000e+01  -3.2230058e-04  -2.7564699e-03
   2.6950000e+01  -3.3735793e-04  -2.7101148e-03
   2.7000000e+01  -3.3253587e-04  -2.6625392e-03
   2.7050000e+01  -3.0892769e-04  -2.6216272e-03
   2.7100000e+01  -2.7062641e-04  -2.5942089e-03
   2.7150000e+01  -2.2407410e-04  -2.5849701e-03
   2.7200000e+01  -1.7703594e-04  -2.5957024e-03
   2.7250000e+01  -1.3736236e-04  -2.6250153e-03
   2.7300000e+01  -1.1173641e-04  -2.6685551e-03
   2.7350000e+01  -1.0460643e-04  -2.7196971e-03
   2.7400000e+01  -1.1747417e-04  -2.7706004e-03
   2.7450000e+01  -1.4865242e-04  -2.8134582e-03
   2.7500000e+01  -1.9353121e-04  -2.8417432e-03
   2.7550000e+01  -2.4531052e-04  -2.8512509e-03
   2.7600000e+01  -2.9608320e-04  -2.8407723e-03
   2.7650000e+01  -3.3809556e-04  -2.8122903e-03
   2.7700000e+01  -3.6498482e-04  -2.7706665e-03
   2.7750000e+01  -3.7279588e-04  -2.7228682e-03
   2.7800000e+01  -3.6061508e-04  -2.6768594e-03
   2.7850000e+01  -3.3071931e-04  -2.6403310e-03
   2.7900000e+01  -2.8821626e-04  -2.6194727e-03
   2.7950000e+01  -2.4023263e-04  -2.6179844e-03
   2.8000000e+01  -1.9477920e-04  -2.6364823e-03
   2.8050000e+01  -1.5947355e-04  -2.6723973e-03
   2.8100000e+01  -1.4032408e-04  -2.7203811e-03
   2.8150000e+01  -1.4076919e-04  -2.7731564e-03
   2.8200000e+01  -1.6112554e-04  -2.8226757e-03
   2.8250000e+01  -1.9853358e-04  -2.8614046e-03
   2.8300000e+01  -2.4740994e-04  -2.8835251e-03
   2.8350000e+01  -3.0033498e-04  -2.8858659e-03
   2.8400000e+01  -3.4923449e-04  -2.8684121e-03
   2.8450000e+01  -3.8666744e-04  -2.8343117e-03
   2.8500000e+01  -4.0701432e-04  -2.7893776e-03
   2.8550000e+01  -4.0737650e-04  -2.7411631e-03
   2.8600000e+01  -3.8804259e-04  -2.6977592e-03
   2.8650000e+01  -3.5244686e-04  -2.6665039e-03
   2.8700000e+01  -3.0662554e-04  -2.6528098e-03
   2.8750000e+01  -2.5825717e-04  -2.6592975e-03
   2.8800000e+01  -2.1543944e-04  -2.6853735e-03
   2.8850000e+01  -1.8539729e-04  -2.7273195e-03
   2.8900000e+01  -1.7332836e-04  -2.7788821e-03
   2.8950000e+01  -1.8157026e-04  -2.8322660e-03
   2.9000000e+01  -2.0922290e-04  -2.8793768e-03
   2.9050000e+01  -2.5228705e-04  -2.9131120e-03
   2.9100000e+01  -3.0429763e-04  -2.9284965e-03
   2.9150000e+01  -3.5735170e-04  -2.9234803e-03
   2.9200000e+01  -4.0336749e-04  -2.8992706e-03
   2.9250000e+01  -4.3537416e-04  -2.8601446e-03
   2.9300000e+01  -4.4862637e-04  -2.8127718e-03
   2.9350000e+01  -4.4136561e-04  -2.7651541e-03
   2.9400000e+01  -4.1510609e-04  -2.7253502e-03
   2.9450000e+01  -3.7439882e-04  -2.7001899e-03
   2.9500000e+01  -3.2611058e-04  -2.6941815e-03
   2.9550000e+01  -2.7833199e-04  -2.7087881e-03
   2.9600000e+01  -2.3908824e-04  -2.7421883e-03
   2.9650000e+01  -2.1505799e-04  -2.7895613e-03
   2.9700000e+01  -2.1050470e-04  -2.8438507e-03
   2.9750000e+01  -2.2659161e-04  -2.8968868e-03
   2.9800000e+01  -2.6119012e-04  -2.9406887e-03
   2.9850000e+01  -3.0921333e-04  -2.9687385e-03
   2.9900000e+01  -3.6342238e-04  -2.9770251e-03
   2.9950000e+01  -4.1557785e-04  -2.9646890e-03
   3.0000000e+01  -4.5775318e-04  -2.9341659e-03
   3.0050000e+01  -4.8360071e-04  -2.8908049e-03
   3.0100000e+01  -4.8936825e-04  -2.8420195e-03
   3.0150000e+01  -4.7450347e-04  -2.7961093e-03
   3.0200000e+01  -4.4174863e-04  -2.7609362e-03
   3.0250000e+01  -3.9670967e-04  -2.7426682e-03
   3.0300000e+01  -3.4696720e-04  -2.7447916e-03
   3.0350000e+01  -3.0087040e-04  -2.7675485e-03
   3.0400000e+01  -2.6620563e-04  -2.8078907e-03
   3.0450000e+01  -2.4895196e-04  -2.8599602e-03
   3.0500000e+01  -2.5232255e-04  -2.9160173e-03
   3.0550000e+01  -2.7624542e-04  -2.9676732e-03
   3.0600000e+01  -3.1736753e-04  -3.0072273e-03
   3.0650000e+01  -3.6958268e-04  -3.0288988e-03
   3.0700000e+01  -4.2500020e-04  -3.0297541e-03
   3.0750000e+01  -4.7520071e-04  -3.0101820e-03
   3.0800000e+01  -5.1257930e-04  -2.9738394e-03
   3.0850000e+01  -5.3156178e-04  -2.9270752e-03
   3.0900000e+01  -5.2949970e-04  -2.8779231e-03
   3.0950000e+01  -5.0710035e-04  -2.8348228e-03
   3.1000000e+01  -4.6832204e-04  -2.8052737e-03
   3.1050000e+01  -4.1975015e-04  -2.7946348e-03
   3.1100000e+01  -3.6955208e-04  -2.8052638e-03
   3.1150000e+01  -3.2617712e-04  -2.8361330e-03
   3.1200000e+01  -2.9700797e-04  -2.8829853e-03
   3.1250000e+01  -2.8717913e-04  -2.9390050e-03
   3.1300000e+01  -2.9875126e-04  -2.9959006e-03
   3.1350000e+01  -3.3037416e-04  -3.0452242e-03
   3.1400000e+01  -3.7749349e-04  -3.0797204e-03
   3.1450000e+01  -4.3306959e-04  -3.0944885e-03
   3.1500000e+01  -4.8869516e-04  -3.0877709e-03
   3.1550000e+01  -5.3593414e-04  -3.0612423e-03
   3.1600000e+01  -5.6766894e-04  -3.0197519e-03
   3.1650000e+01  -5.7924067e-04  -2.9705573e-03
   3.1700000e+01  -5.6920004e-04  -2.9221723e-03
   3.1750000e+01  -5.3954765e-04  -2.8830106e-03
   3.1800000e+01  -4.9542422e-04  -2.8600417e-03
   3.1850000e+01  -4.4429836e-04  -2.8576740e-03
   3.1900000e+01  -3.9478041e-04  -2.8770433e-03
   3.1950000e+01  -3.5525048e-04  -2.9158220e-03
   3.2000000e+01  -3.3251929e-04  -2.9685808e-03
   3.2050000e+01  -3.3073578e-04  -3.0276468e-03
   3.2100000e+01  -3.5071648e-04  -3.0843228e-03
   3.2150000e+01  -3.8980518e-04  -3.1302729e-03
   3.2200000e+01  -4.4228666e-04  -3.1588555e-03
   3.2250000e+01  -5.0029030e-04  -3.1661894e-03
   3.2300000e+01  -5.5504060e-04  -3.1517819e-03
   3.2350000e+01  -5.9825606e-04  -3.1186184e-03
   3.2400000e+01  -6.2347355e-04  -3.0726966e-03
   3.2450000e+01  -6.2708637e-04  -3.0220776e-03
   3.2500000e+01  -6.0892940e-04  -2.9756051e-03
   3.2550000e+01  -5.7231650e-04  -2.9414956e-03
   3.2600000e+01  -5.2352234e-04  -2.9260239e-03
   3.2650000e+01  -4.7078981e-04  -2.9325146e-03
   3.2700000e+01  -4.2301976e-04  -2.9608014e-03
   3.2750000e+01  -3.8835146e-04  -3.0072427e-03
   3.2800000e+01  -3.7286002e-04  -3.0652915e-03
   3.2850000e+01  -3.7957914e-04  -3.1265319e-03
   3.2900000e+01  -4.0800638e-04  -3.1820170e-03
   3.2950000e+01  -4.5417163e-04  -3.2236966e-03
   3.3000000e+01  -5.1125952e-04  -3.2457063e-03
   3.3050000e+01  -5.7068854e-04  -3.2453114e-03
   3.3100000e+01  -6.2347585e-04  -3.2233551e-03
   3.3150000e+01  -6.6167101e-04  -3.1841361e-03
   3.3200000e+01  -6.7962967e-04  -3.1347337e-03
   3.3250000e+01  -6.7492346e-04  -3.0838869e-03
   3.3300000e+01  -6.4873936e-04  -3.0406041e-03
   3.3350000e+01  -6.0570298e-04  -3.0127250e-03
   3.3400000e+01  -5.5315191e-04  -3.0056639e-03
   3.3450000e+01  -4.9997325e-04  -3.0215357e-03
   3.3500000e+01  -4.5518935e-04  -3.0588063e-03
   3.3550000e+01  -4.2651679e-04  -3.1125243e-03
   3.3600000e+01  -4.1912861e-04  -3.1750994e-03
   3.3650000e+01  -4.3481821e-04  -3.2375055e-03
   3.3700000e+01  -4.7170011e-04  -3.2907175e-03
   3.3750000e+01  -5.2449718e-04  -3.3271534e-03
   3.3800000e+01  -5.8537091e-04  -3.3418916e-03
   3.3850000e+01  -6.4516397e-04  -3.3334676e-03
   3.3900000e+01  -6.9485832e-04  -3.3041215e-03
   3.3950000e+01  -7.2701677e-04  -3.2594547e-03
   3.4000000e+01  -7.3697754e-04  -3.2075484e-03
   3.4050000e+01  -7.2361028e-04  -3.1576822e-03
   3.4100000e+01  -6.8951081e-04  -3.1188562e-03
   3.4150000e+01  -6.4060140e-04  -3.0983520e-03
   3.4200000e+01  -5.8519794e-04  -3.1005624e-03
   3.4250000e+01  -5.3269099e-04  -3.1262776e-03
   3.4300000e+01  -4.9204970e-04  -3.1725447e-03
   3.4350000e+01  -4.7038695e-04  -3.2331238e-03
   3.4400000e+01  -4.7181514e-04  -3.2994720e-03
   3.4450000e+01  -4.9677662e-04  -3.3620988e-03
   3.4500000e+01  -5.4195769e-04  -3.4120790e-03
   3.4550000e+01  -6.0080239e-04  -3.4424812e-03
   3.4600000e+01  -6.6454651e-04  -3.4494844e-03
   3.4650000e+01  -7.2360884e-04  -3.4330018e-03
   3.4700000e+01  -7.6911898e-04  -3.3967105e-03
   3.4750000e+01  -7.9433806e-04  -3.3474811e-03
   3.4800000e+01  -7.9574519e-04  -3.2942925e-03
   3.4850000e+01  -7.7361435e-04  -3.2468072e-03
   3.4900000e+01  -7.3198740e-04  -3.2138294e-03
   3.4950000e+01  -6.7804495e-04  -3.2018942e-03
   3.5000000e+01  -6.2097269e-04  -3.2142132e-03
   3.5050000e+01  -5.7050233e-04  -3.2501459e-03
   3.5100000e+01  -5.3535849e-04  -3.3052847e-03
   3.5150000e+01  -5.2185955e-04  -3.3721425e-03
   3.5200000e+01  -5.3289653e-04  -3.4413351e-03
   3.5250000e+01  -5.6745503e-04  -3.5030725e-03
   3.5300000e+01  -6.2075897e-04  -3.5487224e-03
   3.5350000e+01  -6.8501638e-04  -3.5721954e-03
   3.5400000e+01  -7.5065053e-04  -3.5709309e-03
   3.5450000e+01  -8.0782235e-04  -3.5463236e-03
   3.5500000e+01  -8.4800195e-04  -3.5035194e-03
   3.5550000e+01  -8.6533864e-04  -3.4506121e-03
   3.5600000e+01  -8.5760936e-04  -3.3973633e-03
   3.5650000e+01  -8.2659196e-04  -3.3536508e-03
   3.5700000e+01  -7.7780093e-04  -3.3278906e-03
   3.5750000e+01  -7.1962457e-04  -3.3256840e-03
   3.5800000e+01  -6.6199858e-04  -3.3489085e-03
   3.5850000e+01  -6.1482564e-04  -3.3953991e-03
   3.5900000e+01  -5.8639235e-04  -3.4592743e-03
   3.5950000e+01  -5.8203637e-04  -3.5318572e-03
   3.6000000e+01  -6.0327818e-04  -3.6030490e-03
   3.6050000e+01  -6.4755847e-04  -3.6629358e-03
   3.6100000e+01  -7.0862628e-04  -3.7033751e-03
   3.6150000e+01  -7.7751929e-04  -3.7193069e-03
   3.6200000e+01  -8.4398262e-04  -3.7095789e-03
   3.6250000e+01  -8.9810172e-04  -3.6771516e-03
   3.6300000e+01  -9.3188952e-04  -3.6286469e-03
   3.6350000e+01  -9.4057392e-04  -3.5733093e-03
   3.6400000e+01  -9.2337828e-04  -3.5215416e-03
   3.6450000e+01  -8.8366734e-04  -3.4832485e-03
   3.6500000e+01  -8.2843193e-04  -3.4662497e-03
   3.6550000e+01  -7.6719113e-04  -3.4750185e-03
   3.6600000e+01  -7.1048418e-04  -3.5099483e-03
   3.6650000e+01  -6.6819090e-04  -3.5672666e-03
   3.6700000e+01  -6.4794818e-04  -3.6396156e-03
   3.6750000e+01  -6.5391610e-04  -3.7172087e-03
   3.6800000e+01  -6.8609293e-04  -3.7893817e-03
   3.6850000e+01  -7.4029173e-04  -3.8462934e-03
   3.6900000e+01  -8.0878576e-04  -3.8805051e-03
   3.6950000e+01  -8.8152383e-04  -3.8881836e-03
   3.7000000e+01  -9.4772418e-04  -3.8697359e-03
   3.7050000e+01  -9.9759459e-04  -3.8297697e-03
   3.7100000e+01  -1.0239045e-03  -3.7763811e-03
   3.7150000e+01  -1.0231566e-03  -3.7198814e-03
   3.7200000e+01  -9.9616893e-04  -3.6711612e-03
   3.7250000e+01  -9.4797013e-04  -3.6399528e-03
   3.7300000e+01  -8.8702087e-04  -3.6332669e-03
   3.7350000e+01  -8.2388197e-04  -3.6542550e-03
   3.7400000e+01  -7.6953840e-04  -3.7016822e-03
   3.7450000e+01  -7.3364525e-04  -3.7700977e-03
   3.7500000e+01  -7.2297552e-04  -3.8506812e-03
   3.7550000e+01  -7.4031908e-04  -3.9326324e-03
   3.7600000e+01  -7.8401178e-04  -4.0048869e-03
   3.7650000e+01  -8.4817374e-04  -4.0578840e-03
   3.7700000e+01  -9.2362343e-04  -4.0851063e-03
   3.7750000e+01  -9.9932546e-04  -4.0841416e-03
   3.7800000e+01  -1.0641442e-03  -4.0570956e-03
   3.7850000e+01  -1.1086249e-03  -4.0102846e-03
   3.7900000e+01  -1.1265170e-03  -3.9532525e-03
   3.7950000e+01  -1.1157956e-03  -3.8972657e-03
   3.8000000e+01  -1.0790137e-03  -3.8535224e-03
   3.8050000e+01  -1.0229242e-03  -3.8313606e-03
   3.8100000e+01  -9.5742774e-04  -3.8367525e-03
   3.8150000e+01  -8.9401059e-04  -3.8713263e-03
   3.8200000e+01  -8.4391764e-04  -3.9320766e-03
   3.8250000e+01  -8.1635198e-04  -4.0118141e-03
   3.8300000e+01  -8.1698869e-04  -4.1002873e-03
   3.8350000e+01  -8.4704266e-04  -4.1858022e-03
   3.8400000e+01  -9.0304346e-04  -4.2570835e-03
   3.8450000e+01  -9.7735807e-04  -4.3050818e-03
   3.8500000e+01  -1.0593832e-03  -4.3244383e-03
   3.8550000e+01  -1.1372211e-03  -4.3143683e-03
   3.8600000e+01  -1.1995744e-03  -4.2788202e-03
   3.8650000e+01  -1.2375587e-03  -4.2258780e-03
   3.8700000e+01  -1.2461419e-03  -4.1664983e-03
   3.8750000e+01  -1.2249778e-03  -4.1127784e-03
   3.8800000e+01  -1.1784964e-03  -4.0760290e-03
   3.8850000e+01  -1.1152308e-03  -4.0649595e-03
   3.8900000e+01  -1.0464822e-03  -4.0842649e-03
   3.8950000e+01  -9.8453313e-04  -4.1338455e-03
   3.9000000e+01  -9.4068912e-04  -4.2087867e-03
   3.9050000e+01  -9.2346318e-04  -4.3001104e-03
   3.9100000e+01  -9.3719252e-04  -4.3961806e-03
   3.9150000e+01  -9.8131310e-04  -4.4845461e-03
   3.9200000e+01  -1.0504128e-03  -4.5539275e-03
   3.9250000e+01  -1.1350609e-03  -4.5960317e-03
   3.9300000e+01  -1.2232863e-03  -4.6069027e-03
   3.9350000e+01  -1.3024747e-03  -4.5875896e-03
   3.9400000e+01  -1.3613832e-03  -4.5440183e-03
   3.9450000e+01  -1.3919509e-03  -4.4860818e-03
   3.9500000e+01  -1.3906157e-03  -4.4260894e-03
   3.9550000e+01  -1.3589212e-03  -4.3768154e-03
   3.9600000e+01  -1.3033114e-03  -4.3494589e-03
   3.9650000e+01  -1.2341398e-03  -4.3518386e-03
   3.9700000e+01  -1.1640447e-03  -4.3871131e-03
   3.9750000e+01  -1.1059454e-03  -4.4532382e-03
   3.9800000e+01  -1.0709768e-03  -4.5432504e-03
   3.9850000e+01  -1.0666925e-03  -4.6463414e-03
   3.9900000e+01  -1.0958258e-03  -4.7495564e-03
   3.9950000e+01  -1.1558117e-03  -4.8398506e-03
   4.0000000e+01  -1.2391532e-03  -4.9061776e-03
   4.0050000e+01  -1.3345793e-03  -4.9412753e-03
   4.0100000e+01  -1.4288181e-03  -4.9428627e-03
   4.0150000e+01  -1.5087048e-03  -4.9140491e-03
   4.0200000e+01  -1.5632915e-03  -4.8628839e-03
   4.0250000e+01  -1.5856205e-03  -4.8011124e-03
   4.0300000e+01  -1.5738749e-03  -4.7423289e-03
   4.0350000e+01  -1.5317164e-03  -4.6998168e-03
   4.0400000e+01  -1.4677496e-03  -4.6844195e-03
   4.0450000e+01  -1.3941899e-03  -4.7027830e-03
   4.0500000e+01  -1.3249416e-03  -4.7562533e-03
   4.0550000e+01  -1.2733878e-03  -4.8406133e-03
   4.0600000e+01  -1.2502438e-03  -4.9467071e-03
   4.0650000e+01  -1.2618174e-03  -5.0618606e-03
   4.0700000e+01  -1.3089586e-03  -5.1718793e-03
   4.0750000e+01  -1.3868734e-03  -5.2633074e-03
   4.0800000e+01  -1.4858389e-03  -5.3255904e-03
   4.0850000e+01  -1.5927153e-03  -5.3527942e-03
   4.0900000e+01  -1.6930183e-03  -5.3446001e-03
   4.0950000e+01  -1.7732279e-03  -5.3064107e-03
   4.1000000e+01  -1.8229645e-03  -5.2485412e-03
   4.1050000e+01  -1.8366839e-03  -5.1846156e-03
   4.1100000e+01  -1.8146148e-03  -5.1294174e-03
   4.1150000e+01  -1.7627808e-03  -5.0965335e-03
   4.1200000e+01  -1.6920953e-03  -5.0961657e-03
   4.1250000e+01  -1.6166639e-03  -5.1334628e-03
   4.1300000e+01  -1.5515587e-03  -5.2076445e-03
   4.1350000e+01  -1.5104143e-03  -5.3120660e-03
   4.1400000e+01  -1.5032304e-03  -5.4352223e-03
   4.1450000e+01  -1.5347329e-03  -5.5625416e-03
   4.1500000e+01  -1.6035630e-03  -5.6786886e-03
   4.1550000e+01  -1.7024316e-03  -5.7700136e-03
   4.1600000e+01  -1.8192263e-03  -5.8267591e-03
   4.1650000e+01  -1.9389015e-03  -5.8446649e-03
   4.1700000e+01  -2.0458600e-03  -5.8257117e-03
   4.1750000e+01  -2.1264476e-03  -5.7778718e-03
   4.1800000e+01  -2.1711645e-03  -5.7138982e-03
   4.1850000e+01  -2.1762359e-03  -5.6493343e-03
   4.1900000e+01  -2.1442824e-03  -5.6000552e-03
   4.1950000e+01  -2.0839737e-03  -5.5797270e-03
   4.2000000e+01  -2.0087101e-03  -5.5975935e-03
   4.2050000e+01  -1.9345308e-03  -5.6569440e-03
   4.2100000e+01  -1.8775758e-03  -5.7545192e-03
   4.2150000e+01  -1.8515026e-03  -5.8809580e-03
   4.2200000e+01  -1.8652711e-03  -6.0222279e-03
   4.2250000e+01  -1.9216547e-03  -6.1618200e-03
   4.2300000e+01  -2.0167256e-03  -6.2833661e-03
   4.2350000e+01  -2.1404076e-03  -6.3732648e-03
   4.2400000e+01  -2.2780203e-03  -6.4228954e-03
   4.2450000e+01  -2.4125800e-03  -6.4300597e-03
   4.2500000e+01  -2.5274973e-03  -6.3994135e-03
   4.2550000e+01  -2.6092445e-03  -6.3418035e-03
   4.2600000e+01  -2.6495652e-03  -6.2726054e-03
   4.2650000e+01  -2.6468669e-03  -6.2093147e-03
   4.2700000e+01  -2.6065630e-03  -6.1687680e-03
   4.2750000e+01  -2.5402961e-03  -6.1644353e-03
   4.2800000e+01  -2.4641538e-03  -6.2042167e-03
   4.2850000e+01  -2.3961495e-03  -6.2891037e-03
   4.2900000e+01  -2.3533608e-03  -6.4129314e-03
   4.2950000e+01  -2.3491829e-03  -6.5632726e-03
   4.3000000e+01  -2.3911339e-03  -6.7233489e-03
   4.3050000e+01  -2.4795752e-03  -6.8746639e-03
   4.3100000e+01  -2.6075603e-03  -6.9999463e-03
   4.3150000e+01  -2.7618546e-03  -7.0859373e-03
   4.3200000e+01  -2.9249755e-03  -7.1255713e-03
   4.3250000e+01  -3.0779424e-03  -7.1191949e-03
   4.3300000e+01  -3.2033047e-03  -7.0746135e-03
   4.3350000e+01  -3.2879663e-03  -7.0059436e-03
   4.3400000e+01  -3.3253522e-03  -6.9314365e-03
   4.3450000e+01  -3.3165601e-03  -6.8706096e-03
   4.3500000e+01  -3.2702987e-03  -6.8411324e-03
   4.3550000e+01  -3.2016051e-03  -6.8559650e-03
   4.3600000e+01  -3.1295292e-03  -6.9212095e-03
   4.3650000e+01  -3.0741409e-03  -7.0350301e-03
   4.3700000e+01  -3.0533299e-03  -7.1878290e-03
   4.3750000e+01  -3.0799079e-03  -7.3636698e-03
   4.3800000e+01  -3.1594812e-03  -7.5427389e-03
   4.3850000e+01  -3.2894474e-03  -7.7044646e-03
   4.3900000e+01  -3.4592922e-03  -7.8308064e-03
   4.3950000e+01  -3.6521605e-03  -7.9091878e-03
   4.4000000e+01  -3.8474684e-03  -7.9345992e-03
   4.4050000e+01  -4.0241542e-03  -7.9105193e-03
   4.4100000e+01  -4.1640581e-03  -7.8484904e-03
   4.4150000e+01  -4.2548894e-03  -7.7663932e-03
   4.4200000e+01  -4.2923017e-03  -7.6856765e-03
   4.4250000e+01  -4.2807265e-03  -7.6279708e-03
   4.4300000e+01  -4.2328138e-03  -7.6116153e-03
   4.4350000e+01  -4.1675440e-03  -7.6486568e-03
   4.4400000e+01  -4.1072940e-03  -7.7428063e-03
   4.4450000e+01  -4.0743083e-03  -7.8886986e-03
   4.4500000e+01  -4.0871314e-03  -8.0725954e-03
   4.4550000e+01  -4.1575729e-03  -8.2744434e-03
   4.4600000e+01  -4.2886992e-03  -8.4709807e-03
   4.4650000e+01  -4.4741941e-03  -8.6394135e-03
   4.4700000e+01  -4.6992128e-03  -8.7610815e-03
   4.4750000e+01  -4.9426196e-03  -8.8245273e-03
   4.4800000e+01  -5.1802763e-03  -8.8274642e-03
   4.4850000e+01  -5.3888723e-03  -8.7773088e-03
   4.4900000e+01  -5.5496927e-03  -8.6901670e-03
   4.4950000e+01  -5.6517207e-03  -8.5884056e-03
   4.5000000e+01  -5.6935620e-03  -8.4971738e-03
   4.5050000e+01  -5.6838637e-03  -8.4404114e-03
   4.5100000e+01  -5.6401285e-03  -8.4369738e-03
   4.5150000e+01  -5.5860864e-03  -8.4974977e-03
   4.5200000e+01  -5.5480149e-03  -8.6225227e-03
   4.5250000e+01  -5.5505771e-03  -8.8021966e-03
   4.5300000e+01  -5.6128361e-03  -9.0176416e-03
   4.5350000e+01  -5.7450867e-03  -9.2437965e-03
   4.5400000e+01  -5.9470303e-03  -9.4533102e-03
   4.5450000e+01  -6.2076111e-03  -9.6208818e-03
   4.5500000e+01  -6.5065773e-03  -9.7273639e-03
   4.5550000e+01  -6.8175506e-03  -9.7629646e-03
   4.5600000e+01  -7.1121461e-03  -9.7290154e-03
   4.5650000e+01  -7.3645043e-03  -9.6379931e-03
   4.5700000e+01  -7.5555171e-03  -9.5117508e-03
   4.5750000e+01  -7.6760655e-03  -9.3782050e-03
   4.5800000e+01  -7.7287261e-03  -9.2669732e-03
   4.5850000e+01  -7.7276397e-03  -9.2046384e-03
   4.5900000e+01  -7.6965199e-03  -9.2103903e-03
   4.5950000e+01  -7.6650790e-03  -9.2927517e-03
   4.6000000e+01  -7.6644051e-03  -9.4479377e-03
   4.6050000e+01  -7.7220086e-03  -9.6601527e-03
   4.6100000e+01  -7.8573220e-03  -9.9038212e-03
   4.6150000e+01  -8.0783858e-03  -1.0147444e-02
   4.6200000e+01  -8.3802817e-03  -1.0358502e-02
   4.6250000e+01  -8.7456065e-03  -1.0508643e-02
   4.6300000e+01  -9.1469637e-03  -1.0578342e-02
   4.6350000e+01  -9.5511249e-03  -1.0560250e-02
   4.6400000e+01  -9.9242372e-03  -1.0460689e-02
   4.6450000e+01  -1.0237272e-02  -1.0298984e-02
   4.6500000e+01  -1.0470845e-02  -1.0104686e-02
   4.6550000e+01  -1.0618626e-02  -9.9130844e-03
   4.6600000e+01  -1.0688740e-02  -9.7596597e-03
   4.6650000e+01  -1.0702894e-02  -9.6743572e-03
   4.6700000e+01  -1.0693299e-02  -9.6765778e-03
   4.6750000e+01  -1.0697807e-02  -9.7717163e-03
   4.6800000e+01  -1.0754012e-02  -9.9498442e-03
   4.6850000e+01  -1.0893202e-02  -1.0186811e-02
   4.6900000e+01  -1.1135147e-02  -1.0447663e-02
   4.6950000e+01  -1.1484572e-02  -1.0691899e-02
   4.7000000e+01  -1.1929938e-02  -1.0879780e-02
   4.7050000e+01  -1.2444786e-02  -1.0978723e-02
   4.7100000e+01  -1.2991532e-02  -1.0968745e-02
   4.7150000e+01  -1.3527166e-02  -1.0846069e-02
   4.7200000e+01  -1.4010019e-02  -1.0624245e-02
   4.7250000e+01  -1.4406546e-02  -1.0332529e-02
   4.7300000e+01  -1.4697043e-02  -1.0011677e-02
   4.7350000e+01  -1.4879351e-02  -9.7077481e-03
   4.7400000e+01  -1.4969868e-02  -9.4648230e-03
   4.7450000e+01  -1.5001640e-02  -9.3177700e-03
   4.7500000e+01  -1.5019688e-02  -9.2862134e-03
   4.7550000e+01  -1.5074257e-02  -9.3707106e-03
   4.7600000e+01  -1.5212942e-02  -9.5518343e-03
   4.7650000e+01  -1.5472942e-02  -9.7924184e-03
   4.7700000e+01  -1.5874653e-02  -1.0042735e-02
   4.7750000e+01  -1.6417692e-02  -1.0247895e-02
   4.7800000e+01  -1.7080083e-02  -1.0356390e-02
   4.7850000e+01  -1.7820861e-02  -1.0328453e-02
   4.7900000e+01  -1.8585839e-02  -1.0142909e-02
   4.7950000e+01  -1.9315754e-02  -9.8013578e-03
   4.8000000e+01  -1.9955596e-02  -9.3288938e-03
   4.8050000e+01  -2.0463714e-02  -8.7711026e-03
   4.8100000e+01  -2.0819227e-02  -8.1876233e-03
   4.8150000e+01  -2.1026481e-02  -7.6431362e-03
   4.8200000e+01  -2.1115719e-02  -7.1970744e-03
   4.8250000e+01  -2.1139647e-02  -6.8936199e-03
   4.8300000e+01  -2.1166236e-02  -6.7535806e-03
   4.8350000e+01  -2.1268692e-02  -6.7695264e-03
   4.8400000e+01  -2.1514024e-02  -6.9051280e-03
   4.8450000e+01  -2.1951928e-02  -7.0990359e-03
   4.8500000e+01  -2.2605742e-02  -7.2729478e-03
   4.8550000e+01  -2.3467028e-02  -7.3428473e-03
   4.8600000e+01  -2.4494831e-02  -7.2318450e-03
   4.8650000e+01  -2.5620032e-02  -6.8827187e-03
   4.8700000e+01  -2.6754440e-02  -6.2681792e-03
   4.8750000e+01  -2.7803528e-02  -5.3971188e-03
   4.8800000e+01  -2.8681101e-02  -4.3155996e-03
   4.8850000e+01  -2.9323761e-02  -3.1020567e-03
   4.8900000e+01  -2.9702964e-02  -1.8570258e-03
   4.8950000e+01  -2.9832644e-02  -6.8854126e-04
   4.9000000e+01  -2.9770922e-02   3.0493210e-04
   4.9050000e+01  -2.9615174e-02   1.0516852e-03
   4.9100000e+01  -2.9490660e-02   1.5215467e-03
   4.9150000e+01  -2.9533852e-02   1.7359163e-03
   4.9200000e+01  -2.9872424e-02   1.7712262e-03
   4.9250000e+01  -3.0604467e-02   1.7548163e-03
   4.9300000e+01  -3.1779776e-02   1.8531962e-03
   4.9350000e+01  -3.3385927e-02   2.2537204e-03
   4.9400000e+01  -3.5341395e-02   3.1416539e-03
   4.9450000e+01  -3.7497130e-02   4.6753489e-03
   4.9500000e+01  -3.9646971e-02   6.9626474e-03
   4.9550000e+01  -4.1546148e-02   1.0041636e-02
   4.9600000e+01  -4.2935995e-02   1.3868459e-02
   4.9650000e+01  -4.3572155e-02   1.8314119e-02
   4.9700000e+01  -4.3252971e-02   2.3171129e-02
   4.9750000e+01  -4.1844608e-02   2.8169666e-02
   4.9800000e+01  -3.9299753e-02   3.3001679e-02
   4.9850000e+01  -3.5667430e-02   3.7350375e-02
   4.9900000e+01  -3.1092497e-02   4.0921765e-02
   4.9950000e+01  -2.5804626e-02   4.3474638e-02
   5.0000000e+01  -2.0097848e-02   4.4845458e-02
