-9.55343 0.0324979 0.893148
-8.73344 0.038403 0.746832
-8.04314 0.0459793 0.63376
-7.45398 0.0498572 0.544569
-6.9452 0.0597565 0.472977
-6.50139 0.0685312 0.414639
-6.11084 0.0741153 0.366474
-5.76448 0.0793377 0.326247
-5.4552 0.0867188 0.292304
-5.17735 0.0964881 0.263401
-4.92636 0.107284 0.238587
-4.6985 0.117478 0.217125
-4.49072 0.126039 0.198439
-4.30046 0.132758 0.182068
-4.12561 0.138072 0.167647
-3.96435 0.142734 0.154876
-3.81515 0.147523 0.143513
-3.67671 0.153044 0.133359
-3.54791 0.15964 0.124249
-3.42776 0.167387 0.116043
-3.31543 0.176134 0.108626
-3.21017 0.185577 0.1019
-3.11133 0.195321 0.0957816
-3.01834 0.204942 0.0902
-2.93069 0.214039 0.085094
-2.84794 0.222258 0.0804111
-2.76968 0.229314 0.0761058
-2.69556 0.235 0.0721386
-2.62525 0.239182 0.068475
-2.55847 0.241796 0.0650848
-2.49496 0.242839 0.0619414
-2.43447 0.242355 0.0590214
-2.37681 0.24043 0.0563042
-2.32177 0.237175 0.0537715
-2.26918 0.232723 0.0514068
-2.21888 0.227216 0.0491957
-2.17072 0.220802 0.047125
-2.12457 0.213628 0.0451833
-2.0803 0.205837 0.04336
-2.03779 0.197564 0.0416456
-1.99696 0.188935 0.0400317
-1.95769 0.180063 0.0385105
-1.91989 0.171053 0.0370751
-1.8835 0.161995 0.0357191
-1.84842 0.152971 0.0344369
-1.81459 0.144047 0.033223
-1.78194 0.135284 0.0320729
-1.75041 0.12673 0.030982
-1.71995 0.118424 0.0299465
-1.69049 0.110399 0.0289625
-1.662 0.102678 0.0280267
-1.63442 0.0952824 0.0271361
-1.60771 0.0882216 0.0262878
-1.58182 0.081504 0.0254791
-1.55673 0.0751345 0.0247077
-1.53239 0.0691125 0.0239711
-1.50877 0.0634338 0.0232675
-1.48584 0.0580947 0.0225949
-1.46357 0.0530868 0.0219513
-1.44192 0.0484004 0.0213353
-1.42088 0.0440258 0.0207453
-1.40042 0.0399521 0.0201798
-1.38051 0.0361654 0.0196374
-1.36113 0.0326548 0.019117
-1.34227 0.0294065 0.0186174
-1.32389 0.0264074 0.0181374
-1.30598 0.0236441 0.0176761
-1.28853 0.0211038 0.0172325
-1.27151 0.0187757 0.0168057
-1.25491 0.0166442 0.0163948
-1.23871 0.0146987 0.0159992
-1.2229 0.0129266 0.015618
-1.20747 0.0113182 0.0152505
-1.19239 0.00986214 0.0148962
-1.17767 0.00854644 0.0145543
-1.16328 0.00736201 0.0142243
-1.14922 0.00630151 0.0139057
-1.13546 0.00535316 0.0135979
-1.12201 0.00451033 0.0133005
-1.10886 0.00376349 0.0130129
-1.09598 0.00310521 0.0127349
-1.08338 0.00252928 0.0124659
-1.07105 0.00202858 0.0122055
-1.05897 0.00159685 0.0119535
-1.04714 0.00122735 0.0117094
-1.03555 0.000917123 0.0114729
-1.02419 0.000659384 0.0112437
-1.01305 0.000448211 0.0110215
-1.00214 0.00028089 0.0108061
-0.99144 0.000153511 0.0105971
-0.980944 6.01807e-05 0.0103943
-0.970648 5.64301e-07 0.0101974
-0.960546 -3.29548e-05 0.0100063
-0.950633 -4.0015e-05 0.0098207
-0.940902 -2.51338e-05 0.0096404
-0.931349 8.9438e-06 0.00946519
-0.921969 6.24408e-05 0.00929488
-0.912757 0.000129965 0.00912931
-0.903708 0.000210578 0.00896829
-0.894818 0.000302653 0.00881166
-0.886083 0.000404916 0.00865925
-0.877498 0.00051412 0.00851093
-0.869059 0.000630388 0.00836654
-0.860763 0.000751407 0.00822596
-0.852605 0.000879089 0.00808903
-0.844583 0.001007 0.00795565
-0.836692 0.00113842 0.00782569
-0.82893 0.00127104 0.00769903
-0.821293 0.00140294 0.00757556
-0.813777 0.00153511 0.00745518
-0.806381 0.00166691 0.00733779
-0.7991 0.00179606 0.00722328
-0.791933 0.00192357 0.00711156
-0.784876 0.00204932 0.00700255
-0.777927 0.00217015 0.00689616
-0.771082 0.00228741 0.0067923
-0.764341 0.0024053 0.00669089
-0.757699 0.00251688 0.00659186
-0.751156 0.00262335 0.00649514
-0.744708 0.00272478 0.00640065
-0.738353 0.00282391 0.00630833
-0.73209 0.00291912 0.00621811
-0.725916 0.00300811 0.00612992
-0.719829 0.00309173 0.00604371
-0.713828 0.0031748 0.00595942
-0.70791 0.00324884 0.00587699
-0.702073 0.00332009 0.00579637
-0.696316 0.00338747 0.0057175
-0.690637 0.00344607 0.00564034
-0.685034 0.0035025 0.00556484
-0.679507 0.00355508 0.00549094
-0.674052 0.00360055 0.00541861
-0.668669 0.00364637 0.0053478
-0.663355 0.0036836 0.00527847
-0.658111 0.00371942 0.00521057
-0.652934 0.00374755 0.00514408
-0.647822 0.00377318 0.00507894
-0.642775 0.00379363 0.00501513
-0.637791 0.00381139 0.0049526
-0.632869 0.00382674 0.00489134
-0.628008 0.00383591 0.00483129
-0.623206 0.0038443 0.00477243
-0.618463 0.00384556 0.00471473
-0.613776 0.00384549 0.00465815
-0.609146 0.00384029 0.00460268
-0.60457 0.00383368 0.00454827
-0.600049 0.00382123 0.00449491
-0.59558 0.00380963 0.00444257
-0.591163 0.0037942 0.00439122
-0.586797 0.00377496 0.00434084
-0.582481 0.00375463 0.0042914
-0.578214 0.00373332 0.00424288
-0.573995 0.00370647 0.00419525
-0.569823 0.00367742 0.0041485
-0.565697 0.00364758 0.00410261
-0.561617 0.00361506 0.00405755
-0.557582 0.00358003 0.0040133
-0.55359 0.00354652 0.00396985
-0.549642 0.00350772 0.00392718
-0.545735 0.00346852 0.00388526
-0.541871 0.00342384 0.00384408
-0.538047 0.00338298 0.00380363
-0.534263 0.00334122 0.00376388
-0.530519 0.00329662 0.00372482
-0.526813 0.00324827 0.00368644
-0.523146 0.00320368 0.00364871
-0.519515 0.00315385 0.00361163
-0.515922 0.00310777 0.00357518
-0.512365 0.00305838 0.00353935
-0.508843 0.00300492 0.00350411
-0.505356 0.00295547 0.00346947
-0.501904 0.00290615 0.0034354
-0.498485 0.0028524 0.0034019
-0.4951 0.00279618 0.00336894
-0.491747 0.00274373 0.00333653
-0.488426 0.00269275 0.00330464
-0.485137 0.00263693 0.00327328
-0.48188 0.00258293 0.00324241
-0.478652 0.00252819 0.00321204
-0.475455 0.00247512 0.00318216
-0.472288 0.00242079 0.00315275
-0.469149 0.00236905 0.00312381
-0.46604 0.00231524 0.00309532
-0.462959 0.00225843 0.00306728
-0.459905 0.00220495 0.00303967
-0.456879 0.00215022 0.00301249
-0.45388 0.00209395 0.00298573
-0.450907 0.00204273 0.00295938
-0.447961 0.0019869 0.00293344
-0.44504 0.00193881 0.00290789
-0.442145 0.00188029 0.00288272
-0.439275 0.00183576 0.00285794
-0.436429 0.0017831 0.00283352
-0.433607 0.00172647 0.00280947
-0.43081 0.00167712 0.00278578
-0.428036 0.00162389 0.00276244
-0.425285 0.00157602 0.00273944
-0.422557 0.00152894 0.00271678
-0.419851 0.00148159 0.00269446
-0.417168 0.00143024 0.00267245
-0.414506 0.00138347 0.00265077
-0.411866 0.0013351 0.00262939
-0.409247 0.00129115 0.00260833
-0.406649 0.00124119 0.00258756
-0.404072 0.00120278 0.00256709
-0.401515 0.00115324 0.00254691
-0.398978 0.00111577 0.00252701
-0.396461 0.00106861 0.0025074
-0.393963 0.00102718 0.00248806
-0.391484 0.000986457 0.00246899
-0.389025 0.00094465 0.00245018
-0.386584 0.000905631 0.00243163
-0.384161 0.000866215 0.00241334
-0.381757 0.000824361 0.0023953
-0.379371 0.000793028 0.00237751
-0.377002 0.000753337 0.00235995
-0.374651 0.000717075 0.00234264
-0.372317 0.000684425 0.00232556
-0.369999 0.000648311 0.00230871
-0.367699 0.000614016 0.00229208
-0.365415 0.000584404 0.00227568
-0.363148 0.00054713 0.00225949
-0.360896 0.000522708 0.00224352
-0.35866 0.000484298 0.00222776
-0.35644 0.000457072 0.00221221
-0.354236 0.00042994 0.00219686
-0.352047 0.000403611 0.00218172
-0.349872 0.000375183 0.00216676
-0.347713 0.000344991 0.00215201
-0.345568 0.000321054 0.00213744
-0.343438 0.000301223 0.00212306
-0.341322 0.000277402 0.00210887
-0.33922 0.000249423 0.00209485
-0.337132 0.000231654 0.00208102
-0.335058 0.000204724 0.00206736
-0.332997 0.000184478 0.00205387
-0.33095 0.000166704 0.00204056
-0.328916 0.000145889 0.00202741
-0.326895 0.000131245 0.00201442
-0.324887 0.000107813 0.0020016
-0.322892 9.65373e-05 0.00198894
-0.320909 7.5476e-05 0.00197644
-0.318939 5.96047e-05 0.00196408
-0.316981 4.48389e-05 0.00195189
-0.315035 2.90685e-05 0.00193984
-0.313101 2.03073e-05 0.00192794
-0.311179 -2.49475e-06 0.00191618
-0.309269 -8.07894e-06 0.00190457
-0.30737 -1.8082e-05 0.0018931
-0.305483 -2.94998e-05 0.00188177
-0.303606 -3.95517e-05 0.00187057
-0.301741 -4.75639e-05 0.00185951
-0.299887 -5.9012e-05 0.00184858
-0.298044 -6.44818e-05 0.00183779
-0.296212 -7.73403e-05 0.00182712
-0.29439 -8.79914e-05 0.00181658
-0.292578 -8.74774e-05 0.00180616
-0.290777 -8.81808e-05 0.00179587
-0.288987 -9.27572e-05 0.0017857
-0.287206 -0.000103093 0.00177565
-0.285435 -0.000109326 0.00176571
-0.283675 -0.000106538 0.0017559
-0.281923 -0.000115447 0.00174619
-0.280182 -0.000110089 0.0017366
-0.27845 -0.000121177 0.00172713
-0.276728 -0.000117847 0.00171776
-0.275015 -0.000120117 0.0017085
-0.273311 -0.000116351 0.00169934
-0.271616 -0.000119133 0.0016903
-0.26993 -0.000114841 0.00168135
-0.268253 -0.000118848 0.00167251
-0.266585 -0.000118082 0.00166377
-0.264926 -0.00010897 0.00165513
-0.263275 -0.000105155 0.00164659
-0.261632 -0.000109336 0.00163814
-0.259998 -9.81545e-05 0.00162979
-0.258373 -9.99709e-05 0.00162154
-0.256755 -9.54982e-05 0.00161337
-0.255146 -8.27072e-05 0.0016053
-0.253545 -8.03892e-05 0.00159732
-0.251951 -8.31445e-05 0.00158943
-0.250366 -7.13685e-05 0.00158163
-0.248788 -5.96751e-05 0.00157391
-0.247218 -6.24389e-05 0.00156628
-0.245655 -4.80201e-05 0.00155874
-0.2441 -4.15142e-05 0.00155128
-0.242553 -3.84427e-05 0.0015439
-0.241012 -2.87083e-05 0.0015366
-0.239479 -2.03771e-05 0.00152939
-0.237954 -1.61797e-05 0.00152225
-0.236435 -1.04893e-05 0.00151519
-0.234923 9.9291e-06 0.00150821
-0.233418 2.3511e-05 0.00150131
-0.231921 2.57031e-05 0.00149448
-0.230429 3.50622e-05 0.00148773
-0.228945 5.05618e-05 0.00148105
-0.227467 5.91697e-05 0.00147444
-0.225996 8.01676e-05 0.0014679
-0.224531 7.4812e-05 0.00146144
-0.223073 9.47456e-05 0.00145504
-0.221621 0.000113685 0.00144872
-0.220176 0.000115252 0.00144246
-0.218736 0.000130623 0.00143627
-0.217303 0.000140498 0.00143015
-0.215876 0.000150623 0.00142409
-0.214455 0.000168518 0.0014181
-0.21304 0.000183539 0.00141218
-0.211631 0.000188684 0.00140631
-0.210227 0.000204595 0.00140051
-0.20883 0.000220892 0.00139477
-0.207438 0.000239995 0.0013891
-0.206051 0.000246065 0.00138348
-0.204671 0.000265695 0.00137793
-0.203295 0.000281885 0.00137243
-0.201926 0.00028977 0.00136699
-0.200561 0.000303968 0.00136161
-0.199202 0.00032236 0.00135629
-0.197849 0.000328515 0.00135103
-0.1965 0.000347976 0.00134582
-0.195157 0.000356255 0.00134066
-0.193819 0.000378142 0.00133556
-0.192486 0.000389706 0.00133052
-0.191158 0.000408922 0.00132553
-0.189835 0.000429645 0.00132059
-0.188517 0.000441219 0.0013157
-0.187203 0.000447803 0.00131087
-0.185895 0.000473835 0.00130609
-0.184591 0.000486368 0.00130135
-0.183292 0.000492539 0.00129667
-0.181998 0.000509343 0.00129204
-0.180708 0.00052902 0.00128746
-0.179423 0.000551152 0.00128292
-0.178142 0.000560993 0.00127844
-0.176866 0.000579716 0.001274
-0.175594 0.000585831 0.00126961
-0.174327 0.000612712 0.00126526
-0.173064 0.000606248 0.00126096
-0.171805 0.000624308 0.00125671
-0.17055 0.000662668 0.0012525
-0.1693 0.000661184 0.00124834
-0.168054 0.000673891 0.00124422
-0.166811 0.000693433 0.00124015
-0.165573 0.000703178 0.00123611
-0.164339 0.000720085 0.00123212
-0.163109 0.00073656 0.00122818
-0.161883 0.000757765 0.00122427
-0.16066 0.000769482 0.00122041
-0.159442 0.000785499 0.00121659
-0.158227 0.000797707 0.00121281
-0.157016 0.000817089 0.00120907
-0.155809 0.000830253 0.00120537
-0.154606 0.000840936 0.00120171
-0.153406 0.000858314 0.00119809
-0.152209 0.000872789 0.00119451
-0.151017 0.000884706 0.00119097
-0.149827 0.000896857 0.00118746
-0.148642 0.000911436 0.00118399
-0.147459 0.00092529 0.00118056
-0.14628 0.000944695 0.00117717
-0.145105 0.0009534 0.00117382
-0.143933 0.000966143 0.0011705
-0.142764 0.000971333 0.00116721
-0.141598 0.000987538 0.00116397
-0.140436 0.00100384 0.00116075
-0.139277 0.00101964 0.00115758
-0.138121 0.00103632 0.00115444
-0.136968 0.00104 0.00115133
-0.135818 0.00105372 0.00114826
-0.134671 0.0010667 0.00114522
-0.133528 0.00107476 0.00114221
-0.132387 0.00108894 0.00113924
-0.131249 0.00111165 0.0011363
-0.130114 0.00110813 0.0011334
-0.128982 0.00112238 0.00113052
-0.127853 0.00114664 0.00112768
-0.126727 0.00114246 0.00112487
-0.125604 0.0011583 0.0011221
-0.124483 0.0011705 0.00111935
-0.123365 0.00117979 0.00111664
-0.12225 0.00119596 0.00111395
-0.121137 0.00119219 0.0011113
-0.120027 0.00119746 0.00110868
-0.11892 0.00122654 0.00110608
-0.117815 0.00122484 0.00110352
-0.116712 0.00123551 0.00110099
-0.115613 0.00124609 0.00109849
-0.114516 0.00125614 0.00109601
-0.113421 0.00126141 0.00109357
-0.112328 0.0012849 0.00109115
-0.111238 0.0012804 0.00108877
-0.110151 0.00129139 0.00108641
-0.109066 0.00130657 0.00108408
-0.107983 0.00130284 0.00108177
-0.106902 0.00131639 0.0010795
-0.105824 0.00132368 0.00107725
-0.104747 0.00133029 0.00107503
-0.103674 0.00134401 0.00107284
-0.102602 0.00135286 0.00107067
-0.101532 0.00135343 0.00106853
-0.100465 0.00136446 0.00106642
-0.0993993 0.00136714 0.00106433
-0.098336 0.00137551 0.00106227
-0.0972748 0.00137708 0.00106024
-0.0962155 0.00138679 0.00105823
-0.0951583 0.0013972 0.00105625
-0.094103 0.0014023 0.00105429
-0.0930497 0.00140957 0.00105236
-0.0919983 0.00140532 0.00105046
-0.0909488 0.00140759 0.00104858
-0.0899011 0.00142097 0.00104672
-0.0888553 0.00141135 0.00104489
-0.0878113 0.00143079 0.00104308
-0.0867692 0.00142862 0.0010413
-0.0857287 0.00143202 0.00103954
-0.0846901 0.00143613 0.00103781
-0.0836531 0.00144213 0.0010361
-0.0826179 0.00145306 0.00103441
-0.0815843 0.00144132 0.00103275
-0.0805523 0.00145569 0.00103111
-0.079522 0.00145124 0.00102949
-0.0784933 0.00146556 0.0010279
-0.0774662 0.00145376 0.00102633
-0.0764407 0.00146191 0.00102478
-0.0754167 0.0014475 0.00102326
-0.0743941 0.00146778 0.00102176
-0.0733731 0.00146849 0.00102028
-0.0723536 0.00146462 0.00101883
-0.0713355 0.00146727 0.00101739
-0.0703188 0.00146841 0.00101598
-0.0693035 0.00146952 0.00101459
-0.0682896 0.00145449 0.00101323
-0.067277 0.00146181 0.00101188
-0.0662658 0.00147001 0.00101056
-0.0652559 0.00146239 0.00100926
-0.0642473 0.00147896 0.00100798
-0.0632399 0.00146667 0.00100672
-0.0622338 0.00146149 0.00100548
-0.0612289 0.00146059 0.00100427
-0.0602253 0.00145563 0.00100307
-0.0592228 0.00146145 0.0010019
-0.0582215 0.00145625 0.00100075
-0.0572213 0.00146089 0.000999618
-0.0562222 0.00145059 0.000998507
-0.0552242 0.00144927 0.000997418
-0.0542274 0.00144351 0.000996349
-0.0532315 0.00144097 0.0009953
-0.0522368 0.00144632 0.000994273
-0.051243 0.00143152 0.000993265
-0.0502502 0.00144207 0.000992278
-0.0492584 0.00143497 0.000991311
-0.0482676 0.00142 0.000990364
-0.0472777 0.00141272 0.000989438
-0.0462887 0.00141343 0.000988531
-0.0453006 0.00141494 0.000987645
-0.0443134 0.00141239 0.000986778
-0.043327 0.00140743 0.000985931
-0.0423415 0.00140189 0.000985104
-0.0413568 0.00140015 0.000984297
-0.0403729 0.00138519 0.000983509
-0.0393898 0.00137922 0.000982741
-0.0384074 0.00138883 0.000981992
-0.0374258 0.00138103 0.000981263
-0.0364449 0.00137306 0.000980553
-0.0354647 0.00137652 0.000979862
-0.0344852 0.00136216 0.000979191
-0.0335063 0.00134316 0.000978539
-0.0325281 0.00133978 0.000977906
-0.0315505 0.00134812 0.000977292
-0.0305735 0.00132625 0.000976698
-0.0295971 0.00130866 0.000976122
-0.0286212 0.00132014 0.000975566
-0.0276459 0.00130678 0.000975028
-0.0266712 0.00129424 0.000974509
-0.0256969 0.00128602 0.000974009
-0.0247231 0.00127223 0.000973528
-0.0237498 0.00127867 0.000973066
-0.022777 0.00125679 0.000972623
-0.0218046 0.00125394 0.000972198
-0.0208326 0.00125196 0.000971792
-0.019861 0.00124071 0.000971405
-0.0188898 0.00123163 0.000971036
-0.0179189 0.00123187 0.000970686
-0.0169484 0.00121627 0.000970354
-0.0159782 0.0012048 0.000970041
-0.0150083 0.00120124 0.000969747
-0.0140387 0.00119373 0.000969471
-0.0130693 0.00117994 0.000969214
-0.0121002 0.00117121 0.000968975
-0.0111314 0.0011707 0.000968754
-0.0101627 0.00114417 0.000968552
-0.00919427 0.00115195 0.000968368
-0.00822598 0.00112354 0.000968203
-0.00725785 0.00111966 0.000968056
-0.00628986 0.00110962 0.000967928
-0.00532199 0.00110672 0.000967818
-0.00435422 0.00109631 0.000967726
-0.00338653 0.00107049 0.000967653
-0.0024189 0.00106425 0.000967598
-0.00145132 0.00103598 0.000967561
-0.000483771 0.00105304 0.000967543
0.000483771 0.00104277 0.000967543
0.00145132 0.00100733 0.000967561
0.0024189 0.00101251 0.000967598
0.00338653 0.000994353 0.000967653
0.00435422 0.000998587 0.000967726
0.00532199 0.000991334 0.000967818
0.00628986 0.000970393 0.000967928
0.00725785 0.000956526 0.000968056
0.00822598 0.00094035 0.000968203
0.00919427 0.000946181 0.000968368
0.0101627 0.000917888 0.000968552
0.0111314 0.000920366 0.000968754
0.0121002 0.000902812 0.000968975
0.0130693 0.000891209 0.000969214
0.0140387 0.000882169 0.000969471
0.0150083 0.000871239 0.000969747
0.0159782 0.000850777 0.000970041
0.0169484 0.000841778 0.000970354
0.0179189 0.000839458 0.000970686
0.0188898 0.000815885 0.000971036
0.019861 0.000807571 0.000971405
0.0208326 0.000795858 0.000971792
0.0218046 0.00077692 0.000972198
0.022777 0.000757081 0.000972623
0.0237498 0.00076155 0.000973066
0.0247231 0.000737056 0.000973528
0.0256969 0.000715912 0.000974009
0.0266712 0.000716174 0.000974509
0.0276459 0.000708385 0.000975028
0.0286212 0.000700323 0.000975566
0.0295971 0.000672824 0.000976122
0.0305735 0.000671718 0.000976698
0.0315505 0.000675765 0.000977292
0.0325281 0.000645517 0.000977906
0.0335063 0.000630993 0.000978539
0.0344852 0.000632138 0.000979191
0.0354647 0.000628665 0.000979862
0.0364449 0.000607366 0.000980553
0.0374258 0.000593628 0.000981263
0.0384074 0.000580772 0.000981992
0.0393898 0.000561812 0.000982741
0.0403729 0.000544916 0.000983509
0.0413568 0.000547556 0.000984297
0.0423415 0.000516318 0.000985104
0.043327 0.000518955 0.000985931
0.0443134 0.000507922 0.000986778
0.0453006 0.000493143 0.000987645
0.0462887 0.000472959 0.000988531
0.0472777 0.000458295 0.000989438
0.0482676 0.000447597 0.000990364
0.0492584 0.000448554 0.000991311
0.0502502 0.000436602 0.000992278
0.051243 0.000414472 0.000993265
0.0522368 0.000413493 0.000994273
0.0532315 0.000388498 0.0009953
0.0542274 0.000384892 0.000996349
0.0552242 0.000369865 0.000997418
0.0562222 0.000360293 0.000998507
0.0572213 0.000354178 0.000999618
0.0582215 0.000330933 0.00100075
0.0592228 0.000332085 0.0010019
0.0602253 0.000313333 0.00100307
0.0612289 0.000293345 0.00100427
0.0622338 0.00029162 0.00100548
0.0632399 0.000282333 0.00100672
0.0642473 0.000278758 0.00100798
0.0652559 0.000256518 0.00100926
0.0662658 0.000261975 0.00101056
0.067277 0.000236216 0.00101188
0.0682896 0.000221179 0.00101323
0.0693035 0.000222186 0.00101459
0.0703188 0.000213563 0.00101598
0.0713355 0.000197208 0.00101739
0.0723536 0.00019442 0.00101883
0.0733731 0.000178164 0.00102028
0.0743941 0.000178832 0.00102176
0.0754167 0.000158173 0.00102326
0.0764407 0.000147331 0.00102478
0.0774662 0.000139958 0.00102633
0.0784933 0.000143398 0.0010279
0.079522 0.000125118 0.00102949
0.0805523 0.000116328 0.00103111
0.0815843 9.33233e-05 0.00103275
0.0826179 9.72428e-05 0.00103441
0.0836531 7.94676e-05 0.0010361
0.0846901 7.66676e-05 0.00103781
0.0857287 6.88628e-05 0.00103954
0.0867692 5.90972e-05 0.0010413
0.0878113 5.13917e-05 0.00104308
0.0888553 3.40187e-05 0.00104489
0.0899011 4.15727e-05 0.00104672
0.0909488 2.27985e-05 0.00104858
0.0919983 2.44695e-05 0.00105046
0.0930497 1.57243e-05 0.00105236
0.094103 1.80869e-05 0.00105429
0.0951583 -4.89609e-06 0.00105625
0.0962155 -8.30742e-06 0.00105823
0.0972748 -1.43162e-05 0.00106024
0.098336 -1.81771e-05 0.00106227
0.0993993 -2.94913e-05 0.00106433
0.100465 -3.28667e-05 0.00106642
0.101532 -3.43987e-05 0.00106853
0.102602 -4.32211e-05 0.00107067
0.103674 -4.82482e-05 0.00107284
0.104747 -6.14517e-05 0.00107503
0.105824 -5.93607e-05 0.00107725
0.106902 -7.76427e-05 0.0010795
0.107983 -8.30945e-05 0.00108177
0.109066 -8.10301e-05 0.00108408
0.110151 -8.77582e-05 0.00108641
0.111238 -9.60895e-05 0.00108877
0.112328 -9.03888e-05 0.00109115
0.113421 -0.000101842 0.00109357
0.114516 -0.000102811 0.00109601
0.115613 -0.000100538 0.00109849
0.116712 -0.000118119 0.00110099
0.117815 -0.000111654 0.00110352
0.11892 -0.000111172 0.00110608
0.120027 -0.000132587 0.00110868
0.121137 -0.000131228 0.0011113
0.12225 -0.00012112 0.00111395
0.123365 -0.000128042 0.00111664
0.124483 -0.000144106 0.00111935
0.125604 -0.000133199 0.0011221
0.126727 -0.000136161 0.00112487
0.127853 -0.000137056 0.00112768
0.128982 -0.000140479 0.00113052
0.130114 -0.000145912 0.0011334
0.131249 -0.000136219 0.0011363
0.132387 -0.000151114 0.00113924
0.133528 -0.000150085 0.00114221
0.134671 -0.000143279 0.00114522
0.135818 -0.000138107 0.00114826
0.136968 -0.000146005 0.00115133
0.138121 -0.000136272 0.00115444
0.139277 -0.000139632 0.00115758
0.140436 -0.000140354 0.00116075
0.141598 -0.000137925 0.00116397
0.142764 -0.00014681 0.00116721
0.143933 -0.000136996 0.0011705
0.145105 -0.000141463 0.00117382
0.14628 -0.000137851 0.00117717
0.147459 -0.000133006 0.00118056
0.148642 -0.000131211 0.00118399
0.149827 -0.000127589 0.00118746
0.151017 -0.000123796 0.00119097
0.152209 -0.000119344 0.00119451
0.153406 -0.00012859 0.00119809
0.154606 -0.000119822 0.00120171
0.155809 -0.000114247 0.00120537
0.157016 -0.000113948 0.00120907
0.158227 -0.000113561 0.00121281
0.159442 -0.00010278 0.00121659
0.16066 -0.000104665 0.00122041
0.161883 -9.13933e-05 0.00122427
0.163109 -9.29251e-05 0.00122818
0.164339 -8.88389e-05 0.00123212
0.165573 -8.68894e-05 0.00123611
0.166811 -7.62942e-05 0.00124015
0.168054 -7.59215e-05 0.00124422
0.1693 -6.8378e-05 0.00124834
0.17055 -4.51781e-05 0.0012525
0.171805 -6.2953e-05 0.00125671
0.173064 -5.78879e-05 0.00126096
0.174327 -3.70001e-05 0.00126526
0.175594 -4.00005e-05 0.00126961
0.176866 -2.07879e-05 0.001274
0.178142 -1.70461e-05 0.00127844
0.179423 -4.93895e-06 0.00128292
0.180708 -1.45666e-06 0.00128746
0.181998 2.73564e-06 0.00129204
0.183292 1.06252e-05 0.00129667
0.184591 1.67973e-05 0.00130135
0.185895 3.90042e-05 0.00130609
0.187203 2.98222e-05 0.00131087
0.188517 4.56623e-05 0.0013157
0.189835 5.2772e-05 0.00132059
0.191158 6.38469e-05 0.00132553
0.192486 6.64964e-05 0.00133052
0.193819 8.35676e-05 0.00133556
0.195157 8.28016e-05 0.00134066
0.1965 0.000100551 0.00134582
0.197849 0.000105954 0.00135103
0.199202 0.000123857 0.00135629
0.200561 0.000129167 0.00136161
0.201926 0.000140594 0.00136699
0.203295 0.000155152 0.00137243
0.204671 0.000159751 0.00137793
0.206051 0.000169978 0.00138348
0.207438 0.000188522 0.0013891
0.20883 0.000195426 0.00139477
0.210227 0.000202627 0.00140051
0.211631 0.000212158 0.00140631
0.21304 0.000232283 0.00141218
0.214455 0.00023724 0.0014181
0.215876 0.000247533 0.00142409
0.217303 0.000263634 0.00143015
0.218736 0.000276928 0.00143627
0.220176 0.000284423 0.00144246
0.221621 0.000304934 0.00144872
0.223073 0.000314811 0.00145504
0.224531 0.000320966 0.00146144
0.225996 0.000349259 0.0014679
0.227467 0.000352244 0.00147444
0.228945 0.000367887 0.00148105
0.230429 0.000376207 0.00148773
0.231921 0.000389483 0.00149448
0.233418 0.00039971 0.00150131
0.234923 0.000420584 0.00150821
0.236435 0.000427073 0.00151519
0.237954 0.000436542 0.00152225
0.239479 0.000456344 0.00152939
0.241012 0.00047242 0.0015366
0.242553 0.000485715 0.0015439
0.2441 0.000503802 0.00155128
0.245655 0.000518141 0.00155874
0.247218 0.000525367 0.00156628
0.248788 0.000548281 0.00157391
0.250366 0.00055736 0.00158163
0.251951 0.00057037 0.00158943
0.253545 0.000586289 0.00159732
0.255146 0.000606899 0.0016053
0.256755 0.000611971 0.00161337
0.258373 0.000626573 0.00162154
0.259998 0.00064957 0.00162979
0.261632 0.000652615 0.00163814
0.263275 0.000673902 0.00164659
0.264926 0.000686762 0.00165513
0.266585 0.000694103 0.00166377
0.268253 0.000707153 0.00167251
0.26993 0.000730064 0.00168135
0.271616 0.000738623 0.0016903
0.273311 0.000753768 0.00169934
0.275015 0.000768953 0.0017085
0.276728 0.000779928 0.00171776
0.27845 0.000791586 0.00172713
0.280182 0.000811308 0.0017366
0.281923 0.000822604 0.00174619
0.283675 0.000840998 0.0017559
0.285435 0.000845249 0.00176571
0.287206 0.000861417 0.00177565
0.288987 0.000881926 0.0017857
0.290777 0.000886649 0.00179587
0.292578 0.000900857 0.00180616
0.29439 0.000906571 0.00181658
0.296212 0.000922242 0.00182712
0.298044 0.000940649 0.00183779
0.299887 0.000949556 0.00184858
0.301741 0.000965145 0.00185951
0.303606 0.000975905 0.00187057
0.305483 0.000988819 0.00188177
0.30737 0.000999854 0.0018931
0.309269 0.00100875 0.00190457
0.311179 0.0010136 0.00191618
0.313101 0.00103445 0.00192794
0.315035 0.00104073 0.00193984
0.316981 0.00105415 0.00195189
0.318939 0.00106404 0.00196408
0.320909 0.00106872 0.00197644
0.322892 0.00108743 0.00198894
0.324887 0.00109083 0.0020016
0.326895 0.00110527 0.00201442
0.328916 0.00111067 0.00202741
0.33095 0.00112071 0.00204056
0.332997 0.00112153 0.00205387
0.335058 0.00112968 0.00206736
0.337132 0.00114591 0.00208102
0.33922 0.00115041 0.00209485
0.341322 0.00116148 0.00210887
0.343438 0.00116831 0.00212306
0.345568 0.00117056 0.00213744
0.347713 0.00117338 0.00215201
0.349872 0.00118449 0.00216676
0.352047 0.00119043 0.00218172
0.354236 0.00119444 0.00219686
0.35644 0.00119974 0.00221221
0.35866 0.00119719 0.00222776
0.360896 0.0012114 0.00224352
0.363148 0.00120773 0.00225949
0.365415 0.00121614 0.00227568
0.367699 0.00121586 0.00229208
0.369999 0.00121889 0.00230871
0.372317 0.00122321 0.00232556
0.374651 0.00122336 0.00234264
0.377002 0.00122336 0.00235995
0.379371 0.00122573 0.00237751
0.381757 0.00121887 0.0023953
0.384161 0.00122658 0.00241334
0.386584 0.00121978 0.00243163
0.389025 0.00121873 0.00245018
0.391484 0.00122021 0.00246899
0.393963 0.00121733 0.00248806
0.396461 0.00121125 0.0025074
0.398978 0.00121465 0.00252701
0.401515 0.00120599 0.00254691
0.404072 0.00120621 0.00256709
0.406649 0.00119515 0.00258756
0.409247 0.00119334 0.00260833
0.411866 0.00118857 0.00262939
0.414506 0.00118104 0.00265077
0.417168 0.00117374 0.00267245
0.419851 0.00116899 0.00269446
0.422557 0.00116026 0.00271678
0.425285 0.00115249 0.00273944
0.428036 0.001138 0.00276244
0.43081 0.00113423 0.00278578
0.433607 0.00111972 0.00280947
0.436429 0.00111368 0.00283352
0.439275 0.00110021 0.00285794
0.442145 0.00108838 0.00288272
0.44504 0.00107889 0.00290789
0.447961 0.0010623 0.00293344
0.450907 0.00105128 0.00295938
0.45388 0.00103556 0.00298573
0.456879 0.00102497 0.00301249
0.459905 0.00100842 0.00303967
0.462959 0.000995114 0.00306728
0.46604 0.000981675 0.00309532
0.469149 0.00096339 0.00312381
0.472288 0.000945479 0.00315275
0.475455 0.000929525 0.00318216
0.478652 0.000910375 0.00321204
0.48188 0.00089292 0.00324241
0.485137 0.000873664 0.00327328
0.488426 0.000856452 0.00330464
0.491747 0.000835926 0.00333653
0.4951 0.000814678 0.00336894
0.498485 0.000798061 0.0034019
0.501904 0.000778548 0.0034354
0.505356 0.000755188 0.00346947
0.508843 0.000733182 0.00350411
0.512365 0.000716106 0.00353935
0.515922 0.000692157 0.00357518
0.519515 0.000670853 0.00361163
0.523146 0.000648553 0.00364871
0.526813 0.000624063 0.00368644
0.530519 0.000601557 0.00372482
0.534263 0.000581095 0.00376388
0.538047 0.000556059 0.00380363
0.541871 0.000531607 0.00384408
0.545735 0.000511495 0.00388526
0.549642 0.000489008 0.00392718
0.55359 0.000465436 0.00396985
0.557582 0.000441343 0.0040133
0.561617 0.000420176 0.00405755
0.565697 0.000396146 0.00410261
0.569823 0.000371427 0.0041485
0.573995 0.000349647 0.00419525
0.578214 0.000327253 0.00424288
0.582481 0.000305291 0.0042914
0.586797 0.000281675 0.00434084
0.591163 0.000260695 0.00439122
0.59558 0.000239273 0.00444257
0.600049 0.000217819 0.00449491
0.60457 0.000196636 0.00454827
0.609146 0.000177743 0.00460268
0.613776 0.000160333 0.00465815
0.618463 0.000139506 0.00471473
0.623206 0.000122338 0.00477243
0.628008 0.000104217 0.00483129
0.632869 8.65385e-05 0.00489134
0.637791 6.92165e-05 0.0049526
0.642775 5.4652e-05 0.00501513
0.647822 4.05155e-05 0.00507894
0.652934 2.8112e-05 0.00514408
0.658111 1.65986e-05 0.00521057
0.663355 3.46836e-06 0.00527847
0.668669 -6.15128e-06 0.0053478
0.674052 -1.75598e-05 0.00541861
0.679507 -2.34338e-05 0.00549094
0.685034 -3.05986e-05 0.00556484
0.690637 -3.67124e-05 0.00564034
0.696316 -3.80698e-05 0.0057175
0.702073 -4.21973e-05 0.00579637
0.70791 -4.32567e-05 0.00587699
0.713828 -4.15642e-05 0.00595942
0.719829 -4.17688e-05 0.00604371
0.725916 -3.74379e-05 0.00612992
0.73209 -3.0358e-05 0.00621811
0.738353 -2.41987e-05 0.00630833
0.744708 -1.55334e-05 0.00640065
0.751156 -3.68932e-06 0.00649514
0.757699 9.93866e-06 0.00659186
0.764341 2.27894e-05 0.00669089
0.771082 4.03214e-05 0.0067923
0.777927 5.81878e-05 0.00689616
0.784876 8.00116e-05 0.00700255
0.791933 0.000100827 0.00711156
0.7991 0.000125302 0.00722328
0.806381 0.000152397 0.00733779
0.813777 0.000180408 0.00745518
0.821293 0.000209895 0.00757556
0.82893 0.000242747 0.00769903
0.836692 0.000275676 0.00782569
0.844583 0.00031102 0.00795565
0.852605 0.000348287 0.00808903
0.860763 0.000387217 0.00822596
0.869059 0.000428275 0.00836654
0.877498 0.00047085 0.00851093
0.886083 0.000514999 0.00865925
0.894818 0.0005595 0.00881166
0.903708 0.000605073 0.00896829
0.912757 0.000651645 0.00912931
0.921969 0.000700107 0.00929488
0.931349 0.000748391 0.00946519
0.940902 0.000796994 0.0096404
0.950633 0.000847327 0.0098207
0.960546 0.000895902 0.0100063
0.970648 0.000946698 0.0101974
0.980944 0.000993835 0.0103943
0.99144 0.00104238 0.0105971
1.00214 0.00108894 0.0108061
1.01305 0.00113531 0.0110215
1.02419 0.00117952 0.0112437
1.03555 0.00122163 0.0114729
1.04714 0.0012607 0.0117094
1.05897 0.00129946 0.0119535
1.07105 0.00133484 0.0122055
1.08338 0.0013647 0.0124659
1.09598 0.0013912 0.0127349
1.10886 0.00141453 0.0130129
1.12201 0.00143277 0.0133005
1.13546 0.00144574 0.0135979
1.14922 0.00145316 0.0139057
1.16328 0.00145517 0.0142243
1.17767 0.00145196 0.0145543
1.19239 0.00144165 0.0148962
1.20747 0.00142497 0.0152505
1.2229 0.00140171 0.015618
1.23871 0.00137225 0.0159992
1.25491 0.00133498 0.0163948
1.27151 0.00129121 0.0168057
1.28853 0.00123914 0.0172325
1.30598 0.00118107 0.0176761
1.32389 0.00111697 0.0181374
1.34227 0.00104563 0.0186174
1.36113 0.000968605 0.019117
1.38051 0.000887229 0.0196374
1.40042 0.000802536 0.0201798
1.42088 0.000712983 0.0207453
1.44192 0.000622381 0.0213353
1.46357 0.000531912 0.0219513
1.48584 0.000441198 0.0225949
1.50877 0.00035316 0.0232675
1.53239 0.000269862 0.0239711
1.55673 0.000193257 0.0247077
1.58182 0.000125353 0.0254791
1.60771 6.84425e-05 0.0262878
1.63442 2.52494e-05 0.0271361
1.662 -2.9937e-06 0.0280267
1.69049 -1.23558e-05 0.0289625
1.71995 -2.07331e-06 0.0299465
1.75041 3.11568e-05 0.030982
1.78194 8.702e-05 0.0320729
1.81459 0.000168021 0.033223
1.84842 0.000273701 0.0344369
1.8835 0.000403598 0.0357191
1.91989 0.00055691 0.0370751
1.95769 0.000729827 0.0385105
1.99696 0.000918395 0.0400317
2.03779 0.00111748 0.0416456
2.0803 0.0013195 0.04336
2.12457 0.00151539 0.0451833
2.17072 0.00169484 0.047125
2.21888 0.00184645 0.0491957
2.26918 0.00195742 0.0514068
2.32177 0.00201491 0.0537715
2.37681 0.00200819 0.0563042
2.43447 0.00192754 0.0590214
2.49496 0.00176791 0.0619414
2.55847 0.00153067 0.0650848
2.62525 0.00122617 0.068475
2.69556 0.000876273 0.0721386
2.76968 0.000517155 0.0761058
2.84794 0.000201244 0.0804111
2.93069 -3.17711e-07 0.085094
3.01834 -8.80949e-07 0.0902
3.11133 0.000300185 0.0957816
3.21017 0.0010083 0.1019
3.31543 0.0022209 0.108626
3.42776 0.00400828 0.116043
3.54791 0.0063888 0.124249
3.67671 0.00930196 0.133359
3.81515 0.012584 0.143513
3.96435 0.0159563 0.154876
4.12561 0.0190411 0.167647
4.30046 0.0214193 0.182068
4.49072 0.022744 0.198439
4.6985 0.0228979 0.217125
4.92636 0.0221511 0.238587
5.17735 0.0212092 0.263401
5.4552 0.0209965 0.292304
5.76448 0.0220578 0.326247
6.11084 0.0237487 0.366474
6.50139 0.0240209 0.414639
6.9452 0.0212036 0.472977
7.45398 0.0178028 0.544569
8.04314 0.0194763 0.63376
8.73344 0.016531 0.746832
9.55343 0.0150727 0.893148
