-0.49999999999998
-0.47571501917696
-0.4542684236135
-0.4351165248504
-0.41785046283806
-0.40215794812242
-0.38779672732105
-0.37457600192821
-0.36234328309586
-0.35097499158864
-0.34036966008738
-0.33044296014699
-0.3211240207415
-0.31235267018121
-0.3040773449777
-0.29625348554686
-0.28884229110642
-0.28180974246558
-0.27512582677327
-0.26876391614717
-0.26270026477954
-0.25691359819037
-0.25138477485384
-0.24609650520333
-0.24103311653501
-0.23618035494031
-0.23152521735186
-0.22705580826513
-0.22276121682423
-0.21863141082641
-0.21465714487112
-0.21082988040416
-0.20714171582058
-0.2035853251177
-0.20015390385126
-0.19684112135832
-0.19364107838074
-0.19054826936187
-0.18755754880227
-0.18466410115434
-0.18186341381231
-0.17915125281908
-0.17652364096468
-0.1739768379962
-0.17150732269746
-0.16911177662824
-0.16678706934058
-0.16453024491297
-0.16233850966276
-0.16020922091466
-0.1581398767176
-0.15612810641509
-0.15417166198504
-0.15226841007478
-0.15041632466516
-0.14861348030494
-0.14685804586299
-0.14514827875156
-0.14348251957846
-0.14185918719074
-0.14027677407579
-0.13873384208969
-0.13722901848511
-0.13576099221412
-0.13432851048344
-0.1329303755418
-0.13156544168105
-0.13023261243417
-0.12893083795509
-0.12765911256631
-0.12641647246179
-0.12520199355352
-0.12401478945114
-0.12285400956512
-0.12171883732439
-0.12060848850055
-0.11952220963104
-0.11845927653446
-0.11741899291168
-0.11640068902705
-0.11540372046419
-0.11442746695153
-0.11347133125294
-0.11253473811931
-0.11161713329709
-0.11071798259022
-0.10983677097206
-0.10897300174425
-0.1081261957395
-0.10729589056578
-0.10648163988925
-0.10568301275375
-0.10489959293455
-0.10413097832445
-0.10337678035025
-0.10263662341795
-0.10191014438493
-0.1011969920576
-0.10049682671317
-0.099809319644085
-0.09913415272394
-0.098471017993674
-0.097819617266946
-0.09717966175366
-0.096550871700669
-0.095932976048746
-0.095325712104961
-0.094728825229672
-0.094142068537369
-0.093565202610646
-0.09299799522666
-0.092440221095415
-0.091891661609298
-0.091352104603301
-0.090821344125399
-0.090299180216581
-0.089785418700076
-0.089279870979317
-0.088782353844234
-0.088292689285464
-0.087810704316119
-0.087336230800752
-0.086869105291173
-0.086409168868818
-0.085956266993352
-0.085510249357222
-0.08507096974591
-0.084638285903595
-0.08421205940401
-0.08379215552625
-0.083378443135313
-0.082970794567166
-0.08256908551814
-0.082173194938458
-0.081783004929739
-0.081398400646274
-0.081019270199948
-0.080645504568623
-0.080276997507862
-0.079913645465838
-0.079555347501294
-0.079202005204445
-0.078853522620681
-0.078509806176967
-0.078170764610831
-0.077836308901829
-0.077506352205394
-0.077180809788969
-0.076859598970337
-0.076542639058058
-0.076229851293928
-0.075921158797396
-0.075616486511835
-0.075315761152622
-0.07501891115695
-0.074725866635289
-0.074436559324462
-0.07415092254225
-0.073868891143483
-0.073590401477555
-0.073315391347311
-0.073043799969255
-0.072775567935037
-0.072510637174155
-0.07224895091785
-0.071990453664132
-0.071735091143904
-0.071482810288149
-0.071233559196131
-0.07098728710458
-0.070743944357832
-0.070503482378879
-0.070265853641298
-0.070031011642046
-0.06979891087506
-0.069569506805668
-0.069342755845753
-0.069118615329667
-0.068897043490857
-0.068677999439177
-0.068461443138878
-0.068247335387233
-0.068035637793791
-0.067826312760232
-0.067619323460806
-0.067414633823334
-0.067212208510749
-0.067012012903178
-0.066814013080517
-0.06661817580551
-0.0664244685073
-0.066232859265446
-0.066043316794386
-0.065855810428325
-0.065670310106556
-0.065486786359174
-0.06530521029319
-0.065125553579026
-0.064947788437369
-0.064771887626399
-0.064597824429342
-0.06442557264238
-0.064255106562872
-0.064086400977892
-0.063919431153075
-0.06375417282176
-0.063590602174419
-0.063428695848362
-0.063268430917715
-0.063109784883661
-0.06295273566493
-0.062797261588545
-0.062643341380797
-0.062490954158458
-0.062340079420221
-0.062190697038352
-0.062042787250566
-0.061896330652095
-0.061751308187968
-0.061607701145484
-0.061465491146863
-0.061324660142099
-0.061185190401975
-0.061047064511261
-0.060910265362076
-0.060774776147416
-0.060640580354839
-0.060507661760306
-0.060376004422174
-0.060245592675331
-0.060116411125476
-0.059988444643538
-0.059861678360224
-0.059736097660706
-0.059611688179429
-0.059488435795044
-0.059366326625462
-0.059245347023025
-0.059125483569792
-0.059006723072931
-0.058889052560228
-0.058772459275688
-0.058656930675255
-0.058542454422615
-0.058429018385105
-0.058316610629717
-0.05820521941919
-0.058094833208192
-0.057985440639589
-0.057877030540806
-0.057769591920256
-0.057663113963866
-0.057557586031669
-0.05745299765448
-0.057349338530642
-0.057246598522845
-0.057144767655024
-0.057043836109309
-0.056943794223063
-0.056844632485967
-0.056746341537181
-0.056648912162562
-0.056552335291946
-0.056456601996485
-0.056361703486047
-0.056267631106664
-0.056174376338051
-0.056081930791156
-0.055990286205788
-0.055899434448264
-0.055809367509147
-0.055720077500995
-0.055631556656177
-0.055543797324731
-0.05545679197227
-0.055370533177921
-0.055285013632326
-0.055200226135667
-0.055116163595744
-0.055032819026083
-0.054950185544096
-0.054868256369265
-0.054787024821377
-0.054706484318781
-0.054626628376698
-0.054547450605545
-0.054468944709315
-0.05439110448397
-0.054313923815884
-0.054237396680303
-0.054161517139844
-0.054086279343025
-0.054011677522822
-0.05393770599525
-0.053864359157986
-0.053791631489002
-0.05371951754524
-0.053648011961306
-0.05357710944819
-0.053506804792013
-0.053437092852799
-0.053367968563268
-0.053299426927657
-0.053231463020561
-0.053164071985797
-0.05309724903529
-0.053030989447982
-0.052965288568762
-0.052900141807413
-0.052835544637583
-0.052771492595778
-0.052707981280365
-0.052645006350607
-0.052582563525703
-0.052520648583857
-0.052459257361358
-0.052398385751683
-0.052338029704609
-0.052278185225351
-0.052218848373709
-0.052160015263234
-0.05210168206041
-0.052043844983851
-0.051986500303511
-0.05192964433991
-0.051873273463377
-0.051817384093304
-0.051761972697411
-0.051707035791031
-0.051652569936406
-0.051598571741991
-0.05154503786178
-0.051491964994633
-0.051439349883627
-0.051387189315409
-0.051335480119568
-0.051284219168012
-0.051233403374364
-0.05118302969336
-0.051133095120265
-0.051083596690296
-0.051034531478057
-0.050985896596983
-0.050937689198792
-0.050889906472954
-0.050842545646161
-0.050795603981811
-0.050749078779499
-0.050702967374523
-0.050657267137386
-0.050611975473324
-0.050567089821824
-0.050522607656169
-0.050478526482973
-0.050434843841739
-0.050391557304417
-0.05034866447497
-0.05030616298895
-0.050264050513082
-0.050222324744849
-0.050180983412098
-0.050140024272631
-0.050099445113829
-0.050059243752261
-0.05001941803331
-0.049979965830806
-0.049940885046662
-0.049902173610516
-0.049863829479383
-0.04982585063731
-0.049788235095035
-0.049750980889659
-0.049714086084316
-0.049677548767854
-0.049641367054516
-0.049605539083633
-0.049570063019319
-0.04953493705017
-0.04950015938897
-0.049465728272402
-0.049431641960763
-0.049397898737686
-0.049364496909861
-0.049331434806772
-0.049298710780426
-0.049266323205093
-0.049234270477052
-0.049202551014337
-0.04917116325649
-0.049140105664318
-0.049109376719653
-0.049078974925118
-0.049048898803895
-0.0490191468995
-0.048989717775554
-0.048960610015574
-0.048931822222746
-0.048903353019722
-0.048875201048409
-0.04884736496976
-0.048819843463582
-0.048792635228332
-0.048765738980922
-0.048739153456535
-0.048712877408431
-0.048686909607767
-0.048661248843412
-0.048635893921774
-0.048610843666625
-0.048586096918923
-0.048561652536654
-0.048537509394656
-0.048513666384465
-0.048490122414149
-0.048466876408156
-0.048443927307155
-0.048421274067891
-0.048398915663029
-0.048376851081017
-0.048355079325934
-0.048333599417354
-0.048312410390209
-0.048291511294651
-0.048270901195917
-0.048250579174207
-0.048230544324544
-0.048210795756659
-0.048191332594861
-0.048172153977917
-0.048153259058936
-0.04813464700525
-0.048116316998301
-0.048098268233529
-0.048080499920258
-0.048063011281598
-0.048045801554327
-0.048028869988799
-0.048012215848835
-0.047995838411626
-0.047979736967636
-0.047963910820507
-0.047948359286965
-0.047933081696727
-0.047918077392414
-0.047903345729464
-0.047888886076043
-0.047874697812962
-0.047860780333598
-0.047847133043809
-0.047833755361862
-0.047820646718348
-0.047807806556115
-0.04779523433019
-0.047782929507709
-0.047770891567848
-0.047759120001754
-0.04774761431248
-0.047736374014917
-0.047725398635736
-0.047714687713322
-0.047704240797717
-0.047694057450559
-0.047684137245031
-0.047674479765798
-0.047665084608959
-0.047655951381996
-0.047647079703717
-0.047638469204215
-0.047630119524814
-0.047622030318028
-0.047614201247514
-0.04760663198803
-0.04759932222539
-0.047592271656432
-0.04758547998897
-0.047578946941764
-0.047572672244481
-0.047566655637659
-0.04756089687268
-0.047555395711732
-0.047550151927781
-0.047545165304547
-0.047540435636469
-0.047535962728683
-0.047531746396998
-0.047527786467872
-0.047524082778388
-0.047520635176237
-0.047517443519697
-0.047514507677615
-0.04751182752939
-0.047509402964961
-0.047507233884789
-0.047505320199845
-0.047503661831604
-0.047502258712027
-0.047501110783559
-0.04750021799912
-0.047499580322097
-0.047499197726342
-0.047499070196166
-0.047499197726342
-0.047499580322097
-0.04750021799912
-0.047501110783559
-0.047502258712027
-0.047503661831604
-0.047505320199845
-0.047507233884789
-0.047509402964961
-0.04751182752939
-0.047514507677615
-0.047517443519697
-0.047520635176237
-0.047524082778388
-0.047527786467872
-0.047531746396998
-0.047535962728683
-0.047540435636469
-0.047545165304547
-0.047550151927782
-0.047555395711731
-0.04756089687268
-0.047566655637659
-0.047572672244481
-0.047578946941764
-0.04758547998897
-0.047592271656432
-0.04759932222539
-0.04760663198803
-0.047614201247514
-0.047622030318028
-0.047630119524814
-0.047638469204214
-0.047647079703717
-0.047655951381995
-0.047665084608959
-0.047674479765797
-0.047684137245031
-0.047694057450559
-0.047704240797716
-0.047714687713322
-0.047725398635736
-0.047736374014917
-0.04774761431248
-0.047759120001754
-0.047770891567848
-0.047782929507709
-0.04779523433019
-0.047807806556115
-0.047820646718348
-0.047833755361862
-0.04784713304381
-0.047860780333598
-0.047874697812962
-0.047888886076043
-0.047903345729464
-0.047918077392414
-0.047933081696727
-0.047948359286965
-0.047963910820507
-0.047979736967636
-0.047995838411626
-0.048012215848835
-0.048028869988799
-0.048045801554328
-0.048063011281598
-0.048080499920259
-0.048098268233529
-0.048116316998302
-0.048134647005251
-0.048153259058936
-0.048172153977917
-0.048191332594861
-0.048210795756659
-0.048230544324545
-0.048250579174207
-0.048270901195918
-0.048291511294651
-0.048312410390209
-0.048333599417354
-0.048355079325934
-0.048376851081017
-0.048398915663029
-0.048421274067891
-0.048443927307155
-0.048466876408156
-0.048490122414149
-0.048513666384465
-0.048537509394656
-0.048561652536654
-0.048586096918923
-0.048610843666625
-0.048635893921774
-0.048661248843412
-0.048686909607766
-0.048712877408431
-0.048739153456535
-0.048765738980922
-0.048792635228332
-0.048819843463582
-0.04884736496976
-0.048875201048408
-0.048903353019722
-0.048931822222746
-0.048960610015573
-0.048989717775554
-0.049019146899499
-0.049048898803895
-0.049078974925118
-0.049109376719653
-0.049140105664317
-0.04917116325649
-0.049202551014337
-0.049234270477052
-0.049266323205093
-0.049298710780426
-0.049331434806772
-0.049364496909861
-0.049397898737685
-0.049431641960763
-0.049465728272402
-0.04950015938897
-0.04953493705017
-0.049570063019319
-0.049605539083633
-0.049641367054516
-0.049677548767854
-0.049714086084316
-0.049750980889659
-0.049788235095035
-0.04982585063731
-0.049863829479383
-0.049902173610516
-0.049940885046662
-0.049979965830806
-0.05001941803331
-0.050059243752261
-0.050099445113829
-0.050140024272631
-0.050180983412098
-0.05022232474485
-0.050264050513081
-0.05030616298895
-0.05034866447497
-0.050391557304417
-0.050434843841739
-0.050478526482973
-0.050522607656169
-0.050567089821824
-0.050611975473324
-0.050657267137386
-0.050702967374523
-0.0507490787795
-0.050795603981811
-0.050842545646161
-0.050889906472954
-0.050937689198792
-0.050985896596983
-0.051034531478058
-0.051083596690297
-0.051133095120265
-0.05118302969336
-0.051233403374364
-0.051284219168012
-0.051335480119568
-0.051387189315409
-0.051439349883627
-0.051491964994633
-0.05154503786178
-0.051598571741991
-0.051652569936406
-0.051707035791031
-0.051761972697411
-0.051817384093304
-0.051873273463378
-0.05192964433991
-0.051986500303511
-0.052043844983851
-0.052101682060411
-0.052160015263234
-0.05221884837371
-0.052278185225352
-0.05233802970461
-0.052398385751683
-0.052459257361359
-0.052520648583857
-0.052582563525703
-0.052645006350607
-0.052707981280366
-0.052771492595778
-0.052835544637583
-0.052900141807413
-0.052965288568762
-0.053030989447983
-0.05309724903529
-0.053164071985797
-0.053231463020561
-0.053299426927657
-0.053367968563268
-0.053437092852799
-0.053506804792013
-0.05357710944819
-0.053648011961306
-0.05371951754524
-0.053791631489002
-0.053864359157986
-0.053937705995251
-0.054011677522822
-0.054086279343025
-0.054161517139844
-0.054237396680303
-0.054313923815884
-0.054391104483971
-0.054468944709315
-0.054547450605545
-0.054626628376698
-0.054706484318781
-0.054787024821377
-0.054868256369265
-0.054950185544096
-0.055032819026083
-0.055116163595744
-0.055200226135668
-0.055285013632326
-0.055370533177921
-0.055456791972269
-0.055543797324731
-0.055631556656176
-0.055720077500994
-0.055809367509146
-0.055899434448264
-0.055990286205787
-0.056081930791158
-0.056174376338053
-0.056267631106666
-0.056361703486049
-0.056456601996487
-0.056552335291948
-0.056648912162564
-0.056746341537183
-0.056844632485969
-0.056943794223065
-0.057043836109311
-0.057144767655026
-0.057246598522847
-0.057349338530644
-0.057452997654482
-0.057557586031671
-0.057663113963868
-0.057769591920258
-0.057877030540808
-0.057985440639591
-0.058094833208194
-0.058205219419192
-0.058316610629719
-0.058429018385107
-0.058542454422616
-0.058656930675257
-0.05877245927569
-0.058889052560229
-0.059006723072933
-0.059125483569794
-0.059245347023028
-0.059366326625464
-0.059488435795046
-0.059611688179431
-0.059736097660708
-0.059861678360226
-0.05998844464354
-0.060116411125478
-0.060245592675333
-0.060376004422176
-0.060507661760308
-0.060640580354841
-0.060774776147418
-0.060910265362077
-0.061047064511263
-0.061185190401977
-0.061324660142101
-0.061465491146865
-0.061607701145485
-0.06175130818797
-0.061896330652096
-0.062042787250567
-0.062190697038354
-0.062340079420222
-0.06249095415846
-0.062643341380799
-0.062797261588547
-0.062952735664932
-0.063109784883662
-0.063268430917717
-0.063428695848364
-0.063590602174421
-0.063754172821762
-0.063919431153076
-0.064086400977893
-0.064255106562874
-0.064425572642382
-0.064597824429343
-0.0647718876264
-0.064947788437371
-0.065125553579028
-0.065305210293192
-0.065486786359175
-0.065670310106557
-0.065855810428327
-0.066043316794388
-0.066232859265448
-0.066424468507302
-0.066618175805512
-0.066814013080519
-0.06701201290318
-0.067212208510751
-0.067414633823336
-0.067619323460808
-0.067826312760234
-0.068035637793793
-0.068247335387235
-0.06846144313888
-0.06867799943918
-0.068897043490859
-0.069118615329669
-0.069342755845755
-0.069569506805669
-0.069798910875062
-0.070031011642048
-0.0702658536413
-0.070503482378881
-0.070743944357835
-0.070987287104582
-0.071233559196132
-0.071482810288151
-0.071735091143906
-0.071990453664133
-0.072248950917851
-0.072510637174156
-0.072775567935038
-0.073043799969256
-0.073315391347312
-0.073590401477556
-0.073868891143485
-0.074150922542251
-0.074436559324463
-0.07472586663529
-0.075018911156951
-0.075315761152624
-0.075616486511836
-0.075921158797398
-0.07622985129393
-0.076542639058059
-0.076859598970339
-0.077180809788971
-0.077506352205396
-0.077836308901831
-0.078170764610832
-0.078509806176969
-0.078853522620683
-0.079202005204447
-0.079555347501296
-0.079913645465839
-0.080276997507864
-0.080645504568624
-0.081019270199949
-0.081398400646276
-0.08178300492974
-0.08217319493846
-0.082569085518141
-0.082970794567169
-0.083378443135315
-0.083792155526252
-0.084212059404011
-0.084638285903597
-0.085070969745912
-0.085510249357224
-0.085956266993354
-0.08640916886882
-0.086869105291175
-0.087336230800753
-0.087810704316121
-0.088292689285465
-0.088782353844236
-0.089279870979319
-0.089785418700077
-0.090299180216582
-0.0908213441254
-0.091352104603301
-0.091891661609298
-0.092440221095415
-0.092997995226661
-0.093565202610647
-0.09414206853737
-0.094728825229673
-0.095325712104962
-0.095932976048748
-0.096550871700671
-0.097179661753661
-0.097819617266946
-0.098471017993675
-0.099134152723942
-0.099809319644086
-0.10049682671317
-0.1011969920576
-0.10191014438493
-0.10263662341796
-0.10337678035025
-0.10413097832445
-0.10489959293455
-0.10568301275375
-0.10648163988925
-0.10729589056578
-0.1081261957395
-0.10897300174425
-0.10983677097207
-0.11071798259022
-0.11161713329709
-0.11253473811931
-0.11347133125294
-0.11442746695153
-0.11540372046419
-0.11640068902705
-0.11741899291168
-0.11845927653446
-0.11952220963104
-0.12060848850055
-0.12171883732439
-0.12285400956512
-0.12401478945114
-0.12520199355352
-0.12641647246179
-0.12765911256631
-0.12893083795509
-0.13023261243417
-0.13156544168105
-0.1329303755418
-0.13432851048343
-0.13576099221412
-0.13722901848511
-0.13873384208969
-0.14027677407579
-0.14185918719074
-0.14348251957846
-0.14514827875156
-0.14685804586299
-0.14861348030494
-0.15041632466516
-0.15226841007478
-0.15417166198504
-0.15612810641509
-0.1581398767176
-0.16020922091465
-0.16233850966276
-0.16453024491297
-0.16678706934058
-0.16911177662824
-0.17150732269746
-0.1739768379962
-0.17652364096467
-0.17915125281908
-0.1818634138123
-0.18466410115434
-0.18755754880227
-0.19054826936186
-0.19364107838074
-0.19684112135831
-0.20015390385126
-0.2035853251177
-0.20714171582058
-0.21082988040415
-0.21465714487112
-0.21863141082641
-0.22276121682423
-0.22705580826513
-0.23152521735186
-0.23618035494031
-0.24103311653501
-0.24609650520333
-0.25138477485384
-0.25691359819036
-0.26270026477954
-0.26876391614716
-0.27512582677327
-0.28180974246558
-0.28884229110641
-0.29625348554685
-0.3040773449777
-0.3123526701812
-0.32112402074149
-0.33044296014699
-0.34036966008737
-0.35097499158864
-0.36234328309585
-0.3745760019282
-0.38779672732104
-0.40215794812242
-0.41785046283806
-0.4351165248504
-0.4542684236135
-0.47571501917696
-0.49999999999998
