-0.50000427118934
-0.47892055204158
-0.4597731372747
-0.4422344640408
-0.42605396945748
-0.41103678462464
-0.39702886889357
-0.38390653053054
-0.37156895855592
-0.35993283925565
-0.34892842901093
-0.33849665424871
-0.32858694310746
-0.31915558384548
-0.31016446654561
-0.3015801068226
-0.29337287933382
-0.28551640913105
-0.27798708308434
-0.27076365364675
-0.26382691439177
-0.25715943191223
-0.25074532241717
-0.2445700641114
-0.23862033847766
-0.23288389510156
-0.22734943582642
-0.22200651489743
-0.21684545242494
-0.21185725901518
-0.20703356982195
-0.20236658659153
-0.19784902652605
-0.19347407699245
-0.18923535526665
-0.18512687263425
-0.18114300227609
-0.17727845045528
-0.17352823059424
-0.1698876398909
-0.1663522381728
-0.16291782872996
-0.15958044090261
-0.15633631422932
-0.15318188398678
-0.15011376797341
-0.14712875440779
-0.14422379082833
-0.14139597389428
-0.13864253999988
-0.13596085662348
-0.1333484143423
-0.13080281945124
-0.12832178713073
-0.12590313511451
-0.12354477781329
-0.12124472085506
-0.11900105600636
-0.11681195644275
-0.11467567233963
-0.1125905267574
-0.11055491179744
-0.10856728500747
-0.10662616601714
-0.10473013338591
-0.10287782164746
-0.10106791853584
-0.099299162380066
-0.097570339654947
-0.095880282676924
-0.094227867434727
-0.092612011545425
-0.091031672327227
-0.089485844981099
-0.087973560873884
-0.086493885916176
-0.085045919028731
-0.083628790691677
-0.082241661571201
-0.080883721218807
-0.079554186838585
-0.078252302118281
-0.076977336120248
-0.07572858222863
-0.074505357149427
-0.073306999960263
-0.072132871206959
-0.070982352044167
-0.069854843417532
-0.068749765285002
-0.067666555875075
-0.06660467097992
-0.065563583281418
-0.064542781708338
-0.063541770822926
-0.06256007023534
-0.06159721404443
-0.060652750303467
-0.059726240509517
-0.058817259115217
-0.057925393061809
-0.057050241332331
-0.056191414523952
-0.055348534438476
-0.054521233690122
-0.053709155329709
-0.052911952484454
-0.052129288012608
-0.051360834172228
-0.050606272303389
-0.049865292523219
-0.049137593433123
-0.048422881837652
-0.047720872474457
-0.047031287754827
-0.046353857514308
-0.045688318772976
-0.045034415504892
-0.044391898416357
-0.04376052473255
-0.0431400579922
-0.042530267849923
-0.041930929885904
-0.041341825422587
-0.040762741348091
-0.040193469946054
-0.039633808731632
-0.039083560293399
-0.038542532140892
-0.038010536557579
-0.037487390459013
-0.036972915255962
-0.036466936722321
-0.035969284867598
-0.035479793813799
-0.034998301676535
-0.034524650450176
-0.034058685896902
-0.033600257439487
-0.033149218057681
-0.032705424188037
-0.032268735627065
-0.031839015437572
-0.031416129858073
-0.030999948215152
-0.030590342838674
-0.030187188979717
-0.029790364731148
-0.029399750950727
-0.029015231186658
-0.028636691605483
-0.028264020922251
-0.02789711033286
-0.027535853448513
-0.027180146232192
-0.026829886937099
-0.026484976046977
-0.026145316218246
-0.025810812223905
-0.025481370899125
-0.025156901088466
-0.02483731359469
-0.024522521129083
-0.024212438263259
-0.023906981382377
-0.023606068639734
-0.023309619912689
-0.023017556759861
-0.022729802379572
-0.022446281569484
-0.022166920687394
-0.021891647613155
-0.021620391711669
-0.021353083796934
-0.021089656097106
-0.020830042220536
-0.020574177122763
-0.020321997074414
-0.020073439630007
-0.019828443597603
-0.019586949009299
-0.019348897092525
-0.019114230242121
-0.018882891993175
-0.018654826994596
-0.01842998098339
-0.018208300759635
-0.017989734162118
-0.017774230044619
-0.017561738252829
-0.017352209601867
-0.017145595854399
-0.016941849699318
-0.016740924730987
-0.01654277542902
-0.01634735713858
-0.016154626051197
-0.01596453918606
-0.015777054371805
-0.015592130228758
-0.015409726151624
-0.015229802292627
-0.015052319545064
-0.014877239527272
-0.014704524566999
-0.014534137686167
-0.014366042586004
-0.014200203632556
-0.014036585842542
-0.013875154869569
-0.013715876990674
-0.013558719093203
-0.013403648662002
-0.01325063376692
-0.013099643050616
-0.012950645716655
-0.012803611517892
-0.012658510745131
-0.012515314216059
-0.012373993264434
-0.012234519729535
-0.01209686594586
-0.011961004733065
-0.011826909386132
-0.011694553665779
-0.011563911789083
-0.011434958420322
-0.011307668662034
-0.01118201804627
-0.011057982526064
-0.010935538467081
-0.010814662639471
-0.010695332209893
-0.010577524733734
-0.010461218147494
-0.010346390761343
-0.010233021251855
-0.010121088654887
-0.010010572358634
-0.0099014520968301
-0.0097937079420981
-0.0096873202994521
-0.0095822698999407
-0.0094785377944275
-0.0093761053475114
-0.0092749542315783
-0.0091750664209808
-0.0090764241863468
-0.0089790100890093
-0.0088828069755575
-0.008787797972504
-0.0086939664810682
-0.0086012961720694
-0.0085097709809298
-0.0084193751027834
-0.00833009298769
-0.0082419093359479
-0.0081548090935069
-0.008068777447479
-0.0079837998217402
-0.0078998618726276
-0.0078169494847232
-0.0077350487667284
-0.0076541460474211
-0.0075742278716983
-0.0074952809967006
-0.0074172923880148
-0.0073402492159559
-0.0072641388519256
-0.007188948864839
-0.0071146670176373
-0.0070412812638579
-0.0069687797442802
-0.0068971507836386
-0.0068263828874015
-0.0067564647386132
-0.0066873851948049
-0.006619133284958
-0.0065516982065367
-0.0064850693225749
-0.0064192361588229
-0.0063541884009491
-0.0062899158917984
-0.0062264086287033
-0.0061636567608487
-0.006101650586688
-0.0060403805514097
-0.0059798372444534
-0.0059200113970749
-0.0058608938799565
-0.0058024757008663
-0.0057447480023605
-0.0056877020595311
-0.0056313292777969
-0.0055756211907362
-0.0055205694579614
-0.0054661658630347
-0.0054124023114222
-0.0053592708284886
-0.0053067635575279
-0.0052548727578338
-0.0052035908028038
-0.0051529101780814
-0.0051028234797322
-0.0050533234124536
-0.0050044027878193
-0.004956054522556
-0.0049082716368514
-0.0048610472526954
-0.0048143745922503
-0.0047682469762525
-0.0047226578224432
-0.0046776006440282
-0.0046330690481653
-0.0045890567344806
-0.0045455574936117
-0.0045025652057769
-0.0044600738393715
-0.0044180774495887
-0.004376570177066
-0.0043355462465567
-0.0042949999656246
-0.0042549257233631
-0.0042153179891365
-0.0041761713113447
-0.0041374803162099
-0.0040992397065853
-0.0040614442607844
-0.0040240888314325
-0.0039871683443372
-0.0039506777973806
-0.0039146122594295
-0.0038789668692664
-0.0038437368345394
-0.0038089174307292
-0.0037745040001359
-0.0037404919508833
-0.0037068767559402
-0.0036736539521598
-0.0036408191393349
-0.0036083679792706
-0.0035762961948732
-0.0035445995692535
-0.0035132739448488
-0.0034823152225566
-0.0034517193608863
-0.0034214823751242
-0.0033916003365128
-0.0033620693714452
-0.0033328856606743
-0.0033040454385317
-0.0032755449921653
-0.0032473806607865
-0.0032195488349316
-0.0031920459557361
-0.0031648685142207
-0.0031380130505902
-0.0031114761535445
-0.0030852544596007
-0.0030593446524274
-0.0030337434621908
-0.0030084476649108
-0.0029834540818284
-0.002958759578785
-0.0029343610656115
-0.002910255495527
-0.0028864398645493
-0.0028629112109139
-0.0028396666145048
-0.0028167031962925
-0.0027940181177836
-0.0027716085804788
-0.0027494718253403
-0.0027276051322686
-0.0027060058195868
-0.0026846712435354
-0.0026635987977748
-0.0026427859128962
-0.0026222300559407
-0.0026019287299271
-0.0025818794733869
-0.0025620798599079
-0.0025425274976852
-0.0025232200290796
-0.0025041551301841
-0.0024853305103971
-0.0024667439120028
-0.0024483931097594
-0.0024302759104941
-0.0024123901527042
-0.0023947337061656
-0.0023773044715486
-0.0023601003800381
-0.0023431193929637
-0.0023263595014316
-0.0023098187259678
-0.002293495116163
-0.0022773867503262
-0.0022614917351433
-0.0022458082053417
-0.0022303343233608
-0.0022150682790276
-0.0022000082892388
-0.0021851525976476
-0.0021704994743562
-0.0021560472156136
-0.0021417941435188
-0.002127738605729
-0.0021138789751727
-0.0021002136497678
-0.0020867410521458
-0.0020734596293792
-0.0020603678527137
-0.0020474642173074
-0.0020347472419715
-0.0020222154689183
-0.0020098674635119
-0.0019977018140241
-0.0019857171313945
-0.0019739120489952
-0.0019622852223992
-0.0019508353291542
-0.0019395610685586
-0.001928461161443
-0.001917534349956
-0.0019067793973529
-0.0018961950877884
-0.0018857802261145
-0.001875533637681
-0.001865454168139
-0.001855540683251
-0.0018457920687012
-0.0018362072299122
-0.0018267850918634
-0.0018175245989139
-0.0018084247146288
-0.0017994844216084
-0.0017907027213215
-0.0017820786339421
-0.0017736111981879
-0.0017652994711646
-0.0017571425282106
-0.001749139462748
-0.0017412893861338
-0.0017335914275164
-0.0017260447336939
-0.0017186484689757
-0.0017114018150479
-0.0017043039708411
-0.0016973541524003
-0.00169055159276
-0.0016838955418193
-0.0016773852662225
-0.0016710200492408
-0.0016647991906582
-0.0016587220066577
-0.0016527878297136
-0.0016469960084846
-0.001641345907709
-0.0016358369081039
-0.0016304684062676
-0.0016252398145817
-0.0016201505611193
-0.0016152000895537
-0.0016103878590696
-0.0016057133442787
-0.0016011760351353
-0.0015967754368564
-0.0015925110698433
-0.0015883824696056
-0.0015843891866884
-0.0015805307866015
-0.0015768068497501
-0.0015732169713702
-0.0015697607614635
-0.0015664378447371
-0.0015632478605444
-0.0015601904628277
-0.0015572653200655
-0.0015544721152191
-0.0015518105456831
-0.0015492803232394
-0.0015468811740102
-0.0015446128384163
-0.0015424750711365
-0.001540467641069
-0.0015385903312949
-0.0015368429390453
-0.0015352252756694
-0.0015337371666042
-0.001532378451348
-0.0015311489834357
-0.0015300486304155
-0.0015290772738277
-0.001528234809188
-0.0015275211459689
-0.0015269362075879
-0.0015264799313937
-0.0015261522686577
-0.0015259531845656
-0.0015258826582131
-0.0015259406826013
-0.001526127264636
-0.0015264424251298
-0.0015268861988039
-0.0015274586342944
-0.0015281597941598
-0.0015289897548904
-0.0015299486069207
-0.0015310364546427
-0.0015322534164231
-0.0015335996246212
-0.0015350752256096
-0.0015366803797974
-0.0015384152616541
-0.0015402800597384
-0.0015422749767268
-0.0015444002294449
-0.001546656048902
-0.0015490426803263
-0.0015515603832047
-0.0015542094313211
-0.0015569901128019
-0.0015599027301592
-0.0015629476003384
-0.0015661250547688
-0.0015694354394145
-0.0015728791148293
-0.0015764564562133
-0.0015801678534714
-0.0015840137112747
-0.0015879944491246
-0.0015921105014185
-0.0015963623175179
-0.00160075036182
-0.0016052751138301
-0.001609937068238
-0.0016147367349959
-0.001619674639399
-0.0016247513221688
-0.0016299673395384
-0.0016353232633414
-0.0016408196811023
-0.0016464571961297
-0.0016522364276123
-0.001658158010718
-0.0016642225966945
-0.0016704308529738
-0.0016767834632783
-0.0016832811277306
-0.0016899245629652
-0.0016967145022439
-0.0017036516955733
-0.0017107369098246
-0.0017179709288582
-0.0017253545536499
-0.0017328886024188
-0.0017405739107606
-0.0017484113317831
-0.0017564017362432
-0.0017645460126889
-0.0017728450676038
-0.0017812998255541
-0.0017899112293395
-0.0017986802401471
-0.0018076078377079
-0.0018166950204579
-0.0018259428057017
-0.0018353522297785
-0.001844924348234
-0.0018546602359932
-0.001864560987538
-0.0018746277170884
-0.0018848615587865
-0.0018952636668848
-0.0019058352159379
-0.0019165774009974
-0.0019274914378131
-0.0019385785630327
-0.0019498400344119
-0.0019612771310233
-0.0019728911534718
-0.0019846834241137
-0.0019966552872786
-0.0020088081094982
-0.0020211432797355
-0.0020336622096217
-0.0020463663336957
-0.0020592571096479
-0.0020723360185696
-0.0020856045652055
-0.0020990642782119
-0.0021127167104188
-0.002126563439097
-0.0021406060662305
-0.0021548462187925
-0.0021692855490282
-0.00218392573474
-0.0021987684795804
-0.0022138155133487
-0.0022290685922931
-0.0022445294994181
-0.0022602000447977
-0.0022760820658936
-0.0022921774278792
-0.0023084880239691
-0.002325015775755
-0.0023417626335464
-0.0023587305767181
-0.0023759216140633
-0.0023933377841533
-0.0024109811557024
-0.0024288538279402
-0.0024469579309906
-0.0024652956262554
-0.0024838691068068
-0.0025026805977862
-0.0025217323568077
-0.0025410266743722
-0.0025605658742854
-0.0025803523140848
-0.0026003883854741
-0.0026206765147634
-0.0026412191633194
-0.0026620188280212
-0.0026830780417255
-0.0027043993737386
-0.0027259854302979
-0.0027478388550599
-0.0027699623295986
-0.0027923585739105
-0.0028150303469303
-0.0028379804470541
-0.0028612117126712
-0.0028847270227078
-0.0029085292971758
-0.0029326214977357
-0.0029570066282656
-0.0029816877354417
-0.0030066679093287
-0.0030319502839807
-0.0030575380380511
-0.0030834343954149
-0.0031096426258012
-0.0031361660454353
-0.0031630080176945
-0.0031901719537733
-0.0032176613133605
-0.0032454796053291
-0.0032736303884372
-0.0033021172720421
-0.0033309439168251
-0.0033601140355315
-0.0033896313937229
-0.0034194998105376
-0.0034497231594759
-0.0034803053691871
-0.0035112504242767
-0.0035425623661273
-0.0035742452937326
-0.003606303364547
-0.0036387407953504
-0.0036715618631275
-0.0037047709059638
-0.003738372323957
-0.0037723705801441
-0.0038067702014465
-0.0038415757796296
-0.0038767919722831
-0.0039124235038158
-0.0039484751664686
-0.0039849518213481
-0.0040218583994754
-0.0040591999028578
-0.0040969814055751
-0.0041352080548905
-0.0041738850723777
-0.0042130177550712
-0.0042526114766363
-0.0042926716885597
-0.0043332039213635
-0.0043742137858417
-0.004415706974316
-0.0044576892619197
-0.0045001665079005
-0.004543144656951
-0.004586629740561
-0.0046306278783974
-0.0046751452797074
-0.0047201882447492
-0.0047657631662488
-0.0048118765308852
-0.0048585349208003
-0.0049057450151416
-0.0049535135916297
-0.0050018475281573
-0.0050507538044197
-0.0051002395035726
-0.0051503118139245
-0.0052009780306595
-0.0052522455575938
-0.005304121908965
-0.0053566147112565
-0.0054097317050555
-0.0054634807469482
-0.0055178698114502
-0.005572906992975
-0.0056286005078404
-0.0056849586963128
-0.005741990024693
-0.0057997030874412
-0.0058581066093434
-0.0059172094477217
-0.0059770205946858
-0.0060375491794306
-0.0060988044705777
-0.0061607958785644
-0.0062235329580788
-0.0062870254105436
-0.0063512830866498
-0.0064163159889407
-0.0064821342744468
-0.0065487482573744
-0.0066161684118483
-0.0066844053747085
-0.0067534699483652
-0.0068233731037098
-0.0068941259830864
-0.0069657399033223
-0.0070382263588222
-0.0071115970247242
-0.0071858637601209
-0.0072610386113466
-0.007337133815333
-0.0074141618030332
-0.0074921352029174
-0.0075710668445414
-0.0076509697621881
-0.007731857198587
-0.0078137426087099
-0.0078966396636481
-0.0079805622545691
-0.0080655244967587
-0.0081515407337483
-0.0082386255415288
-0.0083267937328561
-0.0084160603616468
-0.0085064407274688
-0.008597950380129
-0.008690605124359
-0.0087844210246018
-0.0088794144099029
-0.0089756018789082
-0.0090730003049685
-0.009171626841359
-0.0092714989266099
-0.0093726342899568
-0.0094750509569093
-0.0095787672549441
-0.0096838018193243
-0.0097901735990475
-0.0098979018629268
-0.010007006205808
-0.010117506554929
-0.010229423176417
-0.010342776681934
-0.010457588035484
-0.010573878560351
-0.010691669946223
-0.010810984256459
-0.010931843935529
-0.011054271816631
-0.011178291129471
-0.011303925508241
-0.011431198999763
-0.01156013607184
-0.01169076162179
-0.01182310098519
-0.011957179944817
-0.012093024739806
-0.012230662075028
-0.01237011913068
-0.012511423572118
-0.012654603559913
-0.012799687760157
-0.012946705355018
-0.013095686053539
-0.013246660102717
-0.013399658298835
-0.013554711999085
-0.013711853133466
-0.01387111421698
-0.01403252836213
-0.014196129291725
-0.014361951352004
-0.014530029526096
-0.014700399447801
-0.014873097415735
-0.015048160407822
-0.015225626096158
-0.015405532862249
-0.015587919812643
-0.015772826794961
-0.015960294414335
-0.016150364050285
-0.016343077874016
-0.016538478866178
-0.016736610835084
-0.016937518435409
-0.01714124718738
-0.017347843496473
-0.017557354673631
-0.017769828956028
-0.017985315528382
-0.018203864544839
-0.018425527151454
-0.018650355509278
-0.018878402818067
-0.019109723340649
-0.019344372427952
-0.019582406544719
-0.019823883295944
-0.020068861454029
-0.020317400986709
-0.020569563085756
-0.020825410196482
-0.021085006048089
-0.02134841568487
-0.021615705498303
-0.02188694326006
-0.02216219815597
-0.022441540820959
-0.022725043375002
-0.023012779460128
-0.023304824278501
-0.023601254631623
-0.023902148960701
-0.024207587388201
-0.024517651760646
-0.024832425692702
-0.025151994612578
-0.025476445808809
-0.025805868478454
-0.026140353776771
-0.026479994868412
-0.026824886980197
-0.027175127455523
-0.027530815810465
-0.027892053791641
-0.028258945435882
-0.028631597131803
-0.029010117683321
-0.029394618375203
-0.029785213040719
-0.030182018131481
-0.030585152789539
-0.03099473892184
-0.031410901277117
-0.031833767525318
-0.032263468339666
-0.032700137481457
-0.033143911887693
-0.033594931761672
-0.034053340666648
-0.034519285622679
-0.034992917206796
-0.035474389656626
-0.035963860977603
-0.03646149305392
-0.036967451763374
-0.03748190709626
-0.038005033278486
-0.038537008899083
-0.039078017042301
-0.039628245424471
-0.040187886535854
-0.040757137787676
-0.041336201664578
-0.041925285882719
-0.042524603553777
-0.043134373355101
-0.043754819706304
-0.044386172952562
-0.045028669554939
-0.045682552288049
-0.046348070445384
-0.047025480052671
-0.047715044089628
-0.048417032720494
-0.049131723533772
-0.049859401791598
-0.050600360689208
-0.051354901624982
-0.052123334481579
-0.052905977918708
-0.053703159678095
-0.054515216901273
-0.055342496460808
-0.05618535530566
-0.057044160821394
-0.057919291205982
-0.058811135862036
-0.059720095806296
-0.060646584097297
-0.061591026282178
-0.062553860863649
-0.063535539788213
-0.064536528956794
-0.065557308759008
-0.066598374632379
-0.067660237647911
-0.068743425123492
-0.069848481266723
-0.070975967848873
-0.072126464911763
-0.073300571509516
-0.074498906487243
-0.075722109298889
-0.076970840866591
-0.078245784484118
-0.079547646767082
-0.080877158652895
-0.08223507645357
-0.083622182964775
-0.085039288634765
-0.086487232797109
-0.087966884971437
-0.089479146236747
-0.091024950682199
-0.092605266940704
-0.094221099811048
-0.095873491974771
-0.097563525814558
-0.099292325341424
-0.10106105823868
-0.10287093803126
-0.1047232263899
-0.10661923558028
-0.10856033106848
-0.11054793429477
-0.11258352562926
-0.11466864752395
-0.1168049078772
-0.11899398362836
-0.12123762460177
-0.12353765762159
-0.12589599092102
-0.12831461887182
-0.13079562706297
-0.13334119776051
-0.13595361578372
-0.13863527483742
-0.14138868434411
-0.14421647682518
-0.14712141588613
-0.15010640486741
-0.15317449623033
-0.15632890175604
-0.15957300364584
-0.16291036662276
-0.16634475114793
-0.16988012788085
-0.1735206935312
-0.17727088827116
-0.18113541490251
-0.18511926000254
-0.18922771730784
-0.19346641363727
-0.19784133770495
-0.20235887223465
-0.20702582985913
-0.21184949337596
-0.21683766103854
-0.22199869769279
-0.22734159273215
-0.23287602604596
-0.23861244338871
-0.2445621429168
-0.25073737504426
-0.25715145828803
-0.263818914443
-0.2707556272998
-0.27797903026524
-0.28550832976551
-0.29336477334722
-0.30157197413997
-0.31015630709161
-0.31914739754445
-0.32857872988335
-0.33848841402513
-0.34892016171108
-0.35992454480236
-0.37156063687164
-0.38389818153728
-0.39702049251293
-0.41102838077776
-0.42604553806504
-0.44222600502295
-0.45976465055104
-0.47891203753113
-0.49999572881039
