-4.	0
-3.99	0
-3.98	0
-3.97	0
-3.96	0
-3.95	0
-3.94	0
-3.93	0
-3.92	0
-3.91	0
-3.9	0
-3.89	0
-3.88	0
-3.87	0
-3.86	0
-3.85	0
-3.84	0
-3.83	0
-3.82	0
-3.81	0
-3.8	0
-3.79	0
-3.78	0
-3.77	0
-3.76	0
-3.75	0
-3.74	0
-3.73	0
-3.7199999999999998	0
-3.71	0
-3.7	0
-3.69	0
-3.68	0
-3.67	0
-3.66	0
-3.65	0
-3.64	0
-3.63	0
-3.62	0
-3.61	0
-3.6	0
-3.59	0
-3.58	0
-3.57	0
-3.56	0
-3.55	0
-3.54	0
-3.53	0
-3.52	0
-3.51	0
-3.5	0
-3.49	0
-3.48	0
-3.4699999999999998	0
-3.46	0
-3.45	0
-3.44	0
-3.4299999999999997	0
-3.42	0
-3.41	0
-3.4	0
-3.39	0
-3.38	0
-3.37	0
-3.36	0
-3.35	0
-3.34	0
-3.33	0
-3.32	0
-3.31	0
-3.3	0
-3.29	0
-3.2800000000000002	0
-3.27	0
-3.26	0
-3.25	0
-3.24	0
-3.23	0
-3.2199999999999998	0
-3.21	0
-3.2	0
-3.19	0
-3.1799999999999997	0
-3.17	0
-3.16	0
-3.15	0
-3.14	0
-3.13	0
-3.12	0
-3.11	0
-3.1	0
-3.09	0
-3.08	0
-3.07	0
-3.06	0
-3.05	0
-3.04	0
-3.0300000000000002	0
-3.02	0
-3.01	0
-3.	0
-2.99	0
-2.98	0
-2.9699999999999998	0
-2.96	0
-2.95	0
-2.94	0
-2.9299999999999997	0
-2.92	0
-2.91	0
-2.9	0
-2.8899999999999997	0
-2.88	0
-2.87	0
-2.86	0
-2.8499999999999996	0
-2.84	0
-2.83	0
-2.8200000000000003	0
-2.81	0
-2.8	0
-2.79	0
-2.7800000000000002	0
-2.77	0
-2.76	0
-2.75	0
-2.74	0
-2.73	0
-2.7199999999999998	0
-2.71	0
-2.7	0
-2.69	0
-2.6799999999999997	0
-2.67	0
-2.66	0
-2.65	0
-2.6399999999999997	0
-2.63	0
-2.62	0
-2.61	0
-2.5999999999999996	0
-2.59	0
-2.58	0
-2.5700000000000003	0
-2.56	0.06862861053373182
-2.55	0.1257373698778166
-2.54	0.16343159481504996
-2.5300000000000002	0.19341635448893776
-2.52	0.2188832706804946
-2.51	0.24126725054136733
-2.5	0.2613616004385317
-2.49	0.2796603049840833
-2.48	0.2964960137738629
-2.4699999999999998	0.31210556897272906
-2.46	0.32666479177253055
-2.45	0.34030851617876173
-2.44	0.35314286936563044
-2.4299999999999997	0.36525318093589676
-2.42	0.3767092860333957
-2.41	0.38756920179987286
-2.4	0.39788174899559137
-2.3899999999999997	0.4076884670723357
-2.38	0.4170250426338816
-2.37	0.4259223945553821
-2.36	0.4344075116567286
-2.3499999999999996	0.44250410866317497
-2.34	0.4502331464739028
-2.33	0.45761324957194
-2.3200000000000003	0.46466104440095957
-2.31	0.4713914362647997
-2.3	0.47781783786689125
-2.29	0.4839523594154601
-2.2800000000000002	0.489805967893196
-2.27	0.49538862137093004
-2.26	0.5007093829596074
-2.25	0.505776518023317
-2.24	0.5105975775341973
-2.23	0.5151794698780132
-2.2199999999999998	0.5195285229742356
-2.21	0.5236505382254378
-2.2	0.5275508375349153
-2.19	0.5312343044117075
-2.1799999999999997	0.5347054200059981
-2.17	0.5379682947756221
-2.16	0.5410266963688489
-2.15	0.5438840742141571
-2.1399999999999997	0.5465435812300706
-2.13	0.5490080930039107
-2.12	0.5512802247349261
-2.11	0.5533623461926107
-2.0999999999999996	0.5552565949034651
-2.09	0.5569648877476844
-2.08	0.5584889311202065
-2.0700000000000003	0.55983022978738
-2.06	0.5609900945505105
-2.05	0.5619696488101388
-2.04	0.5627698341096391
-2.0300000000000002	0.563391414723184
-2.02	0.5638349813409865
-2.01	0.5641009538937075
-2.	0.5641895835477563
-1.9899999999999998	0.5641009538937075
-1.98	0.5638349813409865
-1.9699999999999998	0.563391414723184
-1.96	0.5627698341096391
-1.9500000000000002	0.5619696488101388
-1.94	0.5609900945505105
-1.9300000000000002	0.5598302297873801
-1.92	0.5584889311202065
-1.9100000000000001	0.5569648877476844
-1.9	0.555256594903465
-1.8900000000000001	0.5533623461926107
-1.88	0.5512802247349261
-1.87	0.5490080930039107
-1.8599999999999999	0.5465435812300705
-1.85	0.5438840742141571
-1.8399999999999999	0.5410266963688489
-1.83	0.5379682947756221
-1.8199999999999998	0.534705420005998
-1.81	0.5312343044117075
-1.7999999999999998	0.5275508375349153
-1.79	0.5236505382254378
-1.7799999999999998	0.5195285229742354
-1.77	0.5151794698780132
-1.7599999999999998	0.5105975775341973
-1.75	0.505776518023317
-1.7399999999999998	0.5007093829596072
-1.73	0.49538862137093004
-1.7199999999999998	0.489805967893196
-1.71	0.4839523594154601
-1.6999999999999997	0.47781783786689097
-1.69	0.4713914362647997
-1.6800000000000002	0.4646610444009599
-1.67	0.45761324957194
-1.6600000000000001	0.4502331464739028
-1.65	0.4425041086631746
-1.6400000000000001	0.4344075116567286
-1.63	0.4259223945553821
-1.62	0.4170250426338816
-1.6099999999999999	0.40768846707233525
-1.6	0.39788174899559137
-1.5899999999999999	0.38756920179987286
-1.58	0.3767092860333957
-1.5699999999999998	0.3652531809358962
-1.56	0.35314286936563044
-1.5499999999999998	0.34030851617876173
-1.54	0.32666479177253055
-1.5299999999999998	0.3121055689727284
-1.52	0.2964960137738629
-1.5099999999999998	0.2796603049840833
-1.5	0.2613616004385317
-1.4899999999999998	0.2412672505413664
-1.48	0.2188832706804946
-1.4699999999999998	0.19341635448893776
-1.46	0.16343159481504996
-1.4499999999999997	0.12573736987781486
-1.44	0.06862861053373182
-1.4300000000000002	0
-1.42	0
-1.4100000000000001	0
-1.4	0
-1.3900000000000001	0
-1.38	0
-1.37	0
-1.3599999999999999	0
-1.35	0
-1.3399999999999999	0
-1.33	0
-1.3199999999999998	0
-1.31	0
-1.2999999999999998	0
-1.29	0
-1.2799999999999998	0
-1.27	0
-1.2599999999999998	0
-1.25	0
-1.2399999999999998	0
-1.23	0
-1.2199999999999998	0
-1.21	0
-1.1999999999999997	0
-1.19	0
-1.1800000000000002	0
-1.17	0
-1.1600000000000001	0
-1.15	0
-1.1400000000000001	0
-1.13	0
-1.12	0
-1.1099999999999999	0
-1.1	0
-1.0899999999999999	0
-1.08	0
-1.0699999999999998	0
-1.06	0
-1.0499999999999998	0
-1.04	0
-1.0299999999999998	0
-1.02	0
-1.0099999999999998	0
-1.	0
-0.9899999999999998	0
-0.98	0
-0.9699999999999998	0
-0.96	0
-0.9499999999999997	0
-0.94	0
-0.9299999999999997	0
-0.9199999999999999	0
-0.9100000000000001	0
-0.8999999999999999	0
-0.8900000000000001	0
-0.8799999999999999	0
-0.8700000000000001	0
-0.8599999999999999	0
-0.8500000000000001	0
-0.8399999999999999	0
-0.8300000000000001	0
-0.8199999999999998	0
-0.81	0
-0.7999999999999998	0
-0.79	0
-0.7799999999999998	0
-0.77	0
-0.7599999999999998	0
-0.75	0
-0.7399999999999998	0
-0.73	0
-0.7199999999999998	0
-0.71	0
-0.6999999999999997	0
-0.69	0
-0.6799999999999997	0
-0.6699999999999999	0
-0.6600000000000001	0
-0.6499999999999999	0
-0.6400000000000001	0
-0.6299999999999999	0
-0.6200000000000001	0
-0.6099999999999999	0
-0.6000000000000001	0
-0.5899999999999999	0
-0.5800000000000001	0
-0.5699999999999998	0
-0.56	0
-0.5499999999999998	0
-0.54	0
-0.5299999999999998	0
-0.52	0
-0.5099999999999998	0
-0.5	0
-0.48999999999999977	0
-0.48	0
-0.46999999999999975	0
-0.45999999999999996	0
-0.44999999999999973	0
-0.43999999999999995	0
-0.4299999999999997	0
-0.41999999999999993	0
-0.41000000000000014	0
-0.3999999999999999	0
-0.3900000000000001	0
-0.3799999999999999	0
-0.3700000000000001	0
-0.3599999999999999	0
-0.3500000000000001	0
-0.33999999999999986	0
-0.33000000000000007	0
-0.31999999999999984	0
-0.31000000000000005	0
-0.2999999999999998	0
-0.29000000000000004	0
-0.2799999999999998	0
-0.27	0
-0.2599999999999998	0
-0.25	0
-0.23999999999999977	0
-0.22999999999999998	0
-0.21999999999999975	0
-0.20999999999999996	0
-0.19999999999999973	0
-0.18999999999999995	0
-0.17999999999999972	0
-0.16999999999999993	0
-0.16000000000000014	0
-0.1499999999999999	0
-0.14000000000000012	0
-0.1299999999999999	0
-0.1200000000000001	0
-0.10999999999999988	0
-0.10000000000000009	0
-0.08999999999999986	0
-0.08000000000000007	0
-0.06999999999999984	0
-0.06000000000000005	0
-0.04999999999999982	0
-0.040000000000000036	0
-0.029999999999999805	0
-0.020000000000000018	0
-0.009999999999999787	0
0.	0
0.009999999999999787	0
0.020000000000000462	0
0.03000000000000025	0
0.040000000000000036	0
0.04999999999999982	0
0.0600000000000005	0
0.07000000000000028	0
0.08000000000000007	0
0.08999999999999986	0
0.09999999999999964	0
0.11000000000000032	0
0.1200000000000001	0
0.1299999999999999	0
0.13999999999999968	0
0.15000000000000036	0
0.16000000000000014	0
0.16999999999999993	0
0.17999999999999972	0
0.1900000000000004	0
0.20000000000000018	0
0.20999999999999996	0
0.21999999999999975	0
0.23000000000000043	0
0.2400000000000002	0
0.25	0
0.2599999999999998	0
0.27000000000000046	0
0.28000000000000025	0
0.29000000000000004	0
0.2999999999999998	0
0.3100000000000005	0
0.3200000000000003	0
0.33000000000000007	0
0.33999999999999986	0
0.35000000000000053	0
0.3600000000000003	0
0.3700000000000001	0
0.3799999999999999	0
0.3899999999999997	0
0.40000000000000036	0
0.41000000000000014	0
0.41999999999999993	0
0.4299999999999997	0
0.4400000000000004	0
0.4500000000000002	0
0.45999999999999996	0
0.46999999999999975	0
0.4800000000000004	0
0.4900000000000002	0
0.5	0
0.5099999999999998	0
0.5200000000000005	0
0.5300000000000002	0
0.54	0
0.5499999999999998	0
0.5600000000000005	0
0.5700000000000003	0
0.5800000000000001	0
0.5899999999999999	0
0.6000000000000005	0
0.6100000000000003	0
0.6200000000000001	0
0.6299999999999999	0
0.6399999999999997	0
0.6500000000000004	0
0.6600000000000001	0
0.6699999999999999	0
0.6799999999999997	0
0.6900000000000004	0
0.7000000000000002	0
0.71	0
0.7199999999999998	0
0.7300000000000004	0
0.7400000000000002	0
0.75	0
0.7599999999999998	0
0.7700000000000005	0
0.7800000000000002	0
0.79	0
0.7999999999999998	0
0.8100000000000005	0
0.8200000000000003	0
0.8300000000000001	0
0.8399999999999999	0
0.8500000000000005	0
0.8600000000000003	0
0.8700000000000001	0
0.8799999999999999	0
0.8899999999999997	0
0.9000000000000004	0
0.9100000000000001	0
0.9199999999999999	0
0.9299999999999997	0
0.9400000000000004	0
0.9500000000000002	0
0.96	0
0.9699999999999998	0
0.9800000000000004	0
0.9900000000000002	0
1.	0
1.0099999999999998	0
1.0200000000000005	0
1.0300000000000002	0
1.04	0
1.0499999999999998	0
1.0600000000000005	0
1.0700000000000003	0
1.08	0
1.0899999999999999	0
1.1000000000000005	0
1.1100000000000003	0
1.12	0
1.13	0
1.1399999999999997	0
1.1500000000000004	0
1.1600000000000001	0
1.17	0
1.1799999999999997	0
1.1900000000000004	0
1.2000000000000002	0
1.21	0
1.2199999999999998	0
1.2300000000000004	0
1.2400000000000002	0
1.25	0
1.2599999999999998	0
1.2700000000000005	0
1.2800000000000002	0
1.29	0
1.2999999999999998	0
1.3100000000000005	0
1.3200000000000003	0
1.33	0
1.3399999999999999	0
1.3500000000000005	0
1.3600000000000003	0
1.37	0
1.38	0
1.3899999999999997	0
1.4000000000000004	0
1.4100000000000001	0
1.42	0
1.4299999999999997	0
1.4400000000000004	0.06862861053373545
1.4500000000000002	0.1257373698778166
1.46	0.16343159481504996
1.4699999999999998	0.19341635448893776
1.4800000000000004	0.21888327068049573
1.4900000000000002	0.24126725054136733
1.5	0.2613616004385317
1.5099999999999998	0.2796603049840833
1.5200000000000005	0.29649601377386364
1.5300000000000002	0.31210556897272906
1.54	0.32666479177253055
1.5499999999999998	0.34030851617876173
1.5600000000000005	0.35314286936563105
1.5700000000000003	0.36525318093589676
1.58	0.3767092860333957
1.5899999999999999	0.38756920179987286
1.6000000000000005	0.3978817489955918
1.6100000000000003	0.4076884670723357
1.62	0.4170250426338816
1.63	0.4259223945553821
1.6399999999999997	0.4344075116567282
1.6500000000000004	0.44250410866317497
1.6600000000000001	0.4502331464739028
1.67	0.45761324957194
1.6799999999999997	0.46466104440095957
1.6900000000000004	0.47139143626479996
1.7000000000000002	0.47781783786689125
1.71	0.4839523594154601
1.7199999999999998	0.489805967893196
1.7300000000000004	0.49538862137093026
1.7400000000000002	0.5007093829596074
1.75	0.505776518023317
1.7599999999999998	0.5105975775341973
1.7700000000000005	0.5151794698780134
1.7800000000000002	0.5195285229742356
1.79	0.5236505382254378
1.7999999999999998	0.5275508375349153
1.8100000000000005	0.5312343044117077
1.8200000000000003	0.5347054200059981
1.83	0.5379682947756221
1.8399999999999999	0.5410266963688489
1.8500000000000005	0.5438840742141572
1.8600000000000003	0.5465435812300706
1.87	0.5490080930039107
1.88	0.5512802247349261
1.8899999999999997	0.5533623461926106
1.9000000000000004	0.5552565949034651
1.9100000000000001	0.5569648877476844
1.92	0.5584889311202065
1.9299999999999997	0.55983022978738
1.9400000000000004	0.5609900945505105
1.9500000000000002	0.5619696488101388
1.96	0.5627698341096391
1.9699999999999998	0.563391414723184
1.9800000000000004	0.5638349813409866
1.9900000000000002	0.5641009538937075
2.	0.5641895835477563
2.01	0.5641009538937075
2.0200000000000005	0.5638349813409865
2.0300000000000002	0.563391414723184
2.04	0.5627698341096391
2.05	0.5619696488101388
2.0600000000000005	0.5609900945505104
2.0700000000000003	0.55983022978738
2.08	0.5584889311202065
2.09	0.5569648877476844
2.1000000000000005	0.5552565949034649
2.1100000000000003	0.5533623461926106
2.12	0.5512802247349261
2.13	0.5490080930039107
2.1400000000000006	0.5465435812300704
2.1500000000000004	0.543884074214157
2.16	0.5410266963688489
2.17	0.5379682947756221
2.1799999999999997	0.5347054200059981
2.1900000000000004	0.5312343044117074
2.2	0.5275508375349153
2.21	0.5236505382254378
2.2199999999999998	0.5195285229742356
2.2300000000000004	0.515179469878013
2.24	0.5105975775341973
2.25	0.505776518023317
2.26	0.5007093829596074
2.2700000000000005	0.4953886213709298
2.2800000000000002	0.489805967893196
2.29	0.4839523594154601
2.3	0.47781783786689125
2.3100000000000005	0.47139143626479935
2.3200000000000003	0.46466104440095957
2.33	0.45761324957194
2.34	0.4502331464739028
2.3500000000000005	0.44250410866317424
2.3600000000000003	0.4344075116567282
2.37	0.4259223945553821
2.38	0.4170250426338816
2.3900000000000006	0.4076884670723348
2.4000000000000004	0.3978817489955909
2.41	0.38756920179987286
2.42	0.3767092860333957
2.4299999999999997	0.36525318093589676
2.4400000000000004	0.3531428693656299
2.45	0.34030851617876173
2.46	0.32666479177253055
2.4699999999999998	0.31210556897272906
2.4800000000000004	0.2964960137738622
2.49	0.2796603049840833
2.5	0.2613616004385317
2.51	0.24126725054136733
2.5200000000000005	0.21888327068049357
2.5300000000000002	0.19341635448893776
2.54	0.16343159481504996
2.55	0.1257373698778166
2.5600000000000005	0.06862861053372818
2.5700000000000003	0
2.58	0
2.59	0
2.6000000000000005	0
2.6100000000000003	0
2.62	0
2.63	0
2.6400000000000006	0
2.6500000000000004	0
2.66	0
2.67	0
2.6799999999999997	0
2.6900000000000004	0
2.7	0
2.71	0
2.7199999999999998	0
2.7300000000000004	0
2.74	0
2.75	0
2.76	0
2.7700000000000005	0
2.7800000000000002	0
2.79	0
2.8	0
2.8100000000000005	0
2.8200000000000003	0
2.83	0
2.84	0
2.8500000000000005	0
2.8600000000000003	0
2.87	0
2.88	0
2.8900000000000006	0
2.9000000000000004	0
2.91	0
2.92	0
2.9299999999999997	0
2.9400000000000004	0
2.95	0
2.96	0
2.9699999999999998	0
2.9800000000000004	0
2.99	0
3.	0
3.01	0
3.0200000000000005	0
3.0300000000000002	0
3.04	0
3.05	0
3.0600000000000005	0
3.0700000000000003	0
3.08	0
3.09	0
3.1000000000000005	0
3.1100000000000003	0
3.12	0
3.13	0
3.1400000000000006	0
3.1500000000000004	0
3.16	0
3.17	0
3.1799999999999997	0
3.1900000000000004	0
3.2	0
3.21	0
3.2199999999999998	0
3.2300000000000004	0
3.24	0
3.25	0
3.26	0
3.2700000000000005	0
3.2800000000000002	0
3.29	0
3.3	0
3.3100000000000005	0
3.3200000000000003	0
3.33	0
3.34	0
3.3500000000000005	0
3.3600000000000003	0
3.37	0
3.38	0
3.3900000000000006	0
3.4000000000000004	0
3.41	0
3.42	0
3.4299999999999997	0
3.4400000000000004	0
3.45	0
3.46	0
3.4699999999999998	0
3.4800000000000004	0
3.49	0
3.5	0
3.51	0
3.5200000000000005	0
3.5300000000000002	0
3.54	0
3.55	0
3.5600000000000005	0
3.5700000000000003	0
3.58	0
3.59	0
3.6000000000000005	0
3.6100000000000003	0
3.62	0
3.63	0
3.6400000000000006	0
3.6500000000000004	0
3.66	0
3.67	0
3.6799999999999997	0
3.6900000000000004	0
3.7	0
3.71	0
3.7199999999999998	0
3.7300000000000004	0
3.74	0
3.75	0
3.76	0
3.7700000000000005	0
3.7800000000000002	0
3.79	0
3.8	0
3.8100000000000005	0
3.8200000000000003	0
3.83	0
3.84	0
3.8500000000000005	0
3.8600000000000003	0
3.87	0
3.88	0
3.8900000000000006	0
3.9000000000000004	0
3.91	0
3.92	0
3.9300000000000006	0
3.9400000000000004	0
3.95	0
3.96	0
3.9699999999999998	0
3.9800000000000004	0
3.99	0
4.	0