-0.49941909324832
-0.47885461357507
-0.45964857534378
-0.44169283627921
-0.42488902922527
-0.40914758696089
-0.39438687231563
-0.38053240145473
-0.36751614967888
-0.35527593037014
-0.34375483884032
-0.33290075382018
-0.32266589018821
-0.31300639729033
-0.30388199786208
-0.29525566314388
-0.28709332028805
-0.27936358860336
-0.27203754157532
-0.26508849194674
-0.25849179744713
-0.25222468502888
-0.24626609170446
-0.24059652028881
-0.23519790853582
-0.2300535103216
-0.22514778767231
-0.22046631256249
-0.21599567752398
-0.21172341420656
-0.20763791912116
-0.20372838587642
-0.1999847432904
-0.19639759882253
-0.19295818682708
-0.18965832118012
-0.18649035187633
-0.1834471252324
-0.18052194736974
-0.1777085506808
-0.17500106301264
-0.17239397932662
-0.16988213561647
-0.16746068488757
-0.165125075019
-0.16287102834647
-0.16069452281955
-0.1585917745999
-0.15655922197963
-0.15459351050976
-0.15269147923881
-0.15085014797054
-0.14906670545767
-0.14733849845628
-0.14566302157168
-0.14403790783284
-0.14246091993798
-0.14092994211853
-0.13944297257354
-0.13799811643046
-0.13659357919185
-0.13522766063126
-0.13389874910422
-0.13260531624322
-0.13134591200827
-0.13011916006658
-0.12892375347733
-0.12775845065936
-0.12662207162115
-0.12551349443452
-0.12443165193438
-0.12337552862887
-0.12234415780475
-0.12133661881469
-0.12035203453373
-0.11938956897323
-0.11844842504166
-0.11752784244213
-0.11662709569753
-0.11574549229466
-0.11488237093951
-0.11403709991624
-0.11320907554312
-0.11239772071913
-0.11160248355521
-0.11082283608484
-0.11005827304885
-0.10930831074964
-0.10857248597055
-0.10785035495624
-0.10714149245023
-0.10644549078611
-0.10576195902909
-0.10509052216481
-0.10443082033256
-0.10378250810012
-0.1031452537779
-0.10251873876979
-0.10190265695881
-0.10129671412523
-0.10070062739548
-0.10011412471993
-0.099536944377867
-0.098968834508157
-0.098409552664066
-0.097858865390889
-0.097316547825082
-0.096782383313688
-0.096256163052915
-0.095737685744801
-0.095226757270966
-0.094723190382493
-0.094226804405079
-0.093737424958597
-0.093254883690303
-0.092779018020948
-0.092309670903094
-0.091846690591
-0.091389930421449
-0.090939248604935
-0.090494508026686
-0.090055576056986
-0.089622324370328
-0.08919462877293
-0.088772369038198
-0.088355428749708
-0.087943695151353
-0.087537059004259
-0.087135414450156
-0.086738658880867
-0.086346692813614
-0.085959419771843
-0.085576746171316
-0.085198581211185
-0.084824836769826
-0.084455427305191
-0.084090269759457
-0.083729283467776
-0.083372390070912
-0.083019513431605
-0.082670579554452
-0.08232551650917
-0.081984254357061
-0.081646725080543
-0.081312862515591
-0.080982602286961
-0.080655881746075
-0.080332639911427
-0.08001281741141
-0.079696356429452
-0.079383200651344
-0.079073295214681
-0.078766586660303
-0.078463022885659
-0.078162553100002
-0.077865127781338
-0.077570698635046
-0.0772792185541
-0.07699064158083
-0.07670492287014
-0.076422018654124
-0.07614188620804
-0.07586448381755
-0.075589770747197
-0.075317707210064
-0.075048254338547
-0.074781374156223
-0.074517029550739
-0.074255184247704
-0.073995802785524
-0.073738850491148
-0.073484293456693
-0.073232098516905
-0.072982233227416
-0.072734665843783
-0.072489365301265
-0.072246301195298
-0.072005443762671
-0.071766763863343
-0.071530232962887
-0.071295823115551
-0.071063506947886
-0.070833257642936
-0.070605048924964
-0.070378855044694
-0.070154650765044
-0.069932411347334
-0.06971211253796
-0.069493730555499
-0.069277242078238
-0.06906262423212
-0.068849854579066
-0.06863891110569
-0.068429772212369
-0.068222416702661
-0.068016823773067
-0.067812973003109
-0.06761084434573
-0.067410418117986
-0.067211674992033
-0.06701459598639
-0.06681916245748
-0.06662535609142
-0.066433158896067
-0.066242553193309
-0.066053521611578
-0.065866047078604
-0.06568011281437
-0.065495702324289
-0.06531279939257
-0.065131388075798
-0.064951452696681
-0.064772977837993
-0.064595948336691
-0.064420349278195
-0.06424616599084
-0.064073384040482
-0.063901989225255
-0.063731967570483
-0.063563305323729
-0.063395988949984
-0.063230005126992
-0.063065340740697
-0.062901982880829
-0.062739918836592
-0.062579136092489
-0.062419622324246
-0.062261365394849
-0.062104353350693
-0.061948574417827
-0.061794016998301
-0.061640669666609
-0.061488521166226
-0.061337560406236
-0.061187776458044
-0.061039158552179
-0.060891696075174
-0.060745378566526
-0.060600195715738
-0.060456137359428
-0.060313193478521
-0.060171354195501
-0.06003060977174
-0.059890950604885
-0.059752367226317
-0.059614850298671
-0.059478390613406
-0.059342979088453
-0.059208606765902
-0.059075264809757
-0.058942944503735
-0.058811637249124
-0.058681334562691
-0.058552028074635
-0.058423709526593
-0.058296370769689
-0.05817000376263
-0.058044600569844
-0.057920153359664
-0.05779665440255
-0.057674096069354
-0.057552470829623
-0.057431771249939
-0.057311989992297
-0.057193119812524
-0.057075153558721
-0.056958084169754
-0.056841904673768
-0.056726608186737
-0.056612187911039
-0.056498637134077
-0.056385949226918
-0.056274117642959
-0.056163135916628
-0.056052997662114
-0.055943696572112
-0.055835226416614
-0.055727581041702
-0.055620754368386
-0.055514740391454
-0.055409533178351
-0.055305126868079
-0.055201515670121
-0.055098693863383
-0.054996655795165
-0.054895395880144
-0.054794908599382
-0.054695188499353
-0.054596230190992
-0.054498028348756
-0.054400577709712
-0.054303873072632
-0.05420790929712
-0.054112681302742
-0.054018184068183
-0.053924412630412
-0.05383136208387
-0.053739027579669
-0.053647404324809
-0.053556487581405
-0.05346627266594
-0.053376754948513
-0.053287929852122
-0.053199792851942
-0.053112339474634
-0.053025565297647
-0.052939465948553
-0.052854037104377
-0.052769274490951
-0.052685173882273
-0.052601731099882
-0.05251894201224
-0.052436802534128
-0.052355308626052
-0.052274456293662
-0.052194241587172
-0.052114660600806
-0.052035709472237
-0.051957384382049
-0.0518796815532
-0.051802597250498
-0.051726127780086
-0.051650269488935
-0.051575018764347
-0.051500372033462
-0.051426325762781
-0.051352876457691
-0.051280020662002
-0.051207754957486
-0.051136075963431
-0.051064980336201
-0.050994464768796
-0.050924525990428
-0.050855160766103
-0.050786365896204
-0.050718138216087
-0.050650474595681
-0.050583371939095
-0.05051682718423
-0.050450837302404
-0.05038539929797
-0.050320510207954
-0.050256167101691
-0.05019236708047
-0.050129107277181
-0.050066384855973
-0.050004197011913
-0.049942540970653
-0.049881413988102
-0.0498208133501
-0.049760736372104
-0.049701180398873
-0.049642142804156
-0.049583620990398
-0.049525612388431
-0.049468114457187
-0.049411124683408
-0.049354640581358
-0.049298659692546
-0.049243179585448
-0.049188197855239
-0.049133712123521
-0.049079720038061
-0.049026219272536
-0.048973207526272
-0.048920682523996
-0.048868642015588
-0.04881708377584
-0.048766005604211
-0.048715405324594
-0.048665280785086
-0.048615629857754
-0.048566450438413
-0.048517740446404
-0.048469497824374
-0.048421720538061
-0.048374406576083
-0.048327553949731
-0.048281160692758
-0.048235224861183
-0.048189744533087
-0.048144717808421
-0.048100142808807
-0.048056017677356
-0.048012340578471
-0.047969109697671
-0.047926323241404
-0.04788397943687
-0.047842076531843
-0.047800612794502
-0.047759586513256
-0.047718995996575
-0.04767883957283
-0.047639115590122
-0.047599822416129
-0.047560958437942
-0.047522522061915
-0.047484511713503
-0.047446925837123
-0.047409762895994
-0.047373021371996
-0.047336699765529
-0.047300796595364
-0.047265310398508
-0.047230239730068
-0.04719558316311
-0.047161339288532
-0.047127506714928
-0.047094084068465
-0.047061069992748
-0.047028463148702
-0.046996262214448
-0.046964465885177
-0.046933072873037
-0.046902081907014
-0.046871491732815
-0.046841301112757
-0.046811508825654
-0.046782113666708
-0.046753114447402
-0.046724509995392
-0.046696299154405
-0.046668480784135
-0.046641053760141
-0.046614016973751
-0.046587369331963
-0.046561109757349
-0.046535237187961
-0.046509750577238
-0.046484648893916
-0.046459931121941
-0.046435596260375
-0.046411643323318
-0.046388071339816
-0.046364879353783
-0.046342066423917
-0.046319631623622
-0.046297574040928
-0.046275892778412
-0.046254586953129
-0.046233655696531
-0.046213098154397
-0.046192913486762
-0.046173100867848
-0.046153659485993
-0.046134588543588
-0.046115887257006
-0.046097554856542
-0.046079590586348
-0.046061993704373
-0.0460447634823
-0.04602789920549
-0.046011400172923
-0.045995265697142
-0.045979495104197
-0.045964087733592
-0.045949042938232
-0.045934360084373
-0.045920038551573
-0.045906077732636
-0.045892477033577
-0.045879235873564
-0.045866353684879
-0.045853829912873
-0.045841664015923
-0.045829855465392
-0.045818403745586
-0.045807308353719
-0.045796568799872
-0.045786184606955
-0.045776155310677
-0.045766480459508
-0.045757159614643
-0.045748192349979
-0.045739578252073
-0.045731316920122
-0.045723407965928
-0.045715851013874
-0.045708645700895
-0.045701791676457
-0.045695288602529
-0.045689136153562
-0.045683334016467
-0.045677881890593
-0.045672779487711
-0.045668026531992
-0.04566362275999
-0.045659567920629
-0.045655861775184
-0.04565250409727
-0.045649494672827
-0.045646833300108
-0.045644519789673
-0.045642553964372
-0.045640935659342
-0.045639664721998
-0.045638741012027
-0.045638164401382
-0.045637934774278
-0.04563805202719
-0.04563851606885
-0.045639326820248
-0.045640484214629
-0.045641988197498
-0.045643838726621
-0.045646035772026
-0.045648579316014
-0.045651469353159
-0.045654705890316
-0.045658288946631
-0.04566221855355
-0.045666494754828
-0.045671117606538
-0.04567608717709
-0.045681403547239
-0.045687066810101
-0.045693077071171
-0.045699434448336
-0.045706139071898
-0.04571319108459
-0.045720590641597
-0.045728337910575
-0.045736433071682
-0.045744876317593
-0.045753667853528
-0.045762807897279
-0.045772296679237
-0.045782134442422
-0.045792321442509
-0.045802857947863
-0.045813744239567
-0.045824980611461
-0.045836567370169
-0.045848504835142
-0.045860793338692
-0.045873433226028
-0.045886424855299
-0.045899768597635
-0.045913464837183
-0.045927513971158
-0.045941916409884
-0.045956672576838
-0.0459717829087
-0.045987247855401
-0.046003067880171
-0.04601924345959
-0.046035775083645
-0.046052663255775
-0.046069908492937
-0.046087511325651
-0.046105472298067
-0.046123791968019
-0.046142470907088
-0.046161509700661
-0.046180908947999
-0.046200669262298
-0.046220791270757
-0.046241275614644
-0.046262122949368
-0.046283333944547
-0.046304909284084
-0.046326849666236
-0.04634915580369
-0.046371828423645
-0.046394868267885
-0.046418276092859
-0.046442052669766
-0.046466198784635
-0.046490715238414
-0.046515602847049
-0.04654086244158
-0.046566494868226
-0.046592500988479
-0.046618881679195
-0.04664563783269
-0.046672770356837
-0.046700280175164
-0.046728168226955
-0.046756435467352
-0.046785082867455
-0.046814111414437
-0.04684352211164
-0.046873315978695
-0.046903494051626
-0.046934057382969
-0.046965007041882
-0.046996344114268
-0.04702806970289
-0.047060184927495
-0.047092690924937
-0.047125588849301
-0.047158879872036
-0.047192565182078
-0.047226645985986
-0.047261123508077
-0.04729599899056
-0.04733127369368
-0.047366948895851
-0.047403025893808
-0.047439506002745
-0.047476390556472
-0.047513680907557
-0.047551378427486
-0.047589484506815
-0.04762800055533
-0.047666928002206
-0.047706268296171
-0.047746022905674
-0.047786193319051
-0.047826781044699
-0.047867787611248
-0.047909214567738
-0.047951063483802
-0.047993335949844
-0.048036033577228
-0.048079157998467
-0.048122710867411
-0.048166693859447
-0.048211108671691
-0.048255957023192
-0.048301240655139
-0.048346961331062
-0.048393120837047
-0.048439720981949
-0.048486763597609
-0.048534250539077
-0.048582183684833
-0.048630564937016
-0.048679396221659
-0.048728679488918
-0.048778416713317
-0.048828609893988
-0.048879261054916
-0.048930372245193
-0.04898194553927
-0.049033983037217
-0.049086486864985
-0.049139459174674
-0.049192902144801
-0.049246817980579
-0.049301208914195
-0.049356077205096
-0.049411425140275
-0.049467255034566
-0.049523569230944
-0.049580370100825
-0.049637660044376
-0.049695441490824
-0.04975371689878
-0.049812488756556
-0.049871759582499
-0.049931531925316
-0.049991808364423
-0.050052591510281
-0.050113884004749
-0.050175688521441
-0.050238007766087
-0.050300844476896
-0.050364201424935
-0.050428081414507
-0.050492487283532
-0.050557421903945
-0.050622888182093
-0.050688889059134
-0.050755427511459
-0.050822506551102
-0.050890129226169
-0.050958298621268
-0.051027017857954
-0.051096290095171
-0.051166118529706
-0.051236506396656
-0.051307456969894
-0.051378973562549
-0.05145105952749
-0.051523718257821
-0.051596953187383
-0.051670767791269
-0.051745165586338
-0.051820150131747
-0.051895725029489
-0.051971893924938
-0.052048660507409
-0.052126028510721
-0.052204001713775
-0.052282583941138
-0.052361779063643
-0.052441590998991
-0.052522023712373
-0.052603081217095
-0.052684767575218
-0.052767086898212
-0.052850043347611
-0.052933641135697
-0.053017884526179
-0.053102777834892
-0.053188325430512
-0.053274531735278
-0.053361401225727
-0.05344893843345
-0.053537147945849
-0.053626034406922
-0.053715602518052
-0.053805857038815
-0.053896802787803
-0.05398844464346
-0.054080787544937
-0.05417383649296
-0.054267596550717
-0.054362072844755
-0.054457270565908
-0.054553194970226
-0.054649851379934
-0.054747245184403
-0.054845381841143
-0.054944266876813
-0.055043905888252
-0.055144304543527
-0.05524546858301
-0.055347403820462
-0.055450116144155
-0.055553611518
-0.055657895982712
-0.055762975656985
-0.055868856738702
-0.055975545506162
-0.056083048319333
-0.056191371621136
-0.056300521938743
-0.056410505884919
-0.056521330159372
-0.056633001550151
-0.056745526935051
-0.056858913283072
-0.056973167655884
-0.057088297209342
-0.057204309195023
-0.057321210961797
-0.057439009957434
-0.057557713730245
-0.057677329930755
-0.057797866313416
-0.057919330738354
-0.05804173117316
-0.058165075694711
-0.058289372491041
-0.058414629863245
-0.058540856227433
-0.058668060116719
-0.058796250183267
-0.058925435200365
-0.05905562406457
-0.059186825797879
-0.059319049549962
-0.059452304600448
-0.059586600361256
-0.059721946378986
-0.059858352337364
-0.059995828059747
-0.060134383511681
-0.060274028803528
-0.060414774193152
-0.060556630088664
-0.060699607051246
-0.060843715798031
-0.06098896720506
-0.061135372310311
-0.061282942316801
-0.061431688595766
-0.061581622689921
-0.061732756316799
-0.061885101372177
-0.062038669933589
-0.062193474263924
-0.062349526815126
-0.062506840231976
-0.062665427355983
-0.062825301229374
-0.062986475099182
-0.06314896242145
-0.063312776865543
-0.063477932318575
-0.063644442889955
-0.063812322916054
-0.063981586965
-0.064152249841606
-0.064324326592427
-0.064497832510963
-0.064672783143001
-0.064849194292108
-0.065027082025284
-0.06520646267876
-0.065387352863978
-0.065569769473726
-0.065753729688461
-0.06593925098281
-0.066126351132255
-0.066315048220023
-0.06650536064417
-0.066697307124882
-0.066890906711982
-0.067086178792675
-0.067283143099519
-0.067481819718631
-0.067682229098157
-0.067884392056991
-0.068088329793763
-0.068294063896112
-0.068501616350239
-0.068711009550771
-0.068922266310923
-0.069135409872991
-0.06935046391918
-0.069567452582775
-0.069786400459676
-0.070007332620307
-0.070230274621916
-0.070455252521275
-0.070682292887805
-0.070911422817136
-0.071142669945119
-0.071376062462314
-0.071611629128964
-0.071849399290483
-0.072089402893475
-0.072331670502303
-0.072576233316237
-0.072823123187192
-0.073072372638103
-0.073324014881938
-0.073578083841388
-0.073834614169265
-0.074093641269635
-0.074355201319707
-0.074619331292529
-0.07488606898051
-0.075155453019808
-0.075427522915627
-0.07570231906845
-0.075979882801263
-0.076260256387802
-0.076543483081876
-0.076829607147805
-0.077118673892034
-0.077410729695963
-0.077705822050057
-0.078003999589292
-0.07830531212999
-0.078609810708121
-0.078917547619121
-0.079228576459315
-0.079542952169003
-0.079860731077296
-0.080181970948783
-0.080506731032107
-0.080835072110554
-0.081167056554743
-0.08150274837751
-0.081842213291105
-0.082185518766813
-0.082532734097101
-0.082883930460429
-0.08323918098886
-0.083598560838583
-0.083962147263524
-0.08433001969218
-0.084702259807831
-0.085078951632333
-0.085460181613628
-0.085846038717206
-0.086236614521679
-0.086632003318716
-0.087032302217539
-0.087437611254227
-0.087848033506087
-0.088263675211336
-0.088684645894409
-0.089111058497156
-0.089543029516276
-0.089980679147291
-0.090424131435451
-0.090873514433911
-0.091328960369602
-0.091790605817211
-0.092258591881716
-0.092733064389962
-0.093214174091768
-0.093702076871119
-0.094196933968006
-0.094698912211509
-0.095208184264793
-0.09572492888268
-0.096249331182531
-0.096781582929224
-0.097321882835041
-0.097870436875351
-0.09842745862102
-0.098993169588559
-0.099567799609049
-0.10015158721701
-0.10074478006041
-0.10134763533306
-0.10196042023091
-0.10258341243352
-0.10321690061247
-0.10386118496827
-0.10451657779762
-0.10518340409292
-0.10586200217611
-0.10655272436903
-0.10725593770272
-0.10797202466798
-0.10870138401029
-0.10944443157152
-0.11020160118202
-0.11097334560601
-0.11176013754423
-0.11256247069746
-0.11338086089516
-0.11421584729372
-0.11506799364906
-0.11593788966876
-0.11682615244935
-0.11773342800463
-0.1186603928916
-0.11960775594093
-0.12057626009943
-0.12156668439273
-0.12257984601683
-0.12361660256809
-0.12467785442186
-0.12576454727071
-0.12687767483448
-0.12801828175491
-0.12918746668901
-0.13038638561641
-0.13161625537718
-0.13287835745814
-0.134174042047
-0.13550473237574
-0.13687192937593
-0.13827721667135
-0.1397222659349
-0.14120884263965
-0.14273881223632
-0.14431414679245
-0.14593693213173
-0.14760937551568
-0.14933381391332
-0.15111272290931
-0.15294872630528
-0.15484460647463
-0.1568033155365
-0.15882798742129
-0.16092195090672
-0.16308874371158
-0.16533212774248
-0.16765610559865
-0.17006493845029
-0.17256316541746
-0.17515562458955
-0.17784747583978
-0.18064422560476
-0.18355175381729
-0.18657634319991
-0.18972471114878
-0.19300404446201
-0.19642203719356
-0.19998693194445
-0.20370756493689
-0.20759341525485
-0.21165465867707
-0.21590222657609
-0.22034787040989
-0.22500423239254
-0.22988492299722
-0.23500460601972
-0.24037909201554
-0.24602544101793
-0.25196207555146
-0.2582089050758
-0.26478746312967
-0.2717210585982
-0.27903494269876
-0.28675649347581
-0.29491541981481
-0.30354398723486
-0.3126772680013
-0.32235341841908
-0.33261398652979
-0.34350425384601
-0.35507361522327
-0.36737600149975
-0.38047035013657
-0.39442112977742
-0.409298925427
-0.4251810918377
-0.44215248370891
-0.460306272461
-0.47974486066896
-0.50058090675164
