-1.334722169259
-1.0790126474478
-0.92688263692675
-0.82892337711738
-0.7569558839464
-0.69936541545076
-0.65095184149451
-0.60907948508629
-0.57223348510633
-0.53944087635805
-0.51001917870126
-0.48345780331229
-0.45935720389388
-0.4373949335436
-0.41730514049289
-0.39886526272611
-0.381886855203
-0.36620895133776
-0.35169307465895
-0.33821938216062
-0.32568361775762
-0.31399466587851
-0.30307256177847
-0.2928468567979
-0.28325526403917
-0.27424252848707
-0.26575947867102
-0.25776222644906
-0.25021148853602
-0.24307200873194
-0.23631206391104
-0.22990304003139
-0.22381906694719
-0.21803670281119
-0.21253466046248
-0.20729356949214
-0.20229576873264
-0.1975251247763
-0.1929668728332
-0.18860747681995
-0.18443450605084
-0.18043652630226
-0.17660300335366
-0.17292421738664
-0.169391186857
-0.16599560065127
-0.16272975750517
-0.15958651180177
-0.15655922498662
-0.15364172193865
-0.15082825172245
-0.14811345222163
-0.14549231821675
-0.14296017252623
-0.14051263987548
-0.13814562320075
-0.13585528212922
-0.1336380134075
-0.13149043307751
-0.12940936022188
-0.12739180212111
-0.12543494068258
-0.12353612001718
-0.12169283505246
-0.11990272108382
-0.11816354417525
-0.1164731923308
-0.11482966736597
-0.11323107741559
-0.11167563002128
-0.11016162574701
-0.10868745227683
-0.10725157895282
-0.10585255171597
-0.10448898841568
-0.10315957445735
-0.10186305875991
-0.10059824999828
-0.099364013107428
-0.098159266027442
-0.096982976670367
-0.095834160091569
-0.094711875849794
-0.093615225541472
-0.092543350496074
-0.091495429620463
-0.090470677381167
-0.089468341914448
-0.088487703254892
-0.087528071673944
-0.086588786120605
-0.085669212757028
-0.084768743582401
-0.083886795139005
-0.083022807294787
-0.082176242097279
-0.081346582694011
-0.080533332315049
-0.079736013313456
-0.078954166260002
-0.078187349088474
-0.077435136288411
-0.076697118142226
-0.075972900003875
-0.075262101616507
-0.074564356466636
-0.073879311172623
-0.073206624905335
-0.072545968839057
-0.071897025630829
-0.071259488926479
-0.070633062891865
-0.070017461767745
-0.069412409446972
-0.068817639072673
-0.068232892656265
-0.067657920714137
-0.06709248192196
-0.066536342785656
-0.065989277328072
-0.065451066790515
-0.064921499348336
-0.064400369839782
-0.063887479507422
-0.063382635751474
-0.062885651894378
-0.062396346956059
-0.061914545439285
-0.06144007712463
-0.060972776874517
-0.060512484445892
-0.060059044311096
-0.059612305486508
-0.059172121368568
-0.058738349576837
-0.058310851803721
-0.05788949367052
-0.057474144589571
-0.057064677632058
-0.056660969401345
-0.056262899911503
-0.05587035247079
-0.055483213569854
-0.055101372774451
-0.054724722622452
-0.054353158524945
-0.053986578671241
-0.053624883937626
-0.053267977799657
-0.052915766247861
-0.052568157706684
-0.052225062956551
-0.051886395058874
-0.051552069283913
-0.051222003041334
-0.050896115813372
-0.050574329090474
-0.050256566309308
-0.049942752793057
-0.049632815693882
-0.049326683937483
-0.049024288169637
-0.048725560704675
-0.048430435475783
-0.048138847987055
-0.047850735267248
-0.047566035825153
-0.047284689606518
-0.04700663795245
-0.046731823559279
-0.046460190439763
-0.046191683885633
-0.045926250431395
-0.045663837819367
-0.045404394965867
-0.045147871928536
-0.044894219874744
-0.044643391051041
-0.044395338753591
-0.044150017299592
-0.043907381999605
-0.043667389130796
-0.043429995910999
-0.043195160473655
-0.042962841843509
-0.042732999913083
-0.042505595419905
-0.042280589924427
-0.042057945788649
-0.041837626155382
-0.041619594928177
-0.041403816751844
-0.041190256993579
-0.04097888172466
-0.040769657702693
-0.040562552354392
-0.040357533758877
-0.040154570631467
-0.039953632307943
-0.039754688729292
-0.03955771042689
-0.039362668508101
-0.039169534642333
-0.038978281047452
-0.038788880476615
-0.038601306205479
-0.038415532019754
-0.038231532203142
-0.038049281525572
-0.037868755231814
-0.037689929030372
-0.037512779082715
-0.03733728199278
-0.037163414796789
-0.036991154953328
-0.036820480333707
-0.036651369212579
-0.036483800258811
-0.036317752526605
-0.036153205446855
-0.035990138818742
-0.035828532801535
-0.035668367906637
-0.035509624989803
-0.035352285243608
-0.035196330190069
-0.035041741673499
-0.034888501853499
-0.034736593198184
-0.034585998477545
-0.034436700756977
-0.034288683391041
-0.034141930017258
-0.033996424550201
-0.03385215117562
-0.033709094344791
-0.033567238768966
-0.033426569413977
-0.033287071494966
-0.033148730471256
-0.033011532041329
-0.03287546213795
-0.03274050692339
-0.032606652784783
-0.032473886329577
-0.032342194381106
-0.032211563974265
-0.032081982351295
-0.031953436957652
-0.031825915437992
-0.031699405632242
-0.031573895571762
-0.031449373475597
-0.03132582774683
-0.031203246968995
-0.031081619902599
-0.0309609354817
-0.030841182810587
-0.030722351160521
-0.030604429966551
-0.030487408824409
-0.030371277487471
-0.030256025863788
-0.030141644013186
-0.030028122144417
-0.029915450612405
-0.029803619915514
-0.029692620692905
-0.029582443721937
-0.029473079915639
-0.029364520320217
-0.029256756112637
-0.029149778598243
-0.029043579208438
-0.028938149498413
-0.028833481144916
-0.028729565944087
-0.028626395809316
-0.02852396276917
-0.028422258965341
-0.028321276650663
-0.028221008187148
-0.028121446044073
-0.028022582796111
-0.027924411121489
-0.027826923800201
-0.027730113712237
-0.027633973835874
-0.027538497245977
-0.027443677112347
-0.027349506698118
-0.027255979358142
-0.027163088537461
-0.027070827769774
-0.026979190675947
-0.026888170962542
-0.026797762420406
-0.02670795892324
-0.026618754426248
-0.026530142964771
-0.026442118652973
-0.026354675682544
-0.026267808321425
-0.026181510912571
-0.02609577787272
-0.026010603691205
-0.02592598292877
-0.025841910216428
-0.025758380254316
-0.025675387810613
-0.025592927720425
-0.025510994884742
-0.025429584269377
-0.025348690903947
-0.025268309880864
-0.025188436354353
-0.025109065539477
-0.025030192711191
-0.024951813203406
-0.024873922408069
-0.024796515774276
-0.024719588807383
-0.024643137068137
-0.024567156171835
-0.02449164178748
-0.024416589636971
-0.024341995494294
-0.024267855184731
-0.024194164584093
-0.024120919617945
-0.024048116260875
-0.023975750535745
-0.023903818512984
-0.023832316309866
-0.023761240089828
-0.023690586061772
-0.023620350479412
-0.023550529640599
-0.023481119886681
-0.023412117601865
-0.023343519212597
-0.023275321186935
-0.02320752003396
-0.023140112303174
-0.023073094583922
-0.023006463504812
-0.022940215733163
-0.022874347974443
-0.022808856971729
-0.022743739505168
-0.02267899239146
-0.022614612483333
-0.022550596669039
-0.022486941871855
-0.022423645049593
-0.022360703194111
-0.022298113330847
-0.022235872518346
-0.022173977847808
-0.022112426442623
-0.022051215457948
-0.021990342080249
-0.021929803526886
-0.021869597045685
-0.021809719914523
-0.021750169440918
-0.021690942961633
-0.021632037842275
-0.021573451476902
-0.021515181287655
-0.021457224724362
-0.021399579264183
-0.02134224241124
-0.02128521169625
-0.021228484676188
-0.021172058933924
-0.021115932077894
-0.021060101741752
-0.021004565584046
-0.020949321287888
-0.020894366560635
-0.020839699133571
-0.020785316761604
-0.020731217222944
-0.020677398318815
-0.020623857873155
-0.020570593732319
-0.020517603764797
-0.020464885860927
-0.02041243793262
-0.02036025791308
-0.020308343756537
-0.020256693437977
-0.020205304952887
-0.020154176316985
-0.020103305565983
-0.020052690755312
-0.020002329959899
-0.019952221273906
-0.019902362810503
-0.019852752701624
-0.019803389097736
-0.019754270167615
-0.019705394098109
-0.01965675909393
-0.019608363377422
-0.019560205188357
-0.019512282783707
-0.019464594437453
-0.019417138440363
-0.019369913099794
-0.019322916739496
-0.019276147699404
-0.019229604335452
-0.019183285019381
-0.019137188138538
-0.019091312095709
-0.019045655308917
-0.019000216211248
-0.018954993250674
-0.018909984889875
-0.018865189606062
-0.018820605890816
-0.018776232249904
-0.018732067203125
-0.018688109284143
-0.018644357040322
-0.018600809032565
-0.018557463835166
-0.018514320035643
-0.018471376234594
-0.018428631045545
-0.018386083094793
-0.018343731021273
-0.018301573476397
-0.018259609123925
-0.01821783663982
-0.018176254712106
-0.018134862040734
-0.018093657337445
-0.018052639325641
-0.018011806740243
-0.017971158327577
-0.017930692845237
-0.017890409061951
-0.017850305757473
-0.017810381722451
-0.017770635758305
-0.017731066677107
-0.017691673301469
-0.017652454464421
-0.017613409009299
-0.017574535789623
-0.017535833669011
-0.017497301521024
-0.017458938229102
-0.017420742686428
-0.017382713795838
-0.017344850469705
-0.017307151629837
-0.017269616207385
-0.017232243142729
-0.017195031385389
-0.017157979893918
-0.017121087635814
-0.017084353587415
-0.017047776733812
-0.017011356068753
-0.016975090594552
-0.016938979321995
-0.016903021270254
-0.016867215466796
-0.016831560947298
-0.016796056755555
-0.016760701943401
-0.016725495570625
-0.016690436704882
-0.016655524421616
-0.016620757803976
-0.016586135942736
-0.016551657936222
-0.016517322890223
-0.016483129917924
-0.016449078139821
-0.016415166683655
-0.016381394684332
-0.016347761283847
-0.016314265631222
-0.016280906882418
-0.016247684200285
-0.01621459675447
-0.016181643721368
-0.016148824284039
-0.016116137632149
-0.016083582961898
-0.01605115947596
-0.016018866383413
-0.015986702899681
-0.01595466824646
-0.015922761651664
-0.015890982349367
-0.015859329579727
-0.015827802588941
-0.015796400629175
-0.015765122958508
-0.015733968840879
-0.015702937546018
-0.015672028349403
-0.01564124053219
-0.01561057338117
-0.015580026188701
-0.015549598252668
-0.015519288876417
-0.015489097368707
-0.015459023043661
-0.015429065220706
-0.015399223224529
-0.015369496385025
-0.01533988403724
-0.015310385521335
-0.015281000182525
-0.015251727371033
-0.015222566442046
-0.015193516755669
-0.015164577676871
-0.015135748575442
-0.015107028825955
-0.015078417807706
-0.015049914904683
-0.015021519505513
-0.014993231003425
-0.014965048796201
-0.014936972286137
-0.01490900088
-0.014881133988984
-0.014853371028675
-0.014825711419002
-0.014798154584204
-0.014770699952783
-0.014743346957473
-0.014716095035191
-0.014688943627012
-0.014661892178112
-0.014634940137749
-0.014608086959216
-0.014581332099805
-0.014554675020771
-0.014528115187298
-0.014501652068456
-0.01447528513718
-0.014449013870219
-0.014422837748112
-0.01439675625515
-0.014370768879341
-0.014344875112381
-0.014319074449615
-0.014293366390012
-0.014267750436124
-0.014242226094058
-0.014216792873447
-0.014191450287417
-0.014166197852549
-0.01414103508886
-0.014115961519765
-0.014090976672047
-0.014066080075833
-0.014041271264559
-0.014016549774941
-0.013991915146951
-0.013967366923781
-0.013942904651826
-0.013918527880642
-0.01389423616293
-0.013870029054504
-0.013845906114264
-0.013821866904168
-0.013797910989209
-0.013774037937387
-0.013750247319682
-0.013726538710031
-0.013702911685298
-0.013679365825253
-0.013655900712551
-0.013632515932694
-0.013609211074019
-0.013585985727672
-0.01356283948758
-0.013539771950426
-0.013516782715633
-0.013493871385338
-0.013471037564363
-0.013448280860203
-0.013425600882992
-0.013402997245491
-0.01338046956306
-0.013358017453635
-0.013335640537714
-0.013313338438328
-0.013291110781023
-0.01326895719384
-0.013246877307289
-0.013224870754338
-0.013202937170384
-0.013181076193237
-0.013159287463098
-0.013137570622543
-0.013115925316499
-0.013094351192226
-0.0130728478993
-0.013051415089593
-0.013030052417253
-0.013008759538685
-0.012987536112536
-0.012966381799674
-0.012945296263169
-0.012924279168279
-0.01290333018243
-0.012882448975194
-0.012861635218284
-0.012840888585523
-0.012820208752833
-0.012799595398223
-0.012779048201761
-0.01275856684557
-0.012738151013801
-0.012717800392623
-0.012697514670205
-0.012677293536703
-0.012657136684236
-0.012637043806882
-0.012617014600652
-0.012597048763481
-0.012577145995212
-0.012557305997578
-0.012537528474191
-0.012517813130525
-0.0124981596739
-0.012478567813474
-0.012459037260217
-0.012439567726911
-0.012420158928125
-0.012400810580202
-0.012381522401255
-0.012362294111141
-0.012343125431457
-0.012324016085518
-0.01230496579835
-0.012285974296677
-0.012267041308902
-0.012248166565101
-0.012229349797004
-0.012210590737991
-0.012191889123068
-0.012173244688863
-0.012154657173613
-0.012136126317145
-0.012117651860874
-0.01209923354778
-0.012080871122408
-0.012062564330845
-0.012044312920717
-0.01202611664117
-0.012007975242865
-0.011989888477966
-0.011971856100117
-0.011953877864455
-0.01193595352757
-0.011918082847517
-0.011900265583796
-0.011882501497338
-0.011864790350502
-0.011847131907056
-0.011829525932179
-0.011811972192429
-0.011794470455762
-0.011777020491494
-0.011759622070308
-0.01174227496424
-0.011724978946668
-0.011707733792296
-0.011690539277157
-0.011673395178597
-0.011656301275256
-0.011639257347079
-0.011622263175291
-0.011605318542389
-0.011588423232135
-0.011571577029555
-0.011554779720912
-0.011538031093714
-0.011521330936697
-0.011504679039816
-0.011488075194236
-0.011471519192332
-0.011455010827662
-0.01143854989498
-0.011422136190212
-0.011405769510453
-0.011389449653958
-0.011373176420136
-0.011356949609539
-0.011340769023855
-0.011324634465896
-0.0113085457396
-0.011292502650012
-0.011276505003283
-0.011260552606658
-0.011244645268473
-0.011228782798143
-0.011212965006155
-0.011197191704065
-0.011181462704479
-0.011165777821068
-0.01115013686853
-0.011134539662613
-0.011118986020082
-0.011103475758731
-0.011088008697368
-0.011072584655804
-0.011057203454854
-0.011041864916326
-0.011026568863014
-0.011011315118691
-0.010996103508107
-0.010980933856973
-0.010965805991962
-0.010950719740702
-0.010935674931764
-0.010920671394663
-0.010905708959842
-0.010890787458677
-0.010875906723462
-0.010861066587406
-0.010846266884631
-0.010831507450147
-0.01081678811988
-0.010802108730631
-0.010787469120091
-0.010772869126828
-0.010758308590283
-0.010743787350762
-0.010729305249431
-0.010714862128314
-0.010700457830279
-0.010686092199038
-0.010671765079147
-0.010657476315985
-0.010643225755763
-0.010629013245509
-0.010614838633073
-0.010600701767109
-0.010586602497075
-0.010572540673231
-0.010558516146631
-0.01054452876912
-0.01053057839332
-0.010516664872636
-0.010502788061245
-0.010488947814092
-0.010475143986888
-0.010461376436095
-0.010447645018935
-0.010433949593376
-0.010420290018127
-0.010406666152638
-0.010393077857093
-0.010379524992402
-0.0103660074202
-0.010352525002843
-0.010339077603401
-0.010325665085654
-0.010312287314087
-0.010298944153885
-0.01028563547093
-0.0102723611318
-0.010259121003752
-0.010245914954734
-0.010232742853368
-0.010219604568953
-0.010206499971455
-0.010193428931507
-0.010180391320406
-0.010167387010102
-0.0101544158732
-0.010141477782955
-0.010128572613264
-0.010115700238666
-0.010102860534338
-0.010090053376089
-0.010077278640351
-0.01006453620419
-0.010051825945287
-0.010039147741938
-0.010026501473058
-0.010013887018165
-0.010001304257386
-0.0099887530714476
-0.0099762333416737
-0.0099637449499834
-0.0099512877788811
-0.009938861711471
-0.0099264666314227
-0.0099141024229976
-0.0099017689710263
-0.0098894661609127
-0.0098771938786315
-0.0098649520107213
-0.0098527404442794
-0.0098405590669652
-0.0098284077669892
-0.0098162864331161
-0.0098041949546563
-0.0097921332214646
-0.0097801011239385
-0.0097680985530091
-0.0097561254001475
-0.0097441815573538
-0.0097322669171537
-0.0097203813725972
-0.009708524817267
-0.0096966971452426
-0.0096848982511412
-0.0096731280300771
-0.0096613863776791
-0.0096496731900821
-0.0096379883639226
-0.0096263317963353
-0.009614703384956
-0.0096031030279116
-0.0095915306238185
-0.0095799860717795
-0.0095684692713909
-0.0095569801227221
-0.009545518526324
-0.0095340843832268
-0.0095226775949282
-0.0095112980634018
-0.0094999456910869
-0.009488620380888
-0.0094773220361704
-0.009466050560762
-0.0094548058589437
-0.0094435878354534
-0.0094323963954798
-0.0094212314446563
-0.0094100928890686
-0.0093989806352421
-0.0093878945901432
-0.0093768346611777
-0.0093658007561854
-0.0093547927834393
-0.0093438106516446
-0.009332854269933
-0.0093219235478619
-0.0093110183954119
-0.0093001387229842
-0.0092892844413974
-0.0092784554618865
-0.0092676516961001
-0.0092568730560949
-0.0092461194543394
-0.0092353908037067
-0.009224687017473
-0.0092140080093175
-0.0092033536933172
-0.0091927239839454
-0.00918211879607
-0.0091715380449538
-0.0091609816462466
-0.0091504495159861
-0.0091399415705943
-0.0091294577268824
-0.0091189979020345
-0.0091085620136195
-0.0090981499795806
-0.0090877617182357
-0.0090773971482758
-0.00906705618876
-0.0090567387591223
-0.009046444779153
-0.0090361741690141
-0.0090259268492253
-0.0090157027406683
-0.0090055017645832
-0.0089953238425648
-0.0089851688965615
-0.0089750368488712
-0.0089649276221502
-0.0089548411393934
-0.0089447773239465
-0.0089347360994964
-0.0089247173900757
-0.0089147211200546
-0.0089047472141418
-0.0088947955973832
-0.0088848661951613
-0.0088749589331811
-0.0088650737374951
-0.0088552105344723
-0.0088453692508093
-0.0088355498135349
-0.0088257521499963
-0.0088159761878663
-0.008806221855131
-0.0087964890800983
-0.0087867777913969
-0.008777087917966
-0.0087674193890529
-0.0087577721342269
-0.0087481460833593
-0.0087385411666304
-0.0087289573145275
-0.0087193944578435
-0.0087098525276713
-0.008700331455405
-0.0086908311727449
-0.0086813516116805
-0.0086718927044995
-0.0086624543837882
-0.008653036582423
-0.0086436392335719
-0.0086342622706927
-0.008624905627533
-0.008615569238125
-0.0086062530367876
-0.0085969569581236
-0.0085876809370142
-0.0085784249086275
-0.0085691888084056
-0.0085599725720703
-0.0085507761356209
-0.0085415994353266
-0.0085324424077353
-0.0085233049896614
-0.0085141871181958
-0.0085050887306924
-0.0084960097647722
-0.0084869501583297
-0.0084779098495147
-0.0084688887767446
-0.008459886878701
-0.0084509040943201
-0.0084419403628007
-0.0084329956235993
-0.0084240698164248
-0.008415162881247
-0.0084062747582847
-0.0083974053880107
-0.0083885547111475
-0.0083797226686677
-0.0083709092017932
-0.0083621142519912
-0.0083533377609745
-0.008344579670702
-0.0083358399233738
-0.0083271184614322
-0.0083184152275628
-0.0083097301646844
-0.008301063215959
-0.0082924143247855
-0.0082837834347939
-0.0082751704898522
-0.008266575434062
-0.0082579982117537
-0.0082494387674909
-0.0082408970460649
-0.0082323729924978
-0.0082238665520361
-0.0082153776701545
-0.0082069062925504
-0.0081984523651475
-0.0081900158340888
-0.0081815966457416
-0.0081731947466913
-0.0081648100837438
-0.0081564426039228
-0.0081480922544659
-0.0081397589828322
-0.0081314427366911
-0.0081231434639247
-0.0081148611126341
-0.008106595631123
-0.0080983469679113
-0.0080901150717264
-0.0080818998915038
-0.0080737013763858
-0.0080655194757219
-0.0080573541390661
-0.0080492053161749
-0.0080410729570103
-0.0080329570117352
-0.0080248574307124
-0.0080167741645063
-0.0080087071638788
-0.0080006563797902
-0.0079926217633979
-0.007984603266055
-0.0079766008393094
-0.0079686144349047
-0.0079606440047743
