-0.49999999900674
-0.4518179480212
-0.4084526442563
-0.36940498599941
-0.33422939678554
-0.30252789555548
-0.27394484399091
-0.24816229149468
-0.22489584786933
-0.20389102214794
-0.18491997340035
-0.16777862580187
-0.15228410592693
-0.13827246521225
-0.12559665491247
-0.11412472471822
-0.10373821958993
-0.094330752336375
-0.085806732086221
-0.078080231106363
-0.071073974452115
-0.064718438723916
-0.0589510477831
-0.053715454670882
-0.04896090020261
-0.044641639793298
-0.040716431027695
-0.037148075333966
-0.033903007867632
-0.030950930373535
-0.028264482378486
-0.025818946584877
-0.023591984793996
-0.021563401093751
-0.019714929405431
-0.018030042803211
-0.016493782303094
-0.01509260306916
-0.013814236207963
-0.012647564519971
-0.011582510752873
-0.010609937058074
-0.0097215544907433
-0.0089098415176021
-0.0081679706068029
-0.0074897420723253
-0.0068695244327398
-0.00630220062207
-0.0057831194599202
-0.0053080518499948
-0.0048731512313996
-0.0044749178564686
-0.0041101665129303
-0.0037759973476004
-0.0034697694839875
-0.0031890771576693
-0.0029317281214482
-0.0026957240974964
-0.0024792430762501
-0.0022806232820279
-0.0020983486434342
-0.0019310356228568
-0.0017774212738947
-0.0016363524086277
-0.0015067757683307
-0.0013877291017824
-0.0012783330647221
-0.0011777838625361
-0.0010853465658508
-0.0010003490355899
-0.00092217640020157
-0.0008502660333311
-0.00078410298519636
-0.00072321582542941
-0.00066717285919997
-0.00061557868208471
-0.00056807104244497
-0.0005243179830371
-0.00048401523626239
-0.00044688384988
-0.00041266802218661
-0.00038113312763586
-0.00035206391565414
-0.00032526286701277
-0.00030054869357486
-0.00027775496854614
-0.0002567288755507
-0.00023733006592659
-0.00021942961461335
-0.00020290906588123
-0.00018765956095237
-0.0001735810402922
-0.00016058151399446
-0.00014857639429272
-0.0001374878847549
-0.00012724442121937
-0.00011778015996637
-0.00010903450902569
-0.0001009516988895
-9.3480389221663e-05
-8.6573308470291e-05
-8.0186923553526e-05
-7.4281137044271e-05
-6.881900950334e-05
-6.3766504817364e-05
-5.9092256586768e-05
-5.4767353777285e-05
-5.0765144006883e-05
-4.7061052978995e-05
-4.3632418703076e-05
-4.045833926137e-05
-3.7519532985892e-05
-3.4798210010112e-05
-3.2277954244558e-05
-2.9943614912986e-05
-2.7781206851431e-05
-2.5777818847376e-05
-2.3921529354782e-05
-2.2201328979278e-05
-2.0607049165718e-05
-1.9129296597318e-05
-1.7759392823969e-05
-1.6489318698677e-05
-1.5311663230388e-05
-1.4219576491556e-05
-1.320672625349e-05
-1.2267258047821e-05
-1.1395758375505e-05
-1.0587220810124e-05
-9.8370147644748e-06
-9.1408567034119e-06
-8.4947836099233e-06
-7.8951285218765e-06
-7.3384979753382e-06
-6.8217512036038e-06
-6.3419809490654e-06
-5.8964957647548e-06
-5.4828036826904e-06
-5.0985971441923e-06
-4.7417390926991e-06
-4.410250134843e-06
-4.1022966888322e-06
-3.8161800413663e-06
-3.5503262415984e-06
-3.3032767679169e-06
-3.0736799061575e-06
-2.8602827848972e-06
-2.6619240147271e-06
-2.4775268883691e-06
-2.3060930947356e-06
-2.1466969075041e-06
-1.9984798148766e-06
-1.8606455522185e-06
-1.7324555090694e-06
-1.6132244825975e-06
-1.5023167471826e-06
-1.3991424217058e-06
-1.3031541051152e-06
-1.2138437658812e-06
-1.1307398625947e-06
-1.0534046772495e-06
-9.8143185038408e-07
-9.14444096012e-07
-8.5209108682822e-07
-7.9404749666778e-07
-7.4001118646463e-07
-6.8970152533296e-07
-6.4285783400547e-07
-5.9923794410602e-07
-5.5861686210424e-07
-5.2078553226435e-07
-4.8554968927757e-07
-4.5272879628459e-07
-4.221550581329e-07
-3.9367250948369e-07
-3.6713616719846e-07
-3.4241124461971e-07
-3.1937242526436e-07
-2.9790318562264e-07
-2.7789516892166e-07
-2.5924760489797e-07
-2.4186677063454e-07
-2.2566548971647e-07
-2.1056266879334e-07
-1.9648286669358e-07
-1.833558945627e-07
-1.711164451925e-07
-1.5970374802535e-07
-1.4906125012128e-07
-1.391363187971e-07
-1.2987996640984e-07
-1.212465938277e-07
-1.1319375310577e-07
-1.0568192676372e-07
-9.8674322364051e-08
-9.2136681918702e-08
-8.6037105455411e-08
-8.0345886046453e-08
-7.5035356768252e-08
-7.007975008658e-08
-6.5455062889362e-08
-6.1138936938041e-08
-5.7110543550416e-08
-5.3350477315855e-08
-4.9840657657793e-08
-4.6564237576431e-08
-4.3505517744237e-08
-4.0649868283528e-08
-3.7983653946753e-08
-3.5494165965569e-08
-3.3169558576429e-08
-3.0998789922171e-08
-2.8971565705658e-08
-2.707828890834e-08
-2.5310011670337e-08
-2.3658390819612e-08
-2.2115646583937e-08
-2.0674523771342e-08
-1.9328256508712e-08
-1.8070534487937e-08
-1.689547171576e-08
-1.5797578261496e-08
-1.4771732570071e-08
-1.3813157137617e-08
-1.2917394561144e-08
-1.2080286076005e-08
-1.1297951377643e-08
-1.0566769609326e-08
-9.8833617826058e-09
-9.2445750883923e-09
-8.6474661903759e-09
-8.0892887287253e-09
-7.5674787159629e-09
-7.0796432873219e-09
-6.623548190643e-09
-6.1971078603808e-09
-5.798375557394e-09
-5.4255331222777e-09
-5.0768832145686e-09
-4.7508409176584e-09
-4.4459262043853e-09
-4.160756769126e-09
-3.8940419184761e-09
-3.6445760236258e-09
-3.4112329097342e-09
-3.1929610660022e-09
-2.9887776341029e-09
-2.7977650998452e-09
-2.6190659235462e-09
-2.451879061062e-09
-2.2954559073712e-09
-2.1490974300736e-09
-2.0121499674383e-09
-1.8840030858143e-09
-1.7640858956463e-09
-1.6518654316848e-09
-1.54684334083e-09
-1.4485535420853e-09
-1.356560832987e-09
-1.2704581619413e-09
-1.1898652113314e-09
-1.1144263378905e-09
-1.0438090503011e-09
-9.7770260595062e-10
-9.1581628825716e-10
-8.5787845458747e-10
-8.036350459817e-10
-7.5284863739803e-10
-7.0529719473494e-10
-6.6077233202893e-10
-6.1908018399871e-10
-5.8003909267886e-10
-5.4347900779862e-10
-5.0924102276474e-10
-4.7717643868767e-10
-4.4714572202683e-10
-4.1901966932685e-10
-3.9267600686498e-10
-3.6800109669999e-10
-3.4488819130755e-10
-3.2323775913027e-10
-3.0295645944884e-10
-2.8395694541282e-10
-2.6615780021113e-10
-2.494824538429e-10
-2.3385949693415e-10
-2.1922188657525e-10
-2.0550697426979e-10
-1.926562834966e-10
-1.8061488382395e-10
-1.6933141018774e-10
-1.5875782600704e-10
-1.4884893017264e-10
-1.3956292951256e-10
-1.3086034543993e-10
-1.2270418599951e-10
-1.1505984554559e-10
-1.0789499203927e-10
-1.0117933549762e-10
-9.4884537239366e-11
-8.8984089336829e-11
-8.3452987422107e-11
-7.8267964088549e-11
-7.3407295100116e-11
-6.885043468488e-11
-6.4578328451688e-11
-6.0573029703115e-11
-5.6817782183515e-11
-5.3296908421358e-11
-4.9995624059905e-11
-4.690006955754e-11
-4.3997494749014e-11
-4.1275742950603e-11
-3.8723401153102e-11
-3.6329875395711e-11
-3.4085209601659e-11
-3.1980089869597e-11
-3.0005830421303e-11
-2.815429768716e-11
-2.6417684800291e-11
-2.4788823366256e-11
-2.3260934954129e-11
-2.1827830618268e-11
-2.0483648599154e-11
-1.9222733224189e-11
-1.8039821410243e-11
-1.6930180299127e-11
-1.5889194361918e-11
-1.4912655009283e-11
-1.3996304603107e-11
-1.3136735265003e-11
-1.2330263588583e-11
-1.1573551849577e-11
-1.0863530333435e-11
-1.0197317462359e-11
-9.5722244897659e-12
-8.9856957914243e-12
-8.4352614280597e-12
-7.9187599718241e-12
-7.4341102913135e-12
-6.9791970013672e-12
-6.5523564944572e-12
-6.1517210382448e-12
-5.7757562580552e-12
-5.4228382691141e-12
-5.0915841619855e-12
-4.7807595943227e-12
-4.4889458188178e-12
-4.2146393715496e-12
-3.9576228715097e-12
-3.7163058672882e-12
-3.4897723427713e-12
-3.2771869318793e-12
-3.0774903791673e-12
-2.8900857304399e-12
-2.7141664707243e-12
-2.5490088416206e-12
-2.3940197469677e-12
-2.2483824949189e-12
-2.1116213042256e-12
-1.9834349375374e-12
-1.8629695586398e-12
-1.7498675184573e-12
-1.6436049556637e-12
-1.5437979305077e-12
-1.4501525640737e-12
-1.3622515016619e-12
-1.2796044591466e-12
-1.2020515767031e-12
-1.1291911266689e-12
-1.0608568166519e-12
-9.9658060869947e-13
-9.3618634393535e-13
-8.7954587070145e-13
-8.263678997797e-13
-7.7638521398319e-13
-7.294002988429e-13
-6.8526444566758e-13
-6.4385972511691e-13
-6.0499504940978e-13
-5.6847559530752e-13
-5.3415291402275e-13
-5.0180643256136e-13
-4.7154943755635e-13
-4.4309617650155e-13
-4.1643690756308e-13
-3.9130833478761e-13
-3.6764507764397e-13
-3.4555267354673e-13
-3.2474641099783e-13
-3.0510094135464e-13
-2.8679306708974e-13
-2.694975732893e-13
-2.5328963869725e-13
-2.3800222122171e-13
-2.237107591604e-13
-2.1024044863125e-13
-1.9756895898447e-13
-1.8570349437521e-13
-1.7448133193564e-13
-1.6404954337632e-13
-1.5414826668299e-13
-1.4486906290451e-13
-1.3617314824945e-13
-1.2798897004995e-13
-1.2027845186733e-13
-1.1307732865058e-13
-1.0626761298548e-13
-9.9926076278336e-14
-9.3841655888556e-14
-8.820191541469e-14
-8.2953002755177e-14
-7.8008845583121e-14
-7.3314298244919e-14
-6.886714053492e-14
-6.4779243240723e-14
-6.0868740192475e-14
-5.7171251802038e-14
-5.3786588627988e-14
-5.0527051046604e-14
-4.7609885859733e-14
-4.4785587114258e-14
-4.215265731434e-14
-3.9565513263666e-14
-3.7192100333952e-14
-3.5025212464177e-14
-3.2916924301293e-14
-3.0865901858016e-14
-2.9084523894572e-14
-2.7353106460806e-14
-2.575574951265e-14
-2.4140045818591e-14
-2.2771155671069e-14
-2.1386444802564e-14
-2.0045188805951e-14
-1.8861020215322e-14
-1.7780371538551e-14
-1.6659886216856e-14
-1.587335599632e-14
-1.4943686644288e-14
-1.4130582646243e-14
-1.3305678408141e-14
-1.2531524193745e-14
-1.1728358848208e-14
-1.1090706872677e-14
-1.0515435912224e-14
-9.8847636134864e-15
-9.2708162005501e-15
-8.774431567696e-15
-8.2570388690656e-15
-7.8273789169668e-15
-7.3926822296048e-15
-6.9565944023378e-15
-6.49261778257e-15
-6.2201642006903e-15
-5.8656990976964e-15
-5.529286664512e-15
-5.2380179230257e-15
-5.0351382645246e-15
-4.6676355267786e-15
-4.4336580914967e-15
-4.1892917188974e-15
-3.988129684159e-15
-3.8049755341948e-15
-3.5458386018157e-15
-3.3532566471431e-15
-3.1610764413707e-15
-2.9847021835835e-15
-2.8437394817205e-15
-2.7319787134484e-15
-2.5164233996899e-15
-2.4590386637874e-15
-2.2702920725141e-15
-2.1745030938194e-15
-2.1056023810882e-15
-1.9523601925377e-15
-1.9889011765579e-15
-1.782106544473e-15
-1.7390631812566e-15
-1.645204264764e-15
-1.5517104027958e-15
-1.5074652841269e-15
-1.4980484826098e-15
-1.3889957640625e-15
-1.3183817334193e-15
-1.3182112529872e-15
-1.2329381072547e-15
-1.1413786005674e-15
-1.0900979763101e-15
-1.0797004815025e-15
-1.016008352173e-15
-9.4775556512392e-16
-9.7947944385968e-16
-8.9726599034906e-16
-9.2668143305742e-16
-8.9665005711051e-16
-8.9510300799967e-16
-8.8102472067887e-16
-9.2715399778428e-16
-7.4753847543306e-16
-8.031559490875e-16
-8.2742370382147e-16
-7.7127893471577e-16
-8.4002909469704e-16
-7.7442000610684e-16
-8.2135384329943e-16
-7.7501515597859e-16
-6.9008712981899e-16
-8.068897704899e-16
-8.2060913802901e-16
-7.7177126017922e-16
-9.0600997966998e-16
-8.682906892944e-16
-1.038521820812e-15
-1.0226153870569e-15
-1.0066127857222e-15
-1.0383356827401e-15
-1.1196119059683e-15
-1.2585764264532e-15
-1.2124197537206e-15
-1.4148595347204e-15
-1.4010159578042e-15
-1.4518682185785e-15
-1.5744871493481e-15
-1.6327383557233e-15
-1.7461341974371e-15
-1.8679234887807e-15
-1.9794466655167e-15
-2.0768149735854e-15
-2.2695929453556e-15
-2.3436372717027e-15
-2.4660720500848e-15
-2.680733711821e-15
-2.7066150441893e-15
-2.9062938515057e-15
-3.1647683767797e-15
-3.2859626381017e-15
-3.430941500696e-15
-3.7415383815002e-15
-4.0283940748302e-15
-4.2489430574038e-15
-4.4617565763318e-15
-4.7852499875922e-15
-5.1016707364772e-15
-5.4371298416308e-15
-5.7045493298482e-15
-6.0624193667441e-15
-6.3110794747909e-15
-6.7683115093396e-15
-7.1595959554487e-15
-7.6245896586517e-15
-8.0264602946705e-15
-8.6470086945763e-15
-9.1667434838495e-15
-9.6397005778989e-15
-1.031335148202e-14
-1.09296107785e-14
-1.1584749983217e-14
-1.2323672947597e-14
-1.3112554894995e-14
-1.392512138641e-14
-1.4904758865152e-14
-1.582528330476e-14
-1.6752861908698e-14
-1.7873207225579e-14
-1.8939031804792e-14
-2.0124884046049e-14
-2.1458822065806e-14
-2.2825420923825e-14
-2.4265457116312e-14
-2.5756773554428e-14
-2.7410674784185e-14
-2.9156596947768e-14
-3.1009064457289e-14
-3.2913896600645e-14
-3.5077478197601e-14
-3.7195103061526e-14
-3.9659301391712e-14
-4.2142330305977e-14
-4.4810019997891e-14
-4.7714440045901e-14
-5.0663279887537e-14
-5.3922926524914e-14
-5.7321602385601e-14
-6.0990174870237e-14
-6.4833178461799e-14
-6.8950132512915e-14
-7.3378762373211e-14
-7.8092693476991e-14
-8.3045293365433e-14
-8.8329924695242e-14
-9.3992090020297e-14
-1.0008016329402e-13
-1.0635433962336e-13
-1.1316551116064e-13
-1.2009235652827e-13
-1.2783689060843e-13
-1.3603099999508e-13
-1.4474490341897e-13
-1.5399973879325e-13
-1.6393602544181e-13
-1.7431504491416e-13
-1.8554489663917e-13
-1.9744723242664e-13
-2.1010025484696e-13
-2.2345386150076e-13
-2.3783394212133e-13
-2.5310653373169e-13
-2.6937636372626e-13
-2.865429326713e-13
-3.0499256348475e-13
-3.2460277866997e-13
-3.4545941966408e-13
-3.6764904687075e-13
-3.9127754133918e-13
-4.1635535232596e-13
-4.4317526487201e-13
-4.7162069491503e-13
-5.0194254849706e-13
-5.3426752843187e-13
-5.6852842224145e-13
-6.051526002789e-13
-6.4398743356152e-13
-6.8547831673668e-13
-7.2962660715957e-13
-7.7662583934036e-13
-8.26624153197e-13
-8.7983182295194e-13
-9.3653266228296e-13
-9.9688600988532e-13
-1.0612116328484e-12
-1.1296299248779e-12
-1.2024770681819e-12
-1.2799937331395e-12
-1.362743835075e-12
-1.4506509598661e-12
-1.5442699648783e-12
-1.6441343651141e-12
-1.7503921816311e-12
-1.8635974227706e-12
-1.9841370025906e-12
-2.1124909664056e-12
-2.2491940759516e-12
-2.3947797149519e-12
-2.5498671891357e-12
-2.7150153405945e-12
-2.8909378805739e-12
-3.0784085139081e-12
-3.2780243509886e-12
-3.4905749062649e-12
-3.7172058365957e-12
-3.9585146075459e-12
-4.2155247767409e-12
-4.489926818986e-12
-4.7816308367598e-12
-5.0924588207734e-12
-5.4237166161152e-12
-5.7765518570669e-12
-6.1525779587591e-12
-6.5531676530063e-12
-6.9800518405403e-12
-7.4349588566748e-12
-7.9196378286228e-12
-8.4361564580326e-12
-8.9865234094292e-12
-9.5730530708454e-12
-1.0198277966503e-11
-1.0864447142458e-11
-1.1574424255222e-11
-1.2331145517473e-11
-1.3137657407882e-11
-1.3997382045676e-11
-1.491350810846e-11
-1.5890253373052e-11
-1.6931267469915e-11
-1.8041018381228e-11
-1.9223889207029e-11
-2.0484894652918e-11
-2.18296410208e-11
-2.3262951828092e-11
-2.4790738585512e-11
-2.6419796051956e-11
-2.8156582626248e-11
-3.0008326257728e-11
-3.1982683864015e-11
-3.4087934122406e-11
-3.6332672124538e-11
-3.8726394945673e-11
-4.1278934492094e-11
-4.4000968605358e-11
-4.6903713282236e-11
-4.99994401677e-11
-5.3300904823783e-11
-5.6822053765565e-11
-6.0577616191211e-11
-6.4583019424818e-11
-6.8855375583924e-11
-7.3412433808716e-11
-7.8273436589097e-11
-8.3458782159393e-11
-8.8990249214582e-11
-9.4891043604099e-11
-1.0118622439291e-10
-1.0790224873572e-10
-1.1506746985914e-10
-1.2271213893376e-10
-1.3086872612539e-10
-1.3957180531981e-10
-1.4885821458625e-10
-1.5876726766988e-10
-1.6934135186871e-10
-1.8062537123317e-10
-1.9266739198082e-10
-2.0551864829855e-10
-2.1923416899525e-10
-2.3387242842607e-10
-2.4949616119464e-10
-2.6617229857679e-10
-2.8397227661625e-10
-3.0297250282534e-10
-3.2325469101751e-10
-3.4490605831525e-10
-3.6801986819365e-10
-3.9269586011927e-10
-4.1904044210923e-10
-4.4716768402608e-10
-4.7719912774749e-10
-5.0926515627682e-10
-5.4350444265423e-10
-5.8006586052102e-10
-6.1910832123905e-10
-6.6080196549793e-10
-7.0532831604592e-10
-7.5288170387282e-10
-8.0366989320532e-10
-8.5791499884815e-10
-9.1585469717534e-10
-9.7774284935941e-10
-1.0438514348838e-09
-1.11447085798e-09
-1.1899120611626e-09
-1.2705074521309e-09
-1.3566126492958e-09
-1.4486080646043e-09
-1.5469007084527e-09
-1.6519258951648e-09
-1.7641495618292e-09
-1.8840699964444e-09
-2.0122203772784e-09
-2.1491714400211e-09
-2.2955338719545e-09
-2.4519608616487e-09
-2.6191521066469e-09
-2.7978558138034e-09
-2.9888730640467e-09
-3.1930613617118e-09
-3.411338528289e-09
-3.644687030575e-09
-3.8941586882652e-09
-4.160879542475e-09
-4.446055326698e-09
-4.7509767986331e-09
-5.0770259874702e-09
-5.4256832239367e-09
-5.7985334453117e-09
-6.1972738178743e-09
-6.6237225883036e-09
-7.0798264108379e-09
-7.5676713613419e-09
-8.0894911496163e-09
-8.6476788977091e-09
-9.2447985442761e-09
-9.883596722283e-09
-1.0567016283533e-08
-1.1298210529475e-08
-1.2080558280252e-08
-1.2917680011893e-08
-1.3813457153468e-08
-1.4772047801092e-08
-1.5797909242334e-08
-1.6895819508018e-08
-1.8070899714293e-08
-1.9328639979334e-08
-2.0674926433675e-08
-2.2116069395437e-08
-2.365883474111e-08
-2.5310477708509e-08
-2.7078778056476e-08
-2.8972079136339e-08
-3.0999328853341e-08
-3.3170124151603e-08
-3.5494759279991e-08
-3.7984276292046e-08
-4.0650521475487e-08
-4.3506203193143e-08
-4.656495679354e-08
-4.984141249455e-08
-5.3351269159737e-08
-5.7111374251077e-08
-6.1139808415649e-08
-6.5455976918902e-08
-7.008070887435e-08
-7.5036362874825e-08
-8.0346941093878e-08
-8.6038211931623e-08
-9.2137842126998e-08
-9.8675538875816e-08
-1.0568320243885e-07
-1.1319509050654e-07
-1.2124799588539e-07
-1.2988143649677e-07
-1.3913785991104e-07
-1.4906286551909e-07
-1.5970544117662e-07
-1.7111821977171e-07
-1.8335775443344e-07
-1.9648481576718e-07
-2.1056471125221e-07
-2.2566762974411e-07
-2.4186901292964e-07
-2.5924995419112e-07
-2.7789763047275e-07
-2.979057641886e-07
-3.193751263875e-07
-3.4241407356588e-07
-3.6713912964172e-07
-3.9367561206886e-07
-4.2215830680324e-07
-4.5273219813645e-07
-4.8555325129912e-07
-5.2078926155369e-07
-5.5862076659451e-07
-5.9924203119483e-07
-6.4286211229384e-07
-6.8970600311327e-07
-7.400158727754e-07
-7.9405240091135e-07
-8.5209621881934e-07
-9.1444946587709e-07
-9.8143746871251e-07
-1.0534105550035e-06
-1.1307460112975e-06
-1.2138501979761e-06
-1.3031608326914e-06
-1.3991494578206e-06
-1.5023241051353e-06
-1.6132321766036e-06
-1.7324635542475e-06
-1.8606539636649e-06
-1.9984886085828e-06
-2.1467061000799e-06
-2.3061027034626e-06
-2.4775369313616e-06
-2.6619345107301e-06
-2.8602937534326e-06
-3.0736913676157e-06
-3.3032887433071e-06
-3.5503387530004e-06
-3.816193111632e-06
-4.1023103417115e-06
-4.4102643951574e-06
-4.7417539860018e-06
-5.0986126972314e-06
-5.482819923244e-06
-5.896512721713e-06
-6.3419986524537e-06
-6.8217696845535e-06
-7.3385172674073e-06
-7.8951486574137e-06
-8.4948046240222e-06
-9.1408786322031e-06
-9.8370376457076e-06
-1.0587244682662e-05
-1.1395783279986e-05
-1.2267284026444e-05
-1.3206753349464e-05
-1.4219604750374e-05
-1.5311692699052e-05
-1.6489349425563e-05
-1.775942485942e-05
-1.9129329993802e-05
-2.0607083977215e-05
-2.2201365262023e-05
-2.3921567166922e-05
-2.5777858247923e-05
-2.7781247903566e-05
-2.9943657681436e-05
-3.2277998795911e-05
-3.4798256413483e-05
-3.7519581312874e-05
-4.0458389585857e-05
-4.3632471101339e-05
-4.7061107530405e-05
-5.0765200793022e-05
-5.4767412882572e-05
-5.9092318098254e-05
-6.3766568825e-05
-6.8819076100166e-05
-7.4281206325925e-05
-8.0186995619373e-05
-8.657338342242e-05
-9.3480467165376e-05
-0.00010095177993342
-0.00010903459328155
-0.00011778024754942
-0.00012724451224891
-0.00013748797935296
-0.00014857649258514
-0.00016058161611077
-0.0001735811463656
-0.00018765967112002
-0.00020290918028312
-0.00021942973339436
-0.0002373301892347
-0.00025672900353826
-0.00027775510136966
-0.00030054883139433
-0.00032526300999239
-0.00035206406396157
-0.00038113328144416
-0.00041266818167152
-0.00044688401522161
-0.00048401540764558
-0.00052431816065046
-0.00056807122648098
-0.0006155788727396
-0.00066717305667383
-0.00072321602992647
-0.00078410319692439
-0.00085026625250199
-0.00092217662703029
-0.001000349270295
-0.0010853468086545
-0.0011777841136632
-0.0012783333244015
-0.0013877293702447
-0.0015067760458101
-0.0016363526953601
-0.0017774215701203
-0.0019310359288153
-0.0020983489593685
-0.0022806236081812
-0.0024792434128681
-0.0026957244448244
-0.0029317284797334
-0.0031890775271577
-0.0034697698649262
-0.0037759977402338
-0.0041101669175039
-0.0044749182732247
-0.004873151660579
-0.0053080522918349
-0.0057831199146546
-0.0063022010899281
-0.0068695249139463
-0.0074897425670977
-0.0081679711153529
-0.0089098420401322
-0.0097215550274482
-0.010609937609138
-0.011582511318465
-0.012647565100249
-0.013814236803069
-0.015092603679216
-0.016493782928202
-0.018030043443451
-0.019714930060856
-0.021563401764382
-0.023591985479819
-0.025818947285836
-0.02826448309448
-0.030950931104411
-0.033903008613172
-0.037148076093885
-0.040716431801629
-0.044641640580794
-0.048960901003115
-0.053715455483733
-0.058951048607512
-0.064718439558973
-0.071073975296764
-0.078080231959408
-0.08580673294633
-0.094330753202088
-0.10373822045969
-0.11412472559044
-0.12559665578559
-0.13827246608491
-0.1522841067981
-0.1677786266712
-0.18491997426853
-0.20389102301727
-0.22489584874449
-0.24816229238383
-0.27394484490713
-0.30252789651875
-0.33422939782542
-0.36940498715861
-0.40845264559545
-0.45181794962521
-0.5000000009932
