-1.3348348369577
-1.0776038082191
-0.92938177784257
-0.83022242376553
-0.75645398170192
-0.69786109073665
-0.64920562361269
-0.60754896844882
-0.57112638724694
-0.53880946097012
-0.50983268243804
-0.48364806057683
-0.45984464301991
-0.4381021734563
-0.41816330732198
-0.39981625406411
-0.38288347475897
-0.36721401757091
-0.35267811573771
-0.33916324307029
-0.3265711419105
-0.31481552249071
-0.30382024111439
-0.29351783015994
-0.28384829359119
-0.27475810756369
-0.26619938265634
-0.25812915563503
-0.25050878650043
-0.24330344212097
-0.23648165177245
-0.2300149228858
-0.22387740755714
-0.21804561210934
-0.21249814335218
-0.20721548626467
-0.20217980868829
-0.19737478932108
-0.19278546587674
-0.18839810074606
-0.18420006189124
-0.18017971703145
-0.17632633945327
-0.17263002401167
-0.1690816120833
-0.16567262440074
-0.16239520083794
-0.15924204633894
-0.15620638228529
-0.15328190268741
-0.15046273466179
-0.14774340272222
-0.14511879647094
-0.14258414132509
-0.1401349719574
-0.13776710816726
-0.13547663293157
-0.13325987241325
-0.13111337773012
-0.12903390830937
-0.12701841667169
-0.1250640345063
-0.12316805991301
-0.12132794570075
-0.1195412886434
-0.11780581960439
-0.11611939445035
-0.11447998568248
-0.11288567472124
-0.11133464478656
-0.10982517432142
-0.10835563091164
-0.10692446565946
-0.10553020797225
-0.1041714607318
-0.10284689581224
-0.10155524991826
-0.1002953207174
-0.099065963242827
-0.09786608654496
-0.096694650572475
-0.095550663264617
-0.094433177838588
-0.093341290257051
-0.092274136862082
-0.091230892163113
-0.090210766767393
-0.08921300544248
-0.088236885301144
-0.087281714099824
-0.086346828642529
-0.085431593282693
-0.084535398516108
-0.083657659658597
-0.082797815602583
-0.081955327647151
-0.081129678396631
-0.08032037072312
-0.079526926788627
-0.07874888712301
-0.077985809753939
-0.077237269385597
-0.076502856622962
-0.075782177238744
-0.07507485148032
-0.074380513414112
-0.073698810305138
-0.073029402029521
-0.072371960517969
-0.071726169228345
-0.071091722645536
-0.070468325807089
-0.069855693852984
-0.069253551598202
-0.068661633126704
-0.06807968140564
-0.067507447918591
-0.06694469231676
-0.066391182087132
-0.06584669223662
-0.065311004991309
-0.064783909510005
-0.064265201611246
-0.063754683513094
-0.063252163584994
-0.062757456111061
-0.06227038106418
-0.061790763890363
-0.061318435302809
-0.060853231085186
-0.060394991903623
-0.059943563126998
-0.059498794655099
-0.059060540754221
-0.058628659899882
-0.05820301462627
-0.057783471382063
-0.057369900392402
-0.056962175526578
-0.056560174171288
-0.056163777109111
-0.055772868401988
-0.055387335279452
-0.055007068031384
-0.054631959905115
-0.054261907006612
-0.053896808205616
-0.053536565044519
-0.053181081650822
-0.052830264652993
-0.052484023099595
-0.052142268381539
-0.051804914157278
-0.051471876280883
-0.051143072732806
-0.050818423553258
-0.050497850778071
-0.050181278376936
-0.049868632193913
-0.049559839890133
-0.049254830888576
-0.048953536320845
-0.048655888975872
-0.048361823250442
-0.048071275101482
-0.047784182000033
-0.047500482886852
-0.047220118129558
-0.04694302948125
-0.046669160040593
-0.046398454213236
-0.046130857674571
-0.045866317333743
-0.045604781298897
-0.045346198843563
-0.045090520374187
-0.044837697398724
-0.044587682496291
-0.044340429287783
-0.044095892407486
-0.04385402747558
-0.043614791071568
-0.043378140708506
-0.043144034808122
-0.042912432676673
-0.042683294481589
-0.042456581228855
-0.042232254741093
-0.042010277636339
-0.041790613307451
-0.04157322590219
-0.041358080303882
-0.04114514211268
-0.040934377627405
-0.040725753827918
-0.040519238358035
-0.04031479950895
-0.040112406203154
-0.039912027978817
-0.039713634974652
-0.039517197915213
-0.039322688096606
-0.039130077372656
-0.038939338141426
-0.038750443332154
-0.038563366392567
-0.03837808127653
-0.038194562432083
-0.038012784789771
-0.037832723751347
-0.037654355178757
-0.037477655383457
-0.037302601116003
-0.037129169555946
-0.036957338301999
-0.03678708536247
-0.036618389145958
-0.036451228452301
-0.036285582463769
-0.036121430736491
-0.03595875319212
-0.0357975301097
-0.035637742117777
-0.035479370186687
-0.035322395621078
-0.035166800052596
-0.035012565432798
-0.034859674026203
-0.034708108403572
-0.034557851435327
-0.034408886285126
-0.034261196403688
-0.034114765522624
-0.033969577648589
-0.033825617057451
-0.033682868288685
-0.033541316139873
-0.033400945661346
-0.033261742150963
-0.033123691149023
-0.032986778433281
-0.032850990014113
-0.032716312129783
-0.03258273124183
-0.032450234030561
-0.032318807390659
-0.032188438426892
-0.032059114449933
-0.031930822972259
-0.031803551704174
-0.031677288549909
-0.031552021603814
-0.031427739146643
-0.031304429641933
-0.031182081732447
-0.031060684236727
-0.030940226145693
-0.030820696619356
-0.030702084983581
-0.030584380726929
-0.030467573497577
-0.030351653100303
-0.030236609493541
-0.030122432786502
-0.030009113236351
-0.029896641245469
-0.029785007358748
-0.029674202260965
-0.029564216774204
-0.029455041855351
-0.029346668593612
-0.029239088208125
-0.029132292045588
-0.029026271577965
-0.028921018400224
-0.028816524228129
-0.028712780896093
-0.028609780355044
-0.02850751467038
-0.028405976019917
-0.028305156691939
-0.02820504908323
-0.028105645697193
-0.02800693914198
-0.027908922128675
-0.027811587469511
-0.027714928076121
-0.027618936957835
-0.027523607219996
-0.027428932062321
-0.027334904777307
-0.02724151874863
-0.027148767449629
-0.027056644441781
-0.026965143373222
-0.026874257977294
-0.02678398207113
-0.026694309554247
-0.026605234407198
-0.026516750690215
-0.026428852541908
-0.026341534177974
-0.026254789889932
-0.026168614043898
-0.026083001079354
-0.025997945507978
-0.025913441912464
-0.025829484945384
-0.02574606932806
-0.02566318984948
-0.025580841365198
-0.025499018796292
-0.025417717128317
-0.025336931410285
-0.025256656753671
-0.025176888331432
-0.025097621377038
-0.025018851183538
-0.024940573102623
-0.024862782543722
-0.024785474973108
-0.024708645913024
-0.024632290940821
-0.024556405688112
-0.024480985839947
-0.024406027133996
-0.024331525359757
-0.024257476357757
-0.024183876018803
-0.024110720283203
-0.024038005140043
-0.023965726626442
-0.023893880826852
-0.023822463872334
-0.02375147193989
-0.023680901251761
-0.023610748074782
-0.02354100871971
-0.02347167954059
-0.023402756934117
-0.023334237339023
-0.023266117235454
-0.023198393144384
-0.023131061627014
-0.023064119284202
-0.022997562755883
-0.022931388720524
-0.022865593894559
-0.022800175031861
-0.022735128923198
-0.022670452395725
-0.022606142312458
-0.022542195571776
-0.022478609106923
-0.022415379885521
-0.022352504909085
-0.02228998121256
-0.02222780586385
-0.022165975963364
-0.022104488643566
-0.022043341068539
-0.021982530433542
-0.02192205396459
-0.021861908918032
-0.021802092580139
-0.021742602266692
-0.021683435322593
-0.021624589121459
-0.021566061065245
-0.021507848583863
-0.021449949134796
-0.021392360202744
-0.021335079299255
-0.021278103962362
-0.021221431756243
-0.021165060270869
-0.021108987121664
-0.021053209949173
-0.020997726418727
-0.020942534220125
-0.020887631067309
-0.020833014698054
-0.02077868287366
-0.020724633378638
-0.02067086402042
-0.02061737262906
-0.020564157056942
-0.020511215178496
-0.020458544889914
-0.020406144108878
-0.020354010774274
-0.020302142845941
-0.020250538304385
-0.020199195150539
-0.020148111405487
-0.02009728511023
-0.020046714325414
-0.019996397131107
-0.019946331626537
-0.01989651592987
-0.019846948177966
-0.019797626526145
-0.019748549147973
-0.019699714235015
-0.019651119996641
-0.01960276465978
-0.019554646468731
-0.019506763684928
-0.019459114586751
-0.019411697469308
-0.019364510644236
-0.019317552439505
-0.01927082119921
-0.019224315283391
-0.019178033067838
-0.019131972943893
-0.019086133318278
-0.019040512612901
-0.018995109264682
-0.018949921725374
-0.018904948461385
-0.018860187953605
-0.018815638697246
-0.018771299201653
-0.018727167990161
-0.018683243599915
-0.018639524581721
-0.018596009499874
-0.018552696932016
-0.018509585468968
-0.018466673714587
-0.018423960285617
-0.018381443811527
-0.018339122934385
-0.018296996308696
-0.018255062601269
-0.018213320491078
-0.018171768669118
-0.018130405838272
-0.018089230713177
-0.018048242020091
-0.018007438496756
-0.017966818892281
-0.017926381967007
-0.017886126492375
-0.017846051250817
-0.017806155035623
-0.017766436650822
-0.017726894911062
-0.017687528641501
-0.017648336677677
-0.017609317865405
-0.017570471060654
-0.017531795129458
-0.017493288947764
-0.017454951401368
-0.017416781385781
-0.017378777806133
-0.01734093957707
-0.017303265622638
-0.017265754876199
-0.017228406280321
-0.017191218786679
-0.017154191355959
-0.017117322957761
-0.017080612570505
-0.017044059181333
-0.017007661786021
-0.016971419388887
-0.016935331002694
-0.01689939564857
-0.01686361235591
-0.0168279801623
-0.016792498113418
-0.016757165262959
-0.01672198067255
-0.016686943411662
-0.016652052557534
-0.016617307195088
-0.016582706416848
-0.016548249322871
-0.016513935020656
-0.016479762625077
-0.0164457312583
-0.016411840049714
-0.016378088135855
-0.016344474660328
-0.016310998773747
-0.016277659633647
-0.016244456404428
-0.016211388257277
-0.016178454370105
-0.016145653927471
-0.016112986120524
-0.016080450146929
-0.016048045210809
-0.016015770522672
-0.015983625299356
-0.015951608763957
-0.01591972014577
-0.015887958680234
-0.015856323608859
-0.015824814179175
-0.015793429644669
-0.015762169264724
-0.015731032304567
-0.015700018035205
-0.015669125733374
-0.015638354681477
-0.015607704167536
-0.015577173485126
-0.015546761933338
-0.015516468816707
-0.015486293445168
-0.015456235134009
-0.015426293203808
-0.015396466980388
-0.01536675579477
-0.015337158983112
-0.015307675886675
-0.015278305851761
-0.01524904822967
-0.015219902376653
-0.015190867653865
-0.015161943427315
-0.015133129067824
-0.015104423950982
-0.015075827457091
-0.015047338971133
-0.015018957882722
-0.014990683586057
-0.014962515479886
-0.014934452967455
-0.014906495456475
-0.014878642359072
-0.014850893091753
-0.014823247075359
-0.014795703735029
-0.014768262500159
-0.014740922804367
-0.01471368408544
-0.014686545785319
-0.014659507350033
-0.014632568229687
-0.01460572787841
-0.014578985754319
-0.014552341319491
-0.014525794039917
-0.014499343385471
-0.014472988829878
-0.014446729850673
-0.014420565929172
-0.014394496550433
-0.014368521203224
-0.014342639379993
-0.01431685057683
-0.014291154293439
-0.014265550033102
-0.014240037302645
-0.014214615612416
-0.014189284476247
-0.014164043411417
-0.014138891938636
-0.014113829582002
-0.014088855868977
-0.014063970330357
-0.014039172500242
-0.014014461916004
-0.013989838118265
-0.013965300650863
-0.013940849060825
-0.013916482898341
-0.013892201716734
-0.013868005072437
-0.013843892524959
-0.013819863636865
-0.013795917973745
-0.013772055104194
-0.013748274599777
-0.013724576035013
-0.013700958987341
-0.013677423037101
-0.013653967767509
-0.013630592764628
-0.013607297617347
-0.013584081917356
-0.013560945259127
-0.013537887239878
-0.013514907459562
-0.013492005520843
-0.013469181029062
-0.013446433592229
-0.01342376282099
-0.013401168328608
-0.013378649730946
-0.013356206646435
-0.013333838696061
-0.013311545503343
-0.013289326694307
-0.013267181897469
-0.013245110743813
-0.013223112866772
-0.013201187902206
-0.013179335488383
-0.013157555265958
-0.013135846877954
-0.013114209969745
-0.013092644189031
-0.013071149185825
-0.013049724612429
-0.013028370123419
-0.013007085375626
-0.012985870028116
-0.012964723742172
-0.012943646181277
-0.012922637011096
-0.01290169589946
-0.01288082251634
-0.012860016533845
-0.012839277626194
-0.012818605469694
-0.012797999742742
-0.012777460125786
-0.012756986301327
-0.012736577953893
-0.012716234770021
-0.01269595643825
-0.0126757426491
-0.012655593095048
-0.012635507470533
-0.012615485471917
-0.012595526797488
-0.012575631147436
-0.012555798223838
-0.012536027730647
-0.012516319373675
-0.012496672860578
-0.012477087900845
-0.012457564205774
-0.012438101488474
-0.012418699463836
-0.012399357848524
-0.012380076360967
-0.012360854721335
-0.012341692651538
-0.012322589875198
-0.012303546117648
-0.012284561105914
-0.012265634568698
-0.012246766236374
-0.012227955840968
-0.01220920311615
-0.012190507797217
-0.012171869621082
-0.012153288326268
-0.012134763652882
-0.01211629534262
-0.012097883138737
-0.012079526786053
-0.012061226030927
-0.012042980621252
-0.012024790306445
-0.012006654837428
-0.011988573966628
-0.01197054744795
-0.011952575036789
-0.011934656489988
-0.011916791565857
-0.011898980024146
-0.011881221626036
-0.01186351613413
-0.011845863312443
-0.011828262926394
-0.011810714742784
-0.011793218529802
-0.011775774057005
-0.011758381095308
-0.011741039416979
-0.011723748795625
-0.011706509006178
-0.011689319824898
-0.011672181029354
-0.011655092398408
-0.011638053712225
-0.011621064752249
-0.011604125301193
-0.011587235143033
-0.011570394063008
-0.011553601847592
-0.011536858284502
-0.011520163162681
-0.011503516272289
-0.011486917404696
-0.011470366352477
-0.011453862909394
-0.011437406870396
-0.011420998031607
-0.011404636190317
-0.011388321144976
-0.011372052695184
-0.011355830641683
-0.01133965478635
-0.011323524932185
-0.011307440883311
-0.011291402444957
-0.011275409423456
-0.011259461626236
-0.01124355886181
-0.011227700939773
-0.011211887670788
-0.011196118866585
-0.011180394339946
-0.011164713904712
-0.011149077375753
-0.011133484568985
-0.011117935301343
-0.011102429390786
-0.011086966656288
-0.011071546917823
-0.01105616999637
-0.011040835713898
-0.01102554389336
-0.011010294358687
-0.010995086934787
-0.010979921447528
-0.010964797723737
-0.010949715591195
-0.010934674878626
-0.010919675415696
-0.010904717032997
-0.010889799562054
-0.01087492283531
-0.010860086686118
-0.010845290948745
-0.010830535458347
-0.01081582005099
-0.010801144563619
-0.010786508834064
-0.010771912701033
-0.010757356004104
-0.010742838583722
-0.010728360281188
-0.01071392093866
-0.010699520399143
-0.010685158506478
-0.010670835105355
-0.010656550041284
-0.010642303160604
-0.010628094310472
-0.010613923338867
-0.010599790094569
-0.010585694427161
-0.010571636187029
-0.010557615225349
-0.01054363139409
-0.010529684545995
-0.010515774534591
-0.010501901214173
-0.010488064439807
-0.010474264067321
-0.010460499953293
-0.010446771955064
-0.010433079930714
-0.01041942373907
-0.010405803239692
-0.010392218292878
-0.010378668759651
-0.010365154501756
-0.010351675381659
-0.010338231262538
-0.010324822008284
-0.010311447483488
-0.010298107553441
-0.010284802084133
-0.010271530942245
-0.01025829399514
-0.010245091110869
-0.010231922158156
-0.010218787006402
-0.010205685525675
-0.010192617586709
-0.010179583060898
-0.010166581820294
-0.010153613737599
-0.010140678686164
-0.010127776539984
-0.010114907173695
-0.010102070462568
-0.010089266282506
-0.010076494510035
-0.010063755022316
-0.01005104769712
-0.010038372412836
-0.01002572904847
-0.01001311748363
-0.010000537598533
-0.0099879892739939
-0.0099754723914262
-0.009962986832836
-0.0099505324808149
-0.0099381092185535
-0.0099257169298073
-0.0099133554989227
-0.009901024810815
-0.009888724750972
-0.0098764552054516
-0.0098642160608751
-0.0098520072044219
-0.009839828523833
-0.0098276799073996
-0.0098155612439668
-0.0098034724229252
-0.0097914133342075
-0.0097793838682907
-0.0097673839161837
-0.0097554133694351
-0.0097434721201217
-0.0097315600608457
-0.0097196770847326
-0.0097078230854404
-0.0096959979571233
-0.0096842015944727
-0.0096724338926764
-0.0096606947474363
-0.0096489840549598
-0.0096373017119554
-0.0096256476156295
-0.0096140216636887
-0.0096024237543304
-0.009590853786241
-0.0095793116585929
-0.0095677972710512
-0.009556310523754
-0.0095448513173201
-0.0095334195528472
-0.0095220151319002
-0.0095106379565191
-0.0094992879292094
-0.0094879649529413
-0.0094766689311452
-0.0094653997677137
-0.009454157366992
-0.0094429416337819
-0.0094317524733354
-0.0094205897913488
-0.0094094534939703
-0.0093983434877873
-0.0093872596798279
-0.009376201977559
-0.0093651702888812
-0.0093541645221279
-0.009343184586064
-0.009332230389881
-0.0093213018431952
-0.0093103988560458
-0.0092995213388924
-0.0092886692026115
-0.0092778423584954
-0.0092670407182499
-0.0092562641939884
-0.0092455126982356
-0.0092347861439205
-0.0092240844443749
-0.0092134075133331
-0.0092027552649268
-0.0091921276136836
-0.0091815244745258
-0.0091709457627694
-0.0091603913941177
-0.0091498612846613
-0.0091393553508747
-0.0091288735096213
-0.0091184156781372
-0.0091079817740424
-0.0090975717153316
-0.0090871854203734
-0.0090768228079092
-0.0090664837970483
-0.0090561683072744
-0.0090458762584274
-0.0090356075707181
-0.0090253621647153
-0.0090151399613488
-0.0090049408819071
-0.0089947648480326
-0.0089846117817215
-0.0089744816053185
-0.008964374241527
-0.0089542896133882
-0.0089442276442942
-0.0089341882579779
-0.0089241713785173
-0.0089141769303279
-0.0089042048381637
-0.0088942550271151
-0.0088843274226089
-0.0088744219503945
-0.008864538536568
-0.0088546771075421
-0.0088448375900566
-0.0088350199111831
-0.0088252239983118
-0.0088154497791576
-0.0088056971817489
-0.0087959661344355
-0.0087862565658875
-0.0087765684050856
-0.008766901581318
-0.0087572560241947
-0.0087476316636278
-0.0087380284298375
-0.0087284462533513
-0.0087188850650017
-0.0087093447959211
-0.0086998253775429
-0.0086903267416061
-0.0086808488201391
-0.008671391545468
-0.0086619548502173
-0.0086525386673012
-0.0086431429299257
-0.0086337675715859
-0.0086244125260666
-0.008615077727437
-0.0086057631100527
-0.0085964686085532
-0.0085871941578557
-0.0085779396931648
-0.0085687051499578
-0.0085594904639926
-0.0085502955713035
-0.0085411204081951
-0.00853196491125
-0.0085228290173177
-0.0085137126635229
-0.0085046157872544
-0.0084955383261668
-0.0084864802181887
-0.0084774414015032
-0.0084684218145612
-0.0084594213960779
-0.0084504400850218
-0.0084414778206246
-0.0084325345423759
-0.0084236101900165
-0.0084147047035481
-0.0084058180232226
-0.0083969500895432
-0.0083881008432644
-0.0083792702253905
-0.008370458177174
-0.0083616646401133
-0.0083528895559526
-0.0083441328666804
-0.0083353945145277
-0.0083266744419671
-0.0083179725917136
-0.0083092889067164
-0.0083006233301672
-0.0082919758054941
-0.0082833462763561
-0.0082747346866508
-0.0082661409805086
-0.0082575651022885
-0.0082490069965827
-0.0082404666082109
-0.0082319438822234
-0.0082234387638947
-0.0082149511987275
-0.0082064811324465
-0.0081980285110039
-0.0081895932805689
-0.0081811753875364
-0.0081727747785193
-0.0081643914003498
-0.0081560252000785
-0.0081476761249694
-0.0081393441225082
-0.00813102914039
-0.0081227311265238
-0.0081144500290356
-0.0081061857962557
-0.0080979383767292
-0.0080897077192091
-0.008081493772656
-0.0080732964862372
-0.0080651158093277
-0.008056951691506
-0.0080488040825531
-0.0080406729324555
-0.0080325581914006
-0.0080244598097756
-0.008016377738169
-0.0080083119273661
-0.0080002623283519
-0.0079922288923068
-0.0079842115706073
-0.0079762103148251
-0.0079682250767271
-0.0079602558082696
