-0.499999963409
-0.47932322098826
-0.4600189686998
-0.4419775941354
-0.42509941370387
-0.40929367995505
-0.39447769638178
-0.38057602728465
-0.36751979179646
-0.35524603248304
-0.34369715008974
-0.33282039701071
-0.32256742293932
-0.31289386693028
-0.30375899078002
-0.29512534922508
-0.28695849297893
-0.27922670108472
-0.27190073946344
-0.26495364289085
-0.25836051794767
-0.25209836476217
-0.24614591560633
-0.24048348862043
-0.23509285512971
-0.2299571191837
-0.22506060809657
-0.22038877289764
-0.21592809771723
-0.211666017236
-0.20759084141706
-0.20369168682164
-0.19995841388109
-0.19638156956239
-0.19295233492153
-0.18966247709027
-0.18650430528721
-0.1834706304851
-0.18055472840214
-0.17775030551825
-0.17505146784575
-0.17245269221054
-0.16994879982278
-0.16753493193755
-0.1652065274244
-0.16295930208193
-0.16078922954874
-0.1586925236757
-0.15666562223695
-0.15470517186826
-0.15280801413129
-0.15097117261143
-0.1491918409653
-0.14746737184092
-0.14579526660103
-0.14417316578531
-0.14259884025342
-0.14107018295544
-0.13958520128087
-0.13814200994162
-0.13673882434795
-0.13537395444
-0.13404579894036
-0.13275283999613
-0.13149363818162
-0.13026682783475
-0.12907111270293
-0.12790526187568
-0.12676810598331
-0.12565853364245
-0.12457548813098
-0.12351796427584
-0.12248500553899
-0.12147570128741
-0.12048918423456
-0.11952462804133
-0.11858124506557
-0.11765828425013
-0.11675502913995
-0.11587079601961
-0.11500493216324
-0.11415681418928
-0.11332584651333
-0.11251145989248
-0.11171311005525
-0.11093027641166
-0.1101624608381
-0.10940918653239
-0.10866999693448
-0.10794445470866
-0.10723214078341
-0.10653265344534
-0.10584560748375
-0.10517063338288
-0.10450737655868
-0.10385549663765
-0.10321466677493
-0.10258457300954
-0.10196491365433
-0.10135539871868
-0.10075574936204
-0.10016569737637
-0.099584984695893
-0.099013362932574
-0.09845059293574
-0.097896444374549
-0.097350695341957
-0.096813131978954
-0.096283548117936
-0.095761744944133
-0.095247530674068
-0.094740720250113
-0.094241135050247
-0.093748602612161
-0.093262956370956
-0.092784035409654
-0.092311684221857
-0.091845752485882
-0.091386094849766
-0.090932570726541
-0.090485044099261
-0.090043383335245
-0.089607461009052
-0.089177153733745
-0.088752341999996
-0.088332910022635
-0.087918745594258
-0.087509739945532
-0.087105787611849
-0.086706786306021
-0.08631263679669
-0.085923242792189
-0.085538510829565
-0.085158350168504
-0.08478267268994
-0.084411392799083
-0.084044427332679
-0.083681695470274
-0.083323118649304
-0.08296862048381
-0.082618126686623
-0.08227156499483
-0.081928865098388
-0.08158995857172
-0.081254778808155
-0.080923260957091
-0.080595341863734
-0.080270960011313
-0.079950055465637
-0.079632569821907
-0.079318446153661
-0.079007628963766
-0.07870006413736
-0.078395698896656
-0.078094481757526
-0.077796362487788
-0.077501292067105
-0.077209222648452
-0.076920107521052
-0.07663390107474
-0.076350558765675
-0.076070037083362
-0.075792293518898
-0.07551728653442
-0.075244975533684
-0.074975320833735
-0.074708283637611
-0.07444382600806
-0.074181910842199
-0.073922501847097
-0.073665563516233
-0.073411061106799
-0.073158960617803
-0.072909228768956
-0.072661832980292
-0.072416741352506
-0.072173922647969
-0.071933346272406
-0.071694982257201
-0.071458801242301
-0.071224774459708
-0.070992873717524
-0.070763071384534
-0.070535340375298
-0.070309654135746
-0.070085986629242
-0.069864312323108
-0.069644606175584
-0.069426843623216
-0.069211000568646
-0.068997053368795
-0.068784978823423
-0.068574754164052
-0.068366357043234
-0.06815976552416
-0.067954958070589
-0.067751913537092
-0.067550611159591
-0.067351030546194
-0.067153151668305
-0.066956954852
-0.066762420769667
-0.066569530431898
-0.066378265179617
-0.066188606676437
-0.066000536901253
-0.065814038141043
-0.065629092983879
-0.065445684312142
-0.065263795295928
-0.06508340938665
-0.064904510310813
-0.064727082063967
-0.064551108904834
-0.064376575349593
-0.064203466166325
-0.064031766369619
-0.063861461215309
-0.063692536195374
-0.063524977032961
-0.063358769677548
-0.063193900300244
-0.063030355289195
-0.062868121245136
-0.062707184977038
-0.062547533497887
-0.062389154020558
-0.062232033953808
-0.062076160898366
-0.061921522643122
-0.061768107161419
-0.061615902607433
-0.061464897312648
-0.061315079782418
-0.061166438692614
-0.061018962886354
-0.060872641370819
-0.060727463314137
-0.060583418042354
-0.060440495036468
-0.060298683929542
-0.060157974503886
-0.060018356688301
-0.059879820555394
-0.059742356318952
-0.059605954331383
-0.059470605081211
-0.059336299190631
-0.059203027413125
-0.059070780631128
-0.058939549853747
-0.058809326214535
-0.058680100969314
-0.058551865494049
-0.058424611282764
-0.058298329945512
-0.058173013206386
-0.058048652901571
-0.057925240977446
-0.057802769488725
-0.057681230596632
-0.057560616567125
-0.057440919769152
-0.05732213267295
-0.057204247848371
-0.057087257963254
-0.056971155781825
-0.056855934163134
-0.056741586059524
-0.056628104515121
-0.056515482664383
-0.056403713730649
-0.056292791024733
-0.056182707943546
-0.056073457968743
-0.055965034665397
-0.055857431680706
-0.055750642742717
-0.05564466165908
-0.055539482315832
-0.055435098676192
-0.055331504779396
-0.055228694739541
-0.055126662744459
-0.055025403054611
-0.054924910002005
-0.05482517798913
-0.054726201487913
-0.054627975038701
-0.05453049324925
-0.054433750793748
-0.054337742411847
-0.054242462907714
-0.054147907149105
-0.054054070066449
-0.053960946651957
-0.053868531958743
-0.053776821099959
-0.053685809247951
-0.05359549163343
-0.053505863544653
-0.053416920326626
-0.053328657380315
-0.053241070161878
-0.053154154181903
-0.053067905004667
-0.052982318247404
-0.052897389579588
-0.052813114722228
-0.052729489447172
-0.052646509576435
-0.052564170981521
-0.052482469582775
-0.052401401348732
-0.052320962295486
-0.052241148486067
-0.052161956029831
-0.052083381081853
-0.052005419842345
-0.051928068556065
-0.051851323511754
-0.051775181041571
-0.051699637520545
-0.051624689366028
-0.051550333037166
-0.051476565034372
-0.051403381898815
-0.05133078021191
-0.05125875659482
-0.051187307707969
-0.051116430250558
-0.051046120960092
-0.050976376611915
-0.050907194018753
-0.050838570030261
-0.050770501532582
-0.05070298544791
-0.050636018734063
-0.050569598384059
-0.050503721425706
-0.050438384921187
-0.050373585966665
-0.050309321691885
-0.050245589259788
-0.050182385866124
-0.050119708739082
-0.050057555138916
-0.049995922357582
-0.04993480771838
-0.049874208575603
-0.049814122314187
-0.049754546349371
-0.049695478126364
-0.049636915120009
-0.049578854834462
-0.049521294802871
-0.049464232587058
-0.049407665777215
-0.049351591991591
-0.049296008876198
-0.049240914104511
-0.049186305377182
-0.049132180421746
-0.049078536992347
-0.049025372869454
-0.048972685859591
-0.04892047379507
-0.048868734533719
-0.048817465958631
-0.0487666659779
-0.048716332524369
-0.048666463555387
-0.048617057052558
-0.048568111021504
-0.048519623491626
-0.048471592515869
-0.048424016170496
-0.04837689255486
-0.048330219791178
-0.048283996024316
-0.048238219421573
-0.048192888172465
-0.048148000488519
-0.048103554603063
-0.048059548771029
-0.048015981268749
-0.047972850393759
-0.047930154464607
-0.047887891820663
-0.047846060821927
-0.047804659848851
-0.047763687302152
-0.047723141602636
-0.047683021191022
-0.047643324527765
-0.047604050092893
-0.04756519638583
-0.047526761925239
-0.047488745248854
-0.047451144913321
-0.047413959494045
-0.047377187585026
-0.047340827798715
-0.047304878765862
-0.047269339135364
-0.047234207574124
-0.047199482766908
-0.0471651634162
-0.047131248242071
-0.047097735982034
-0.047064625390919
-0.047031915240733
-0.046999604320538
-0.046967691436316
-0.04693617541085
-0.046905055083597
-0.04687432931057
-0.046843996964215
-0.046814056933295
-0.046784508122777
-0.046755349453717
-0.046726579863147
-0.046698198303968
-0.046670203744844
-0.04664259517009
-0.046615371579577
-0.046588531988621
-0.046562075427888
-0.046536000943296
-0.046510307595915
-0.046484994461876
-0.046460060632272
-0.046435505213073
-0.046411327325032
-0.046387526103597
-0.046364100698829
-0.046341050275308
-0.046318374012059
-0.046296071102465
-0.046274140754188
-0.046252582189091
-0.046231394643161
-0.046210577366431
-0.046190129622912
-0.046170050690513
-0.046150339860974
-0.046130996439798
-0.04611201974618
-0.04609340911294
-0.046075163886461
-0.046057283426623
-0.046039767106741
-0.046022614313504
-0.046005824446917
-0.045989396920239
-0.04597333115993
-0.045957626605594
-0.045942282709926
-0.045927298938657
-0.045912674770504
-0.045898409697121
-0.045884503223046
-0.045870954865659
-0.045857764155132
-0.045844930634385
-0.045832453859044
-0.045820333397393
-0.045808568830341
-0.045797159751374
-0.045786105766524
-0.045775406494323
-0.045765061565776
-0.045755070624318
-0.045745433325784
-0.045736149338377
-0.045727218342633
-0.045718640031396
-0.045710414109784
-0.045702540295164
-0.045695018317125
-0.04568784791745
-0.045681028850096
-0.045674560881167
-0.045668443788894
-0.045662677363614
-0.045657261407747
-0.045652195735785
-0.045647480174265
-0.045643114561761
-0.045639098748863
-0.045635432598166
-0.045632115984258
-0.045629148793704
-0.045626530925038
-0.045624262288757
-0.045622342807306
-0.045620772415073
-0.045619551058387
-0.045618678695506
-0.04561815529662
-0.045617980843842
-0.045618155331211
-0.04561867876469
-0.045619551162165
-0.045620772553447
-0.04562234298028
-0.045624262496335
-0.045626531167225
-0.045629149070504
-0.04563211629568
-0.045635432944217
-0.045639099129551
-0.045643114977095
-0.045647480624255
-0.045652196220441
-0.045657261927082
-0.045662677917639
-0.045668444377624
-0.045674561504615
-0.045681029508277
-0.04568784861038
-0.04569501904482
-0.045702541057643
-0.045710414907064
-0.045718640863496
-0.045727219209573
-0.045736150240178
-0.045745434262468
-0.045755071595907
-0.045765062572294
-0.045775407535794
-0.045786106842971
-0.045797160862826
-0.045808569976822
-0.045820334578933
-0.04583245507567
-0.045844931886127
-0.045857765442019
-0.045870956187723
-0.045884504580319
-0.045898411089635
-0.045912676198294
-0.045927300401756
-0.04594228420837
-0.045957628139419
-0.045973332729172
-0.045989398524937
-0.04600582608711
-0.046022615989232
-0.046039768818044
-0.046057285173543
-0.046075165669039
-0.04609341093122
-0.046112021600207
-0.046130998329616
-0.04615034178663
-0.046170052652052
-0.046190131620384
-0.046210579399883
-0.046231396712643
-0.046252584294653
-0.046274142895882
-0.046296073280343
-0.046318376226175
-0.046341052525715
-0.046364102985583
-0.046387528426754
-0.046411329684648
-0.046435507609206
-0.046460063064981
-0.046484996931221
-0.046510310101957
-0.046536003486096
-0.046562078007508
-0.046588534605125
-0.046615374233031
-0.046642597860558
-0.046670206472392
-0.046698201068665
-0.04672658266506
-0.046755352292916
-0.046784510999333
-0.046814059847279
-0.046843999915698
-0.046874332299627
-0.046905058110302
-0.046936178475277
-0.046967694538543
-0.046999607460642
-0.047031918418793
-0.047064628607013
-0.047097739236244
-0.047131251534477
-0.047165166746885
-0.047199486135956
-0.04723421098162
-0.047269342581393
-0.047304882250511
-0.047340831322072
-0.047377191147179
-0.047413963095084
-0.047451148553339
-0.047488748927941
-0.04752676564349
-0.047565200143339
-0.047604053889754
-0.047643328364077
-0.04768302506688
-0.047723145518141
-0.047763691257403
-0.047804663843949
-0.047846064856975
-0.047887895895763
-0.047930158579865
-0.04797285454928
-0.048015985464639
-0.048059553007398
-0.048103558880019
-0.048148004806173
-0.048192892530929
-0.048238223820959
-0.048284000464738
-0.048330224272751
-0.048376897077701
-0.048424020734723
-0.048471597121601
-0.048519628138982
-0.048568115710607
-0.04861706178353
-0.048666468328352
-0.048716337339452
-0.048766670835228
-0.048817470858333
-0.048868739475923
-0.048920478779906
-0.048972690887191
-0.049025377939951
-0.049078542105876
-0.049132185578444
-0.049186310577184
-0.049240919347958
-0.049296014163227
-0.049351597322345
-0.049407671151837
-0.049464238005692
-0.049521300265662
-0.049578860341557
-0.049636920671557
-0.049695483722514
-0.049754551990275
-0.049814127999997
-0.049874214306474
-0.049934813494467
-0.049995928179043
-0.050057561005909
-0.050119714651768
-0.050182391824664
-0.050245595264345
-0.050309327742625
-0.050373592063753
-0.050438391064791
-0.050503727615997
-0.050569604621207
-0.050636025018241
-0.050702991779293
-0.050770507911345
-0.050838576456582
-0.050907200492811
-0.050976383133891
-0.051046127530169
-0.05111643686892
-0.051187314374802
-0.051258763310312
-0.051330786976251
-0.051403388712195
-0.051476571896985
-0.051550339949205
-0.051624696327691
-0.05169964453203
-0.051775188103079
-0.051851330623485
-0.051928075718225
-0.052005427055138
-0.052083388345488
-0.052161963344516
-0.052241155852014
-0.052320969712907
-0.052401408817844
-0.052482477103794
-0.052564178554667
-0.052646517201928
-0.052729497125236
-0.052813122453086
-0.05289739736347
-0.052982326084537
-0.053067912895282
-0.053154162126234
-0.05324107816016
-0.053328665432787
-0.053416928433526
-0.053505871706223
-0.053595499849914
-0.053685817519595
-0.053776829427011
-0.053868540341454
-0.05396095509058
-0.054054078561238
-0.054147915700317
-0.05424247151561
-0.054337751076688
-0.054433759515798
-0.054530502028776
-0.054627983875971
-0.0547262103832
-0.054825186942706
-0.054924919014148
-0.055025412125598
-0.055126671874572
-0.055228703929064
-0.055331514028615
-0.055435107985395
-0.05553949168531
-0.055644671089128
-0.055750652233631
-0.055857441232785
-0.055965044278943
-0.056073467644059
-0.056182717680941
-0.056292800824516
-0.056403723593133
-0.056515492589884
-0.056628114503957
-0.056741596112016
-0.056855944279608
-0.056971165962606
-0.057087268208671
-0.057204258158757
-0.057322143048641
-0.057440930210487
-0.057560627074445
-0.057681241170282
-0.057802780129053
-0.057925251684803
-0.05804866367631
-0.058173024048866
-0.058298340856093
-0.058424622261809
-0.058551876541925
-0.058680112086391
-0.058809337401187
-0.058939561110351
-0.059070791958064
-0.059203038810777
-0.059336310659386
-0.059470616621459
-0.05960596594352
-0.059742368003374
-0.059879832312503
-0.060018368518502
-0.060157986407587
-0.060298695907156
-0.06044050708841
-0.060583430169045
-0.060727475516001
-0.060872653648282
-0.061018975239847
-0.061166451122573
-0.061315092289283
-0.061464909896862
-0.061615915269442
-0.061768119901675
-0.061921535462081
-0.062076173796487
-0.062232046931555
-0.062389167078399
-0.062547546636294
-0.062707198196488
-0.062868134546111
-0.06303036867218
-0.063193913765729
-0.063358783226029
-0.063524990664935
-0.063692549911346
-0.063861475015787
-0.064031780255116
-0.06420348013736
-0.064376589406687
-0.064551123048517
-0.06472709629477
-0.064904524629274
-0.065083423793312
-0.065263809791338
-0.065445698896853
-0.06562910765845
-0.065814052906037
-0.066000551757239
-0.066188621623989
-0.066378280219314
-0.066569545564326
-0.066762435995416
-0.066956970171666
-0.067153167082492
-0.067351046055509
-0.067550626764647
-0.067751929238508
-0.067954973868992
-0.06815978142018
-0.06836637303751
-0.068574770257228
-0.068784995016149
-0.068997069661727
-0.069211016962447
-0.069426860118556
-0.069644622773139
-0.069864329023561
-0.070086003433282
-0.070309671044069
-0.070535357388608
-0.070763088503541
-0.070992890942946
-0.071224791792268
-0.071458818682732
-0.071694999806242
-0.071933363930804
-0.072173940416478
-0.072416759231888
-0.072661850971317
-0.072909246872401
-0.073158978834454
-0.073411079437449
-0.073665581961686
-0.073922520408161
-0.074181929519693
-0.074443844802812
-0.074708302550456
-0.074975339865518
-0.075244994685259
-0.07551730580665
-0.075792312912654
-0.076070056599526
-0.076350578405138
-0.076633920838401
-0.076920127409823
-0.077209242663251
-0.077501312208863
-0.077796382757445
-0.078094502156033
-0.078395719424972
-0.078700084796459
-0.07900764975463
-0.079318467077284
-0.079632590879293
-0.079950076657802
-0.080270981339285
-0.080595363328554
-0.080923282559809
-0.081254800549835
-0.081589980453438
-0.081928887121233
-0.082271587159903
-0.082618148995039
-0.082968642936697
-0.083323141247802
-0.083681718215539
-0.08404445022588
-0.084411415841403
-0.084782695882576
-0.08515837351267
-0.085538534326487
-0.085923266443112
-0.08631266060287
-0.086706810268733
-0.087105811732385
-0.087509764225197
-0.087918770034378
-0.08833293462455
-0.088752366765066
-0.089177178663346
-0.089607486104579
-0.090043408598111
-0.0904850695309
-0.090932596328405
-0.091386120623327
-0.091845778432633
-0.09231171034331
-0.092784061707344
-0.09326298284644
-0.093748629267017
-0.094241161886075
-0.094740747268539
-0.095247557876738
-0.09576177233272
-0.096283575694137
-0.096813159744491
-0.09735072329858
-0.097896472524033
-0.098450621279886
-0.099013391473214
-0.099585013434884
-0.1001657263156
-0.10075577850343
-0.10135542806418
-0.10196494320592
-0.10258460276924
-0.10321469674478
-0.10385552681973
-0.10450740695512
-0.10517066399582
-0.10584563831538
-0.1065326844979
-0.10723217205916
-0.10794448620991
-0.10867002866358
-0.10940921849173
-0.11016249303012
-0.11093030883884
-0.11171314272012
-0.11251149279761
-0.11332587966136
-0.11415684758287
-0.11500496580512
-0.11587082991258
-0.11675506328683
-0.11765831865383
-0.11858127972905
-0.1195246629676
-0.1204892194267
-0.12147573674857
-0.12248504127238
-0.12351800028476
-0.12457552441877
-0.12565857021256
-0.12676814283923
-0.12790529902102
-0.12907115014134
-0.13026686557
-0.13149367621757
-0.13275287833671
-0.13404583758961
-0.13537399340207
-0.13673886362707
-0.13814204954215
-0.13958524120727
-0.14107022321228
-0.14259888084541
-0.14417320671727
-0.14579530787793
-0.14746741346785
-0.14919188294749
-0.15097121495429
-0.15280805684034
-0.15470521494923
-0.15666566569571
-0.15869256751831
-0.16078927378144
-0.16295934671116
-0.16520657245681
-0.16753497738001
-0.16994884568237
-0.17245273849458
-0.17505151456182
-0.17775035267419
-0.18055477600607
-0.18347067854543
-0.18650435381267
-0.1896625260899
-0.19295238440474
-0.19638161953893
-0.19995846436112
-0.20369173781572
-0.2075908929362
-0.21166606929166
-0.21592815032137
-0.22038882606274
-0.22506066183567
-0.22995717351042
-0.2350929100583
-0.24048354416578
-0.24614597178404
-0.25209842158853
-0.25836057543972
-0.26495370106637
-0.27190079834097
-0.27922676068352
-0.28695855331895
-0.29512541032684
-0.30375905266448
-0.31289392961862
-0.32256748645256
-0.33282046136925
-0.34369721531265
-0.35524609858709
-0.36751985879483
-0.38057609518508
-0.39447776518417
-0.40929374964811
-0.42509948426075
-0.44197766550782
-0.46001904081023
-0.47932329371961
-0.50000003659096
