-0.49999914167347
-0.47938061077645
-0.46011055029279
-0.44209145939121
-0.42522128395076
-0.40941462869404
-0.39459023374835
-0.38067571491422
-0.36760566432555
-0.35531512792212
-0.343748754674
-0.33285645833484
-0.32258613137665
-0.31289839449953
-0.30374735005947
-0.29510307971816
-0.28692612547922
-0.27918437956849
-0.27185153290409
-0.26489905415818
-0.25829934021971
-0.25203395714106
-0.24607900599887
-0.24041714495454
-0.23502657511507
-0.22989155075082
-0.22499739570969
-0.22032438864575
-0.21586915846648
-0.21161171312632
-0.20753946567709
-0.20364383047174
-0.19991567240321
-0.19634331335035
-0.19291933925452
-0.1896363371449
-0.18648227989332
-0.18345159015723
-0.18054165808495
-0.17774136079854
-0.17504665507549
-0.17245370142168
-0.16995264988721
-0.16754324478834
-0.16521948416666
-0.16297375676703
-0.1608080540812
-0.15871388283444
-0.15669044921985
-0.15473165296369
-0.15283559046758
-0.15099950849373
-0.14922454154869
-0.14750002468133
-0.14582894661232
-0.14420731603599
-0.14263356013094
-0.14110785587951
-0.13962210862685
-0.13817796930631
-0.13677552489427
-0.13540969002405
-0.13408146351168
-0.1327869862004
-0.13153220002326
-0.13030249185056
-0.12910603863353
-0.12794042362281
-0.12680143123672
-0.1256888877668
-0.12460611070654
-0.12354652941477
-0.12251167509278
-0.121503030269
-0.12051532961737
-0.11955033711965
-0.11860453729676
-0.11768061469272
-0.11677544928543
-0.11588979558312
-0.115023008364
-0.11417386468279
-0.11334069768731
-0.1125244953741
-0.11172564567127
-0.11094015776063
-0.11017145412801
-0.10941693065639
-0.10867523826671
-0.10794698381758
-0.10723484235656
-0.10653430730913
-0.10584667527996
-0.10517039021349
-0.10450552857073
-0.10385366298028
-0.1032126925588
-0.10257963088814
-0.10196010186625
-0.10134852628301
-0.10074918054226
-0.10015867341717
-0.099577270430117
-0.099003164898538
-0.098437963460799
-0.097884851561954
-0.097338135496482
-0.096800282190966
-0.096270015904114
-0.095745520524911
-0.095233935268214
-0.094726023889273
-0.094226512709352
-0.093732187951806
-0.093246633810763
-0.092767964262287
-0.092294246892906
-0.091829801703935
-0.091368790579323
-0.090914989558244
-0.090465925148761
-0.090025166372422
-0.089589645939293
-0.08916063874608
-0.088735908908407
-0.088314396369049
-0.087901529183619
-0.087492095190711
-0.087088827416968
-0.086688854396819
-0.086294760120156
-0.085903971280066
-0.08551931012587
-0.085140068367095
-0.084764550014614
-0.084395722672009
-0.084026527226531
-0.083666244572398
-0.083308572450416
-0.082949569746887
-0.082602198332688
-0.082256905936676
-0.081913834074105
-0.081575176990581
-0.081242456028033
-0.080909913550064
-0.080581088680547
-0.080257547459689
-0.079938695894856
-0.07962039949233
-0.079306301066879
-0.078995625667653
-0.078690197776971
-0.078384279663913
-0.078082173948656
-0.077787564726602
-0.07749085420971
-0.077198272348583
-0.076910514652292
-0.076624494935745
-0.076342612038208
-0.076062197189035
-0.075785808715423
-0.075510173506061
-0.075238686617976
-0.074969530032776
-0.074700777749002
-0.074438272057365
-0.07417599606521
-0.073917223692804
-0.073662054887336
-0.073408802858216
-0.073156618756492
-0.072905545058977
-0.072659090208025
-0.072413297497091
-0.072171971947485
-0.07193268830293
-0.071693249668423
-0.071456402952084
-0.071223545581168
-0.070992423955359
-0.070763178933164
-0.070534074877886
-0.070309052692844
-0.070087032651455
-0.069866572393843
-0.069646725550364
-0.069428000673306
-0.069213861588766
-0.068999479951108
-0.068787406435178
-0.068577977777523
-0.068369796477439
-0.068163051312483
-0.067958806840954
-0.067756784265082
-0.067553627410752
-0.067355920548874
-0.067156296960705
-0.06696168240737
-0.066767309882858
-0.066573005429174
-0.066382957911443
-0.066194139272402
-0.066006662955647
-0.065820017217077
-0.065634311090633
-0.065450604865767
-0.065269657989043
-0.065089948923075
-0.064910351562925
-0.064732710785551
-0.064557947662352
-0.064381660873497
-0.064210463280991
-0.064037599711849
-0.063867316656172
-0.063699389372574
-0.063532051666466
-0.063364962989589
-0.063202837655327
-0.063037518259923
-0.062875306861391
-0.062714126413221
-0.062555771859695
-0.062397959175366
-0.062242103379606
-0.062083078898317
-0.061927932993657
-0.061776061330361
-0.061621049673022
-0.061473075975418
-0.061323936281589
-0.061174131688061
-0.061026403214964
-0.060879498647702
-0.060734870960202
-0.060591696621147
-0.060449514023072
-0.060306743692932
-0.060166784743945
-0.060025050405209
-0.059887307627577
-0.059751555005818
-0.059612894405325
-0.059478788408107
-0.059342162622466
-0.059210138802133
-0.059077661766731
-0.058947391379337
-0.058815797983597
-0.058686969096961
-0.058558517832868
-0.058431732273393
-0.058304417619997
-0.058182112206142
-0.058055072319652
-0.057930701793445
-0.057809390666646
-0.057687001866421
-0.057567479495257
-0.057446930251782
-0.057328812976906
-0.05720911197414
-0.057092708057164
-0.056975608073228
-0.056861712759882
-0.056747288309233
-0.056633338695929
-0.056519486609295
-0.056411458147847
-0.056299723553956
-0.05618659824682
-0.056076621465471
-0.055970195773823
-0.055860932186571
-0.05575322480673
-0.055649121304016
-0.055544483527022
-0.055440018194007
-0.055336098129533
-0.055232129326122
-0.055130961647186
-0.055027388690866
-0.054929166681206
-0.054829705856008
-0.054729363480334
-0.054631340689081
-0.054533525473731
-0.054439233876359
-0.054341177002523
-0.054247475525475
-0.054150796661238
-0.054056275010933
-0.053962633420974
-0.05387054103225
-0.05377899592246
-0.053687589562403
-0.053598001661297
-0.053508253501412
-0.053418150552528
-0.053329720716107
-0.053243591830222
-0.053157902279741
-0.053072053322688
-0.052985696578573
-0.052900048071905
-0.052814229882441
-0.052731732840911
-0.052647968334393
-0.052565081609031
-0.052485044210854
-0.05240334824982
-0.052322718381646
-0.052242867789419
-0.052163224249419
-0.052083335820527
-0.052006583471046
-0.051927945689497
-0.051851470672994
-0.051775394144156
-0.051698985967594
-0.051622792839142
-0.051549029667184
-0.051478235033827
-0.05140286208814
-0.05133196184433
-0.051260627796307
-0.051188306708869
-0.051118328912176
-0.051046898275019
-0.0509745997031
-0.050907180487032
-0.050835332278052
-0.050769489182926
-0.050701296002712
-0.050635416993913
-0.050569069578349
-0.050503636368007
-0.050437297183455
-0.050374084935338
-0.050309133066488
-0.050245565224579
-0.050181071661678
-0.05011699509818
-0.050054149471121
-0.049996380702159
-0.049933116252682
-0.049873472101485
-0.049813767478111
-0.049752963619766
-0.049694427864394
-0.049635300881188
-0.049576483494233
-0.049520589480537
-0.0494627077106
-0.049407652357234
-0.049350227252547
-0.049293239148196
-0.049240846698371
-0.049184070149015
-0.049131659000006
-0.049076416005746
-0.049023894291653
-0.048971009528662
-0.048920098888771
-0.048867643068586
-0.048815634021321
-0.048764548321136
-0.048714458313385
-0.048665020229624
-0.048613626445321
-0.048566187463416
-0.048518265896871
-0.048470202647125
-0.048421930598665
-0.048373789995821
-0.048328459567528
-0.048280929434428
-0.048235789475545
-0.048191239326011
-0.048146598222208
-0.048101151655954
-0.048057421327017
-0.048014651990589
-0.047971406342646
-0.047927374871797
-0.047885128336083
-0.047844129400395
-0.047801590872296
-0.047761795940659
-0.04772101750269
-0.047679549178282
-0.047641630920986
-0.047603863955416
-0.047564260880154
-0.047524252151244
-0.047486748792243
-0.047446188659723
-0.047413177076616
-0.047375241869009
-0.047338607749299
-0.04730408182943
-0.047266099812685
-0.04723131406884
-0.04719580213935
-0.047162349477853
-0.047132685168304
-0.047096603053153
-0.047062227209572
-0.047030657068943
-0.046997262629549
-0.046965714237865
-0.046934694496784
-0.046902974943752
-0.046871820026264
-0.046840873903948
-0.046812987945117
-0.046783133772438
-0.046754141643022
-0.04672382110399
-0.046694733373146
-0.046667274278981
-0.046639398986233
-0.046613285724627
-0.046587515705839
-0.046559597252146
-0.046532495620162
-0.046508041940494
-0.046482325788539
-0.046459884497831
-0.046433233944078
-0.046409801921953
-0.046385313671429
-0.04636118421574
-0.046340070412377
-0.046315269065166
-0.046295436393573
-0.046272542168307
-0.046250737044369
-0.046228810176923
-0.046209403146333
-0.046189588874146
-0.046167177385883
-0.046148540357072
-0.046131493677877
-0.046110303077578
-0.046093732586798
-0.046073015084012
-0.046054557833415
-0.046038630777875
-0.046022222393357
-0.04600331607015
-0.045988645703299
-0.045972905471952
-0.045957662770544
-0.04594254264803
-0.045925833220813
-0.045911833746314
-0.045896466515591
-0.045883421693965
-0.045870042686473
-0.045858380465514
-0.045844617463907
-0.045831276570374
-0.045819703145138
-0.04580625095316
-0.045797963430519
-0.045785273197939
-0.045774292424425
-0.045764797357597
-0.045753985997173
-0.045742811732506
-0.045736251388786
-0.045726632881517
-0.045719135080543
-0.045708773062485
-0.045702844054632
-0.045694984194226
-0.045685543046694
-0.045679332579702
-0.045674452970188
-0.045666571456895
-0.045662489096064
-0.04565631597265
-0.045649528633227
-0.045644396836671
-0.045642738151888
-0.045638315010972
-0.045633584909311
-0.045630704488136
-0.045628582021777
-0.045625944469765
-0.045624253028487
-0.045623824980442
-0.045620140651673
-0.045619962868609
-0.045618121940449
-0.045614902700595
-0.04561716311396
-0.045615861472308
-0.045619004714475
-0.045617489427343
-0.045621657614213
-0.045621832926224
-0.045623178246516
-0.045625114897285
-0.045628473262327
-0.045632394223769
-0.045635841676212
-0.045639007157365
-0.045643314166156
-0.045647233086138
-0.045652313523691
-0.045655179942596
-0.045661560084272
-0.045667304532846
-0.045674535983975
-0.045679879188403
-0.04568664298784
-0.045695062049152
-0.045702827173747
-0.045711435935484
-0.045716843206728
-0.045727294148326
-0.045735154262128
-0.045744389889081
-0.04575400678372
-0.045764713204546
-0.045774633351459
-0.045785398914729
-0.045794782429098
-0.045808682183562
-0.045819480912135
-0.045830314597766
-0.045843420931957
-0.045857747209357
-0.045869039848492
-0.045886066835976
-0.045897747589789
-0.045909934252929
-0.045925610539286
-0.045940283391676
-0.045956493953058
-0.045972467216408
-0.04598743908364
-0.046002225940347
-0.046021582399105
-0.04603701097929
-0.046056484302572
-0.046074236071829
-0.046091381264715
-0.046111525052611
-0.04612863772434
-0.046150586266521
-0.04617101474838
-0.046188811921061
-0.046208751118128
-0.046228601596444
-0.046250924331678
-0.046271628570847
-0.04629425243971
-0.046316095503472
-0.046340399770188
-0.046362537407076
-0.046386464789884
-0.046409884989295
-0.046431508349734
-0.046459745156101
-0.046483220822862
-0.046508868900667
-0.046533842617293
-0.046558484321106
-0.046585801685349
-0.046614191913771
-0.046642173766419
-0.046667482006863
-0.046697298117898
-0.046725384262987
-0.046752955649964
-0.046784084448317
-0.046810537752641
-0.04684191417875
-0.046872567089349
-0.046902235175281
-0.046933340786874
-0.04696589717093
-0.046996443666991
-0.0470294746887
-0.04706143899727
-0.047095372525217
-0.047129326092799
-0.047161288254219
-0.047198128206045
-0.04723142491541
-0.047265156610484
-0.047303121348219
-0.047338013364071
-0.047374678447087
-0.047412110245676
-0.047448943554243
-0.047485915215201
-0.04752221452045
-0.047562085572051
-0.047602065085486
-0.047643064122017
-0.047680534939886
-0.047720641022497
-0.047762237480686
-0.047801407666742
-0.047843427127277
-0.047885063099643
-0.04792840018672
-0.047971295854382
-0.048014214424776
-0.048058428580571
-0.048101851540922
-0.048145054157618
-0.048192931346749
-0.048237787972391
-0.048281774410107
-0.048327706506978
-0.048375667829877
-0.048421318557829
-0.048468184978077
-0.048516806257177
-0.048567556394649
-0.048615685563679
-0.048665232810658
-0.048714605752769
-0.048765291284623
-0.048816282614606
-0.048864822086609
-0.048918827969208
-0.048970883426541
-0.049023157637742
-0.049078367221991
-0.04913144863306
-0.049183991135201
-0.049238749610346
-0.049295389018356
-0.049348718341967
-0.049406018739051
-0.049462413309351
-0.049519544716346
-0.04957780197246
-0.049637183281091
-0.049694086876928
-0.049754631971034
-0.049812850666691
-0.049872610653533
-0.049933265037753
-0.049996011271916
-0.050055940400019
-0.050119721466103
-0.05018098832754
-0.050243892798677
-0.050306684594115
-0.050374652804188
-0.050436628737821
-0.050503015155112
-0.050568865310133
-0.050635833404168
-0.050702065845275
-0.050770138618539
-0.050838631763448
-0.050907242605723
-0.050975337718054
-0.051045275372936
-0.051115046380111
-0.051186733055375
-0.051258762894061
-0.05133185337164
-0.051403077216074
-0.051476957585073
-0.051550275484685
-0.051624058420372
-0.051700453847451
-0.051776068260444
-0.05185207019344
-0.051928427403709
-0.052004039062899
-0.052084995894832
-0.052161445073116
-0.052242281432414
-0.052321071103743
-0.052402438293238
-0.05248419221182
-0.052565710199684
-0.052646924125948
-0.052729690214412
-0.052813715978396
-0.052899611761372
-0.052985362823902
-0.05306935713231
-0.053155577019746
-0.05324563355074
-0.053330783769062
-0.053417075439909
-0.053508403436553
-0.053598589192125
-0.053689372766574
-0.053781290959757
-0.053871783439999
-0.053963511571161
-0.0540580239072
-0.054150728533827
-0.054244854031568
-0.054341620295928
-0.05443664779626
-0.054533422515328
-0.054631618805541
-0.054727951551483
-0.054830262202192
-0.054928551933925
-0.055030352744135
-0.05513151276181
-0.055232487026122
-0.055334749105474
-0.05543937089694
-0.055542723150221
-0.055650241131302
-0.055755056841915
-0.05586281689393
-0.055970748356783
-0.05608114655999
-0.056187104817876
-0.05629617214974
-0.056408568359441
-0.056519558676948
-0.056633593019574
-0.056748459419594
-0.056862543471723
-0.056977786665909
-0.05709207562384
-0.057210737361436
-0.057328137557713
-0.057448436148599
-0.057567067064925
-0.057689205866809
-0.057809902423538
-0.057930990507748
-0.058053528346501
-0.058179187558843
-0.058304963761755
-0.058430338738858
-0.058558005980542
-0.05868948287074
-0.058818112566626
-0.058947437355645
-0.059078764608478
-0.059211791230633
-0.059344191253651
-0.059478797176507
-0.059612159778441
-0.059750311975333
-0.059888480016246
-0.060026190266216
-0.060166105967419
-0.060305894839459
-0.06044822228574
-0.060592418516908
-0.060734411676832
-0.060880544951371
-0.061027109029969
-0.061174837796136
-0.061321831112019
-0.061472543929835
-0.06162498181305
-0.061773446205636
-0.061929352696158
-0.062083352942146
-0.062239110172869
-0.062397855525771
-0.062553665857472
-0.062714240882574
-0.062875232346413
-0.063036201359982
-0.063200874904855
-0.063367557284853
-0.063531983059778
-0.063698279006586
-0.063867072367163
-0.06403823332399
-0.064211792473438
-0.064382007557833
-0.064557583384452
-0.064733190107243
-0.064909405727672
-0.065089053243161
-0.065273428211247
-0.065453115736373
-0.065635539008532
-0.065820791293046
-0.066005682535878
-0.06619358504034
-0.066383912113191
-0.066573131542406
-0.066767790082484
-0.066961684593005
-0.067157999377935
-0.067355897463298
-0.067554309382917
-0.067756836156092
-0.067958568191671
-0.068161994675608
-0.068368358219818
-0.068579264076873
-0.068786877280811
-0.068999550983998
-0.069212318463739
-0.069428161881473
-0.069646128080217
-0.069865239316305
-0.070085995097649
-0.07030924097527
-0.070536092689245
-0.070764085353343
-0.070992657052329
-0.071222791002674
-0.071457161187526
-0.071692952000797
-0.071931808533161
-0.072172357659775
-0.072411979967529
-0.072658894165017
-0.07290585424746
-0.07315545869684
-0.073406843285068
-0.07366135950966
-0.073918643217019
-0.074176133057261
-0.074436715211348
-0.074702040131184
-0.074969616149085
-0.075238077571805
-0.075509031696534
-0.075782880856696
-0.076063417243749
-0.076342022990061
-0.076625517283986
-0.076910350398403
-0.077199447083542
-0.077491881628205
-0.077787779188199
-0.078084917175297
-0.078385141400403
-0.078688792702157
-0.078994531256852
-0.079306745572029
-0.079619535966089
-0.07993612717642
-0.080257351337033
-0.080581533202028
-0.080909808547434
-0.081239544680401
-0.081573617382708
-0.081913366461995
-0.082255935685795
-0.082602281630216
-0.082951701961511
-0.083307303897453
-0.083665815192994
-0.084027271136182
-0.084394859481267
-0.084764742176309
-0.085142593868827
-0.085519801633961
-0.085906446619105
-0.086294749450585
-0.086689503879286
-0.087087244429385
-0.087493271496253
-0.087901896293731
-0.088313354620303
-0.088735413389009
-0.089159995361576
-0.089589616682898
-0.090026503704973
-0.090467352293332
-0.090914014073936
-0.091368841316023
-0.091827069813619
-0.092296438740163
-0.092767921642941
-0.093247763041554
-0.093732533499804
-0.094227100668485
-0.094727624594505
-0.09523354753313
-0.095749701037544
-0.096271144105104
-0.096800973302198
-0.097340296392099
-0.097884488080625
-0.09843961238764
-0.099004073148708
-0.099577259339184
-0.10015769529563
-0.10074851785013
-0.10135109294718
-0.10195809258246
-0.1025796244703
-0.10321295354589
-0.10385113192053
-0.10450626354657
-0.10517199339072
-0.10584760604467
-0.1065346872928
-0.10723712979462
-0.10794976354445
-0.10867625150585
-0.10941709496933
-0.11017110633314
-0.11094122201346
-0.11172500051624
-0.11252431927263
-0.11334254008694
-0.11417463820703
-0.11502334707839
-0.11588949014616
-0.11677502720533
-0.11768063112154
-0.11860294756649
-0.11954788699571
-0.12051509710646
-0.12149941446417
-0.12251367530998
-0.12354650660747
-0.12460623302157
-0.12569203485186
-0.12679903016562
-0.12794006355153
-0.12910562626887
-0.13030023918509
-0.13152893726885
-0.13278895900332
-0.13408282541983
-0.1354108447981
-0.13677417983201
-0.13817966096004
-0.13962239153904
-0.14110720557815
-0.14263523204942
-0.1442085324816
-0.14582885112587
-0.14750028179053
-0.14922417072016
-0.15099942803854
-0.15283689956971
-0.15473138043662
-0.15668902990259
-0.15871506220518
-0.1608082190817
-0.16297544366186
-0.16522067429696
-0.16754067699999
-0.16995357035343
-0.17245183994052
-0.17504719280592
-0.17774261413833
-0.1805415003898
-0.18345224525543
-0.18648266281356
-0.18963363189555
-0.19291862316128
-0.19634432737648
-0.19991573565259
-0.20364627860106
-0.20753931812621
-0.21161118831002
-0.21586792148205
-0.22032803707314
-0.22499437849078
-0.22989103991513
-0.23502532449223
-0.2404148504707
-0.24607855704966
-0.25203506586357
-0.25830060523943
-0.26489844482202
-0.2718497252497
-0.27918461569809
-0.28692602471087
-0.29510325748298
-0.30374841423186
-0.31289842888968
-0.32258677071782
-0.33285864540494
-0.34375067758387
-0.3553169665852
-0.36760666915603
-0.38067778196766
-0.39459101210578
-0.40941449132811
-0.42522003225469
-0.44208939391697
-0.46011357503301
-0.47937837715547
-0.49999871694915
