# MATSUBARA mesh: N: 1024 beta: 4 statistics: FERMIONIC POSITIVE_ONLY
# MOMENTUM_INDEX mesh: N: 1 dimension: 2 points: (0,0) 
# INDEX mesh: N: 2
0.78539816339745 3.5133179366348e-08 -0.37725072660379 3.5133179366348e-08 -0.37725072660379 
2.3561944901923 -3.9092397248593e-08 -0.51045771569058 -3.9092397248593e-08 -0.51045771569058 
3.9269908169872 -2.6383580733983e-09 -0.50143057682058 -2.6383580733983e-09 -0.50143057682058 
5.4977871437821 7.9815421390294e-08 -0.45671569235996 7.9815421390294e-08 -0.45671569235996 
7.068583470577 6.0805700113018e-08 -0.40754486060354 6.0805700113018e-08 -0.40754486060354 
8.6393797973719 7.3665875246695e-08 -0.36323656649254 7.3665875246695e-08 -0.36323656649254 
10.210176124167 -2.0693707642756e-09 -0.32495684785849 -2.0693707642756e-09 -0.32495684785849 
11.780972450962 4.4329852620191e-08 -0.29330867979462 4.4329852620191e-08 -0.29330867979462 
13.351768777757 1.5903768181075e-07 -0.26615674946805 1.5903768181075e-07 -0.26615674946805 
14.922565104552 3.7347870474831e-08 -0.24290942759044 3.7347870474831e-08 -0.24290942759044 
16.493361431346 3.8085825478088e-08 -0.22374929383552 3.8085825478088e-08 -0.22374929383552 
18.064157758141 -3.9248432315827e-08 -0.20698953942335 -3.9248432315827e-08 -0.20698953942335 
19.634954084936 8.149010126467e-08 -0.19209216087837 8.149010126467e-08 -0.19209216087837 
21.205750411731 1.2536793112636e-07 -0.17909343423846 1.2536793112636e-07 -0.17909343423846 
22.776546738526 1.6791836945041e-07 -0.16792438716699 1.6791836945041e-07 -0.16792438716699 
24.347343065321 2.3485040893666e-07 -0.15789255025519 2.3485040893666e-07 -0.15789255025519 
25.918139392116 4.932281336413e-08 -0.14905332199991 4.932281336413e-08 -0.14905332199991 
27.488935718911 5.9744730524781e-08 -0.14129010741152 5.9744730524781e-08 -0.14129010741152 
29.059732045706 6.3410537940835e-08 -0.13380966859815 6.3410537940835e-08 -0.13380966859815 
30.6305283725 5.8163137216201e-08 -0.12721239115603 5.8163137216201e-08 -0.12721239115603 
32.201324699295 1.3638598623312e-07 -0.12151350353012 1.3638598623312e-07 -0.12151350353012 
33.77212102609 6.9880919372912e-08 -0.11603900211433 6.9880919372912e-08 -0.11603900211433 
35.342917352885 1.4848272050654e-08 -0.11133208955987 1.4848272050654e-08 -0.11133208955987 
36.91371367968 1.0418975447391e-07 -0.10663440831372 1.0418975447391e-07 -0.10663440831372 
38.484510006475 2.0191302054302e-07 -0.10270791209752 2.0191302054302e-07 -0.10270791209752 
40.05530633327 1.5727286982346e-07 -0.098260796075607 1.5727286982346e-07 -0.098260796075607 
41.626102660065 4.5446658248711e-08 -0.094664979744692 4.5446658248711e-08 -0.094664979744692 
43.19689898686 8.1835956990141e-09 -0.091379251404867 8.1835956990141e-09 -0.091379251404867 
44.767695313655 2.5897253166905e-08 -0.088029735103603 2.5897253166905e-08 -0.088029735103603 
46.338491640449 -1.6764953021693e-08 -0.085457158006683 -1.6764953021693e-08 -0.085457158006683 
47.909287967244 6.0322579798142e-08 -0.082258694827217 6.0322579798142e-08 -0.082258694827217 
49.480084294039 5.1428868622236e-08 -0.079765088752751 5.1428868622236e-08 -0.079765088752751 
51.050880620834 7.6204435731388e-08 -0.07773771397396 7.6204435731388e-08 -0.07773771397396 
52.621676947629 1.3500382038988e-07 -0.075590567923356 1.3500382038988e-07 -0.075590567923356 
54.192473274424 9.5875348127021e-09 -0.073568331791719 9.5875348127021e-09 -0.073568331791719 
55.763269601219 -2.927324204751e-08 -0.071777630794287 -2.927324204751e-08 -0.071777630794287 
57.334065928014 2.3974388535883e-10 -0.069422458626562 2.3974388535883e-10 -0.069422458626562 
58.904862254809 6.0667971272346e-08 -0.067392057217788 6.0667971272346e-08 -0.067392057217788 
60.475658581604 5.0009644014482e-08 -0.06600123991516 5.0009644014482e-08 -0.06600123991516 
62.046454908398 4.0752058290422e-08 -0.064650216824006 4.0752058290422e-08 -0.064650216824006 
63.617251235193 3.6964945562877e-08 -0.063072261268012 3.6964945562877e-08 -0.063072261268012 
65.188047561988 1.6231917167991e-08 -0.061254909695762 1.6231917167991e-08 -0.061254909695762 
66.758843888783 6.7446818526096e-08 -0.059452305635148 6.7446818526096e-08 -0.059452305635148 
68.329640215578 7.5356348817969e-08 -0.058223291633738 7.5356348817969e-08 -0.058223291633738 
69.900436542373 1.0082927281606e-07 -0.056805728493742 1.0082927281606e-07 -0.056805728493742 
71.471232869168 5.7792157629311e-08 -0.055725864849251 5.7792157629311e-08 -0.055725864849251 
73.042029195963 3.1828514615417e-08 -0.053992704430357 3.1828514615417e-08 -0.053992704430357 
74.612825522758 9.6003457248543e-08 -0.053246772868519 9.6003457248543e-08 -0.053246772868519 
76.183621849552 1.3736118816313e-07 -0.052492619462029 1.3736118816313e-07 -0.052492619462029 
77.754418176347 1.6813427072039e-07 -0.051296568356705 1.6813427072039e-07 -0.051296568356705 
79.325214503142 -9.1394821034732e-09 -0.050215287995016 -9.1394821034732e-09 -0.050215287995016 
80.896010829937 8.9052923516376e-10 -0.049314804658323 8.9052923516376e-10 -0.049314804658323 
82.466807156732 2.8858028122311e-08 -0.048077452495662 2.8858028122311e-08 -0.048077452495662 
84.037603483527 1.1608843272679e-07 -0.047475073337765 1.1608843272679e-07 -0.047475073337765 
85.608399810322 2.4291801425364e-07 -0.046772164858425 2.4291801425364e-07 -0.046772164858425 
87.179196137117 5.5479168204949e-08 -0.045864520054067 5.5479168204949e-08 -0.045864520054067 
88.749992463912 9.424769143679e-08 -0.044700937726503 9.424769143679e-08 -0.044700937726503 
90.320788790707 8.6448920803955e-08 -0.044122935449195 8.6448920803955e-08 -0.044122935449195 
91.891585117501 6.2378316378585e-08 -0.043731872875753 6.2378316378585e-08 -0.043731872875753 
93.462381444296 3.9337546220599e-08 -0.042669769289276 3.9337546220599e-08 -0.042669769289276 
95.033177771091 -3.2099275219107e-09 -0.041829174342894 -3.2099275219107e-09 -0.041829174342894 
96.603974097886 1.2828202572389e-07 -0.041223874152394 1.2828202572389e-07 -0.041223874152394 
98.174770424681 1.8012909186434e-08 -0.040501864440685 1.8012909186434e-08 -0.040501864440685 
99.745566751476 1.0825542222379e-07 -0.040035649847809 1.0825542222379e-07 -0.040035649847809 
101.31636307827 1.1012321847594e-07 -0.039138401970135 1.1012321847594e-07 -0.039138401970135 
102.88715940507 3.6609832797785e-08 -0.038712616800737 3.6609832797785e-08 -0.038712616800737 
104.45795573186 8.1179405909464e-08 -0.037933824353289 8.1179405909464e-08 -0.037933824353289 
106.02875205866 4.2970070911423e-08 -0.037651927112151 4.2970070911423e-08 -0.037651927112151 
107.59954838545 -1.9451102733972e-09 -0.037324730852546 -1.9451102733972e-09 -0.037324730852546 
109.17034471225 -3.4929100341431e-09 -0.036550370121702 -3.4929100341431e-09 -0.036550370121702 
110.74114103904 6.389759696196e-08 -0.036118383733253 6.389759696196e-08 -0.036118383733253 
112.31193736584 5.6394059882922e-08 -0.035451630161035 5.6394059882922e-08 -0.035451630161035 
113.88273369263 8.2580621550827e-08 -0.035246912212926 8.2580621550827e-08 -0.035246912212926 
115.45353001942 1.0131292660511e-07 -0.03445147363999 1.0131292660511e-07 -0.03445147363999 
117.02432634622 3.8813213295698e-08 -0.033893346571261 3.8813213295698e-08 -0.033893346571261 
118.59512267301 -5.9701199420446e-08 -0.03340479752471 -5.9701199420446e-08 -0.03340479752471 
120.16591899981 1.8788608664377e-08 -0.033142253373569 1.8788608664377e-08 -0.033142253373569 
121.7367153266 1.3566047072098e-07 -0.03211085606948 1.3566047072098e-07 -0.03211085606948 
123.3075116534 1.3973841823433e-07 -0.032505722862354 1.3973841823433e-07 -0.032505722862354 
124.87830798019 5.6844994157709e-08 -0.032169499825116 5.6844994157709e-08 -0.032169499825116 
126.44910430699 -2.5089328983975e-08 -0.031936903682805 -2.5089328983975e-08 -0.031936903682805 
128.01990063378 7.5249353320807e-09 -0.031664696461661 7.5249353320807e-09 -0.031664696461661 
129.59069696058 9.1847414404378e-08 -0.030772114815136 9.1847414404378e-08 -0.030772114815136 
131.16149328737 7.9114592113279e-08 -0.030949040662449 7.9114592113279e-08 -0.030949040662449 
132.73228961417 8.4240386585569e-08 -0.029589955768785 8.4240386585569e-08 -0.029589955768785 
134.30308594096 6.1962835110607e-08 -0.029445378730287 6.1962835110607e-08 -0.029445378730287 
135.87388226776 9.6621565114511e-08 -0.029106939357405 9.6621565114511e-08 -0.029106939357405 
137.44467859455 1.4075320994678e-07 -0.028739155346415 1.4075320994678e-07 -0.028739155346415 
139.01547492135 1.0407310861948e-07 -0.028810401372795 1.0407310861948e-07 -0.028810401372795 
140.58627124814 3.7615641599153e-10 -0.028235924770769 3.7615641599153e-10 -0.028235924770769 
142.15706757494 6.5691697454999e-09 -0.028288854950745 6.5691697454999e-09 -0.028288854950745 
143.72786390173 3.0547278397386e-08 -0.027663334974619 3.0547278397386e-08 -0.027663334974619 
145.29866022853 1.7306761845385e-09 -0.027362405696437 1.7306761845385e-09 -0.027362405696437 
146.86945655532 1.2183238411088e-07 -0.027239294703605 1.2183238411088e-07 -0.027239294703605 
148.44025288212 1.6673334165525e-07 -0.026885748343261 1.6673334165525e-07 -0.026885748343261 
150.01104920891 1.4106007107848e-07 -0.027065827253892 1.4106007107848e-07 -0.027065827253892 
151.58184553571 4.1358069079055e-08 -0.026528761960634 4.1358069079055e-08 -0.026528761960634 
153.1526418625 8.8109398085388e-08 -0.025806144740216 8.8109398085388e-08 -0.025806144740216 
154.7234381893 4.2891602027437e-08 -0.025497431456643 4.2891602027437e-08 -0.025497431456643 
156.29423451609 -5.8187059473755e-08 -0.025284031608123 -5.8187059473755e-08 -0.025284031608123 
157.86503084289 1.0655727711815e-07 -0.025054280059237 1.0655727711815e-07 -0.025054280059237 
159.43582716968 5.1430906663708e-08 -0.025440098029605 5.1430906663708e-08 -0.025440098029605 
161.00662349648 1.3413599460726e-07 -0.024643550887049 1.3413599460726e-07 -0.024643550887049 
162.57741982327 1.3463981607412e-07 -0.024583753780348 1.3463981607412e-07 -0.024583753780348 
164.14821615007 5.0618958777189e-08 -0.024254178126597 5.0618958777189e-08 -0.024254178126597 
165.71901247686 6.6279599012818e-08 -0.024022615764579 6.6279599012818e-08 -0.024022615764579 
167.28980880366 7.8759641142404e-08 -0.023792372615532 7.8759641142404e-08 -0.023792372615532 
168.86060513045 1.7547354017052e-07 -0.024171478581252 1.7547354017052e-07 -0.024171478581252 
170.43140145725 -2.8870867590949e-08 -0.023493730210845 -2.8870867590949e-08 -0.023493730210845 
172.00219778404 -3.8112767692339e-08 -0.023248517929744 -3.8112767692339e-08 -0.023248517929744 
173.57299411084 7.9910845210356e-08 -0.023276711749219 7.9910845210356e-08 -0.023276711749219 
175.14379043763 8.2550182099438e-08 -0.023092619756653 8.2550182099438e-08 -0.023092619756653 
176.71458676443 1.3427422671383e-07 -0.022712096420378 1.3427422671383e-07 -0.022712096420378 
178.28538309122 6.3691123792963e-08 -0.022404767351702 6.3691123792963e-08 -0.022404767351702 
179.85617941802 3.8184831007427e-08 -0.022383842350166 3.8184831007427e-08 -0.022383842350166 
181.42697574481 3.4024456199785e-08 -0.021921484408438 3.4024456199785e-08 -0.021921484408438 
182.99777207161 9.2790014437203e-08 -0.022075698042897 9.2790014437203e-08 -0.022075698042897 
184.5685683984 9.3699080781173e-08 -0.02155002000876 9.3699080781173e-08 -0.02155002000876 
186.1393647252 5.351113749082e-08 -0.021412056905547 5.351113749082e-08 -0.021412056905547 
187.71016105199 2.7456920462578e-08 -0.021280574216348 2.7456920462578e-08 -0.021280574216348 
189.28095737879 -3.3950814139953e-08 -0.021271487291813 -3.3950814139953e-08 -0.021271487291813 
190.85175370558 3.339696028791e-08 -0.021114123522125 3.339696028791e-08 -0.021114123522125 
192.42255003237 2.1498878990499e-08 -0.0209906042341 2.1498878990499e-08 -0.0209906042341 
193.99334635917 1.162019239466e-07 -0.020878242260352 1.162019239466e-07 -0.020878242260352 
195.56414268596 9.4488070590065e-08 -0.020577162255336 9.4488070590065e-08 -0.020577162255336 
197.13493901276 1.0612816419871e-08 -0.020744420387985 1.0612816419871e-08 -0.020744420387985 
198.70573533955 8.0924226738276e-08 -0.020295437255157 8.0924226738276e-08 -0.020295437255157 
200.27653166635 6.6687748773802e-08 -0.019937351245034 6.6687748773802e-08 -0.019937351245034 
201.84732799314 5.3304882564186e-08 -0.020114760220309 5.3304882564186e-08 -0.020114760220309 
203.41812431994 -4.9393783956662e-08 -0.019729371539967 -4.9393783956662e-08 -0.019729371539967 
204.98892064673 2.695451285267e-08 -0.019468604847731 2.695451285267e-08 -0.019468604847731 
206.55971697353 1.1104843254929e-07 -0.019167528766957 1.1104843254929e-07 -0.019167528766957 
208.13051330032 1.0971417296912e-08 -0.019032730846277 1.0971417296912e-08 -0.019032730846277 
209.70130962712 9.1540017583269e-08 -0.018780597200532 9.1540017583269e-08 -0.018780597200532 
211.27210595391 1.2010569890827e-07 -0.018620712599869 1.2010569890827e-07 -0.018620712599869 
212.84290228071 1.061844449756e-07 -0.018399956992312 1.061844449756e-07 -0.018399956992312 
214.4136986075 1.5987961352425e-07 -0.018356387500546 1.5987961352425e-07 -0.018356387500546 
215.9844949343 6.9380652143242e-08 -0.01857025753381 6.9380652143242e-08 -0.01857025753381 
217.55529126109 -5.8487710935549e-08 -0.018647155243229 -5.8487710935549e-08 -0.018647155243229 
219.12608758789 2.7583729567652e-08 -0.018324036356802 2.7583729567652e-08 -0.018324036356802 
220.69688391468 1.3355978757239e-07 -0.018083876279832 1.3355978757239e-07 -0.018083876279832 
222.26768024148 1.4510302505722e-07 -0.017845830232659 1.4510302505722e-07 -0.017845830232659 
223.83847656827 7.5474070184087e-08 -0.01760898844347 7.5474070184087e-08 -0.01760898844347 
225.40927289507 1.0720759155496e-07 -0.01800201829289 1.0720759155496e-07 -0.01800201829289 
226.98006922186 1.3530738970785e-07 -0.01771064818746 1.3530738970785e-07 -0.01771064818746 
228.55086554866 3.0482566296247e-08 -0.017507577090242 3.0482566296247e-08 -0.017507577090242 
230.12166187545 1.4749795714857e-07 -0.017314513722539 1.4749795714857e-07 -0.017314513722539 
231.69245820225 6.4488496637798e-08 -0.01750482606846 6.4488496637798e-08 -0.01750482606846 
233.26325452904 -9.4041643077666e-09 -0.017506897394185 -9.4041643077666e-09 -0.017506897394185 
234.83405085584 1.906540174717e-08 -0.017300845078609 1.906540174717e-08 -0.017300845078609 
236.40484718263 1.4859606416753e-08 -0.016848223145246 1.4859606416753e-08 -0.016848223145246 
237.97564350943 1.30691934481e-07 -0.016538201342712 1.30691934481e-07 -0.016538201342712 
239.54643983622 9.5823487667184e-08 -0.016805346774618 9.5823487667184e-08 -0.016805346774618 
241.11723616302 8.3174766677332e-08 -0.016432962426762 8.3174766677332e-08 -0.016432962426762 
242.68803248981 5.4188992943545e-09 -0.016582111456387 5.4188992943545e-09 -0.016582111456387 
244.25882881661 3.6298877100235e-09 -0.016302145514146 3.6298877100235e-09 -0.016302145514146 
245.8296251434 8.4532973670023e-08 -0.016369793976111 8.4532973670023e-08 -0.016369793976111 
247.4004214702 3.1325130362046e-08 -0.015902374266005 3.1325130362046e-08 -0.015902374266005 
248.97121779699 3.3042542237871e-08 -0.016011941815691 3.3042542237871e-08 -0.016011941815691 
250.54201412379 -8.2878239256023e-09 -0.016016445118055 -8.2878239256023e-09 -0.016016445118055 
252.11281045058 8.008411848418e-08 -0.015665728069536 8.008411848418e-08 -0.015665728069536 
253.68360677738 4.8169384100397e-08 -0.015448800764091 4.8169384100397e-08 -0.015448800764091 
255.25440310417 -2.5115148115895e-08 -0.015658843437336 -2.5115148115895e-08 -0.015658843437336 
256.82519943097 2.8646853197771e-08 -0.015529571973218 2.8646853197771e-08 -0.015529571973218 
258.39599575776 8.0337209685435e-08 -0.015450523179993 8.0337209685435e-08 -0.015450523179993 
259.96679208456 1.3012792775405e-07 -0.014982739922289 1.3012792775405e-07 -0.014982739922289 
261.53758841135 1.0369880621193e-08 -0.015168242985851 1.0369880621193e-08 -0.015168242985851 
263.10838473815 9.0901330718305e-08 -0.014709790494067 9.0901330718305e-08 -0.014709790494067 
264.67918106494 3.5484733571997e-08 -0.015179662001231 3.5484733571997e-08 -0.015179662001231 
266.24997739173 4.0772165453447e-08 -0.0150332121367 4.0772165453447e-08 -0.0150332121367 
267.82077371853 1.4236324820951e-07 -0.014390520486018 1.4236324820951e-07 -0.014390520486018 
269.39157004532 1.0103384928935e-10 -0.014407076241696 1.0103384928935e-10 -0.014407076241696 
270.96236637212 6.214384307553e-08 -0.014506025852711 6.214384307553e-08 -0.014506025852711 
272.53316269891 8.9322483341478e-08 -0.014873315223326 8.9322483341478e-08 -0.014873315223326 
274.10395902571 1.7975546205307e-07 -0.01454960774015 1.7975546205307e-07 -0.01454960774015 
275.6747553525 1.5940709649912e-07 -0.01410608172921 1.5940709649912e-07 -0.01410608172921 
277.2455516793 1.2213019869041e-07 -0.013978180630545 1.2213019869041e-07 -0.013978180630545 
278.81634800609 1.190891110634e-07 -0.014102803663548 1.190891110634e-07 -0.014102803663548 
280.38714433289 -6.125528671921e-08 -0.01435780132158 -6.125528671921e-08 -0.01435780132158 
281.95794065968 1.8273458870404e-08 -0.013802112205497 1.8273458870404e-08 -0.013802112205497 
283.52873698648 1.5234484145303e-07 -0.013865889534998 1.5234484145303e-07 -0.013865889534998 
285.09953331327 1.0611197995059e-07 -0.013609879304852 1.0611197995059e-07 -0.013609879304852 
286.67032964007 9.7556554188753e-08 -0.013776233909311 9.7556554188753e-08 -0.013776233909311 
288.24112596686 6.7167043344707e-08 -0.013922997899272 6.7167043344707e-08 -0.013922997899272 
289.81192229366 7.3615441451682e-08 -0.013864875770707 7.3615441451682e-08 -0.013864875770707 
291.38271862045 9.2482756979542e-08 -0.013673913379762 9.2482756979542e-08 -0.013673913379762 
292.95351494725 6.8484720492227e-08 -0.013643187260357 6.8484720492227e-08 -0.013643187260357 
294.52431127404 4.4593762260733e-09 -0.013380894743079 4.4593762260733e-09 -0.013380894743079 
296.09510760084 -2.0442553885769e-09 -0.013732843138541 -2.0442553885769e-09 -0.013732843138541 
297.66590392763 4.7618405817521e-08 -0.013570057622644 4.7618405817521e-08 -0.013570057622644 
299.23670025443 7.1445222571359e-08 -0.01335675464469 7.1445222571359e-08 -0.01335675464469 
300.80749658122 1.5401223845538e-08 -0.013002886850018 1.5401223845538e-08 -0.013002886850018 
302.37829290802 6.5566521565376e-09 -0.012915549084767 6.5566521565376e-09 -0.012915549084767 
303.94908923481 6.3911155704767e-08 -0.013390759182755 6.3911155704767e-08 -0.013390759182755 
305.51988556161 2.8553053942404e-08 -0.012703332512444 2.8553053942404e-08 -0.012703332512444 
307.0906818884 4.7234101461812e-08 -0.013052285930712 4.7234101461812e-08 -0.013052285930712 
308.6614782152 -2.4195372734359e-09 -0.012992305879777 -2.4195372734359e-09 -0.012992305879777 
310.23227454199 6.5960575699825e-08 -0.012900087651531 6.5960575699825e-08 -0.012900087651531 
311.80307086879 7.644536194478e-08 -0.012799662743816 7.644536194478e-08 -0.012799662743816 
313.37386719558 3.5002654152064e-08 -0.012972989721334 3.5002654152064e-08 -0.012972989721334 
314.94466352238 4.1146666644683e-08 -0.01322475649215 4.1146666644683e-08 -0.01322475649215 
316.51545984917 4.7074335438571e-09 -0.013073230034479 4.7074335438571e-09 -0.013073230034479 
318.08625617597 -1.3296587250125e-09 -0.012780212177006 -1.3296587250125e-09 -0.012780212177006 
319.65705250276 4.6606726049808e-08 -0.012634925751001 4.6606726049808e-08 -0.012634925751001 
321.22784882956 1.7124368395682e-07 -0.012521104113432 1.7124368395682e-07 -0.012521104113432 
322.79864515635 1.1070257006783e-07 -0.012405744841317 1.1070257006783e-07 -0.012405744841317 
324.36944148315 1.2299313248507e-07 -0.012604610633673 1.2299313248507e-07 -0.012604610633673 
325.94023780994 6.3996398589995e-08 -0.012553966625148 6.3996398589995e-08 -0.012553966625148 
327.51103413674 9.8615085005693e-09 -0.012395518605842 9.8615085005693e-09 -0.012395518605842 
329.08183046353 1.1066070470226e-07 -0.012095292405036 1.1066070470226e-07 -0.012095292405036 
330.65262679033 9.1196399034408e-08 -0.012409740523651 9.1196399034408e-08 -0.012409740523651 
332.22342311712 6.259799355718e-08 -0.011851255265015 6.259799355718e-08 -0.011851255265015 
333.79421944392 -9.525761060315e-09 -0.012041898353402 -9.525761060315e-09 -0.012041898353402 
335.36501577071 1.7974281499733e-07 -0.012102648448149 1.7974281499733e-07 -0.012102648448149 
336.93581209751 2.237963887152e-07 -0.011657189269954 2.237963887152e-07 -0.011657189269954 
338.5066084243 1.0865667975041e-07 -0.011518627485316 1.0865667975041e-07 -0.011518627485316 
340.0774047511 1.2990012183292e-07 -0.011604464731306 1.2990012183292e-07 -0.011604464731306 
341.64820107789 -1.6691898561981e-08 -0.011732643683104 -1.6691898561981e-08 -0.011732643683104 
343.21899740468 1.7505161676303e-08 -0.011808740671484 1.7505161676303e-08 -0.011808740671484 
344.78979373148 6.4411482228842e-08 -0.01159808879305 6.4411482228842e-08 -0.01159808879305 
346.36059005827 5.2174758180302e-08 -0.011520236772128 5.2174758180302e-08 -0.011520236772128 
347.93138638507 7.5433573038273e-08 -0.011519781368861 7.5433573038273e-08 -0.011519781368861 
349.50218271186 6.4377569193765e-08 -0.01101372846864 6.4377569193765e-08 -0.01101372846864 
351.07297903866 1.4562795440725e-07 -0.011487650602817 1.4562795440725e-07 -0.011487650602817 
352.64377536545 2.8477155873709e-08 -0.011162770655233 2.8477155873709e-08 -0.011162770655233 
354.21457169225 5.5693999202261e-08 -0.011577669328574 5.5693999202261e-08 -0.011577669328574 
355.78536801904 7.6968116396571e-08 -0.011557772252729 7.6968116396571e-08 -0.011557772252729 
357.35616434584 8.5172195902103e-09 -0.011303149984144 8.5172195902103e-09 -0.011303149984144 
358.92696067263 4.8411602543911e-08 -0.011664392221689 4.8411602543911e-08 -0.011664392221689 
360.49775699943 2.1893570575142e-08 -0.011583357351867 2.1893570575142e-08 -0.011583357351867 
362.06855332622 5.0198073106565e-08 -0.010974835378306 5.0198073106565e-08 -0.010974835378306 
363.63934965302 1.2866281293176e-08 -0.010557752452712 1.2866281293176e-08 -0.010557752452712 
365.21014597981 5.7858160252517e-08 -0.010847744767375 5.7858160252517e-08 -0.010847744767375 
366.78094230661 8.6716438226661e-08 -0.010667249845028 8.6716438226661e-08 -0.010667249845028 
368.3517386334 1.2083076349644e-07 -0.010844705262002 1.2083076349644e-07 -0.010844705262002 
369.9225349602 7.6007939392578e-08 -0.010880042347878 7.6007939392578e-08 -0.010880042347878 
371.49333128699 -1.5187554764904e-08 -0.010847606817151 -1.5187554764904e-08 -0.010847606817151 
373.06412761379 5.7607541344906e-08 -0.010740851601781 5.7607541344906e-08 -0.010740851601781 
374.63492394058 7.1345650955582e-08 -0.010590371068247 7.1345650955582e-08 -0.010590371068247 
376.20572026738 8.4350763955799e-08 -0.010503580607008 8.4350763955799e-08 -0.010503580607008 
377.77651659417 1.9301286067843e-08 -0.010408038898618 1.9301286067843e-08 -0.010408038898618 
379.34731292097 -1.2749979423877e-08 -0.010596638682784 -1.2749979423877e-08 -0.010596638682784 
380.91810924776 6.7867176306349e-08 -0.010474501019132 6.7867176306349e-08 -0.010474501019132 
382.48890557456 1.5165975685352e-07 -0.010261920645348 1.5165975685352e-07 -0.010261920645348 
384.05970190135 1.7530183046237e-07 -0.010505697588599 1.7530183046237e-07 -0.010505697588599 
385.63049822815 4.9602443096094e-08 -0.010495457849743 4.9602443096094e-08 -0.010495457849743 
387.20129455494 5.2974442261262e-08 -0.010491383563533 5.2974442261262e-08 -0.010491383563533 
388.77209088174 7.0458964930654e-08 -0.010173062120657 7.0458964930654e-08 -0.010173062120657 
390.34288720853 3.3566053278718e-08 -0.010023494426946 3.3566053278718e-08 -0.010023494426946 
391.91368353533 3.4909457291523e-08 -0.010020095431798 3.4909457291523e-08 -0.010020095431798 
393.48447986212 7.3184299237086e-08 -0.010292127834646 7.3184299237086e-08 -0.010292127834646 
395.05527618892 1.9608819074253e-09 -0.010169828005417 1.9608819074253e-09 -0.010169828005417 
396.62607251571 8.7857371459847e-08 -0.010155000042005 8.7857371459847e-08 -0.010155000042005 
398.19686884251 1.1625744177085e-07 -0.010322881043237 1.1625744177085e-07 -0.010322881043237 
399.7676651693 1.1468510652673e-07 -0.010103922820747 1.1468510652673e-07 -0.010103922820747 
401.3384614961 1.326347711188e-07 -0.010046533693469 1.326347711188e-07 -0.010046533693469 
402.90925782289 2.5422238548712e-08 -0.0099768694863656 2.5422238548712e-08 -0.0099768694863656 
404.48005414969 8.4211140904394e-09 -0.010005073739364 8.4211140904394e-09 -0.010005073739364 
406.05085047648 -2.3991772392252e-08 -0.0097590977861159 -2.3991772392252e-08 -0.0097590977861159 
407.62164680328 5.41795248699e-08 -0.009739907840526 5.41795248699e-08 -0.009739907840526 
409.19244313007 5.4497105682771e-08 -0.009575576488146 5.4497105682771e-08 -0.009575576488146 
410.76323945687 1.5965467447529e-08 -0.0095213128583396 1.5965467447529e-08 -0.0095213128583396 
412.33403578366 1.5851198886426e-07 -0.0099971860580013 1.5851198886426e-07 -0.0099971860580013 
413.90483211046 1.0273798413327e-07 -0.0098304464050329 1.0273798413327e-07 -0.0098304464050329 
415.47562843725 6.3930726163141e-08 -0.0093513528138374 6.3930726163141e-08 -0.0093513528138374 
417.04642476405 5.1974174072745e-08 -0.0094572627466505 5.1974174072745e-08 -0.0094572627466505 
418.61722109084 -1.391865916978e-08 -0.0092674617672515 -1.391865916978e-08 -0.0092674617672515 
420.18801741763 1.1651622547198e-07 -0.0097276010914129 1.1651622547198e-07 -0.0097276010914129 
421.75881374443 6.7768518626884e-08 -0.0095147632092107 6.7768518626884e-08 -0.0095147632092107 
423.32961007122 5.1937218346289e-08 -0.009552691661554 5.1937218346289e-08 -0.009552691661554 
424.90040639802 -2.1741828472404e-08 -0.009651057113615 -2.1741828472404e-08 -0.009651057113615 
426.47120272481 8.2352323320876e-08 -0.0095967242176584 8.2352323320876e-08 -0.0095967242176584 
428.04199905161 1.7147872733701e-07 -0.0093789022475335 1.7147872733701e-07 -0.0093789022475335 
429.6127953784 8.3986268531626e-08 -0.0090780981286684 8.3986268531626e-08 -0.0090780981286684 
431.1835917052 9.157499508362e-08 -0.0092354661719583 9.157499508362e-08 -0.0092354661719583 
432.75438803199 -5.1354893422338e-09 -0.008989787224607 -5.1354893422338e-09 -0.008989787224607 
434.32518435879 4.2020978187696e-08 -0.0090550644621885 4.2020978187696e-08 -0.0090550644621885 
435.89598068558 5.5216407701912e-08 -0.0088171653177938 5.5216407701912e-08 -0.0088171653177938 
437.46677701238 8.7367186333953e-08 -0.0089647098305363 8.7367186333953e-08 -0.0089647098305363 
439.03757333917 6.8291374090338e-08 -0.0091095100652865 6.8291374090338e-08 -0.0091095100652865 
440.60836966597 3.1786252597734e-08 -0.0085710479082195 3.1786252597734e-08 -0.0085710479082195 
442.17916599276 4.0077334366481e-08 -0.0086883327859368 4.0077334366481e-08 -0.0086883327859368 
443.74996231956 5.1237118429591e-09 -0.0089302397614119 5.1237118429591e-09 -0.0089302397614119 
445.32075864635 1.3879992620567e-07 -0.0089630332570323 1.3879992620567e-07 -0.0089630332570323 
446.89155497315 8.729233959997e-08 -0.0083427283910851 8.729233959997e-08 -0.0083427283910851 
448.46235129994 5.7247227365773e-08 -0.0087292297181989 5.7247227365773e-08 -0.0087292297181989 
450.03314762674 6.0451543146225e-08 -0.0086564486805401 6.0451543146225e-08 -0.0086564486805401 
451.60394395353 3.363680108357e-08 -0.0086150818935948 3.363680108357e-08 -0.0086150818935948 
453.17474028033 8.513279034401e-08 -0.0089130252568452 8.513279034401e-08 -0.0089130252568452 
454.74553660712 4.0015827001542e-08 -0.0085213287032957 4.0015827001542e-08 -0.0085213287032957 
456.31633293392 8.8018376113992e-09 -0.0084764834417683 8.8018376113992e-09 -0.0084764834417683 
457.88712926071 2.2285958861777e-08 -0.0082356619851112 2.2285958861777e-08 -0.0082356619851112 
459.45792558751 9.296288329897e-08 -0.0084987604361686 9.296288329897e-08 -0.0084987604361686 
461.0287219143 1.3783529178414e-07 -0.0086731048406818 1.3783529178414e-07 -0.0086731048406818 
462.5995182411 4.000011718174e-08 -0.0086189081267776 4.000011718174e-08 -0.0086189081267776 
464.17031456789 1.012479700327e-07 -0.0084758806230525 1.012479700327e-07 -0.0084758806230525 
465.74111089469 1.498675763e-07 -0.0083293048062956 1.498675763e-07 -0.0083293048062956 
467.31190722148 3.7659792206467e-08 -0.0083305367600701 3.7659792206467e-08 -0.0083305367600701 
468.88270354828 2.8336000207323e-08 -0.0081252991856786 2.8336000207323e-08 -0.0081252991856786 
470.45349987507 6.2234290354661e-09 -0.0079673519373387 6.2234290354661e-09 -0.0079673519373387 
472.02429620187 3.5960556622545e-08 -0.0080356049630836 3.5960556622545e-08 -0.0080356049630836 
473.59509252866 1.6768454652578e-07 -0.0084174030362192 1.6768454652578e-07 -0.0084174030362192 
475.16588885546 1.7249041799175e-07 -0.0079335589900893 1.7249041799175e-07 -0.0079335589900893 
476.73668518225 8.8315867963801e-08 -0.008254650977392 8.8315867963801e-08 -0.008254650977392 
478.30748150905 5.7715812191344e-08 -0.0080305372418366 5.7715812191344e-08 -0.0080305372418366 
479.87827783584 5.0457338225091e-08 -0.0082220796137449 5.0457338225091e-08 -0.0082220796137449 
481.44907416264 1.0393704954498e-07 -0.0085287477999714 1.0393704954498e-07 -0.0085287477999714 
483.01987048943 4.6105480614792e-08 -0.008078043540479 4.6105480614792e-08 -0.008078043540479 
484.59066681623 1.0802503401776e-07 -0.008517184381617 1.0802503401776e-07 -0.008517184381617 
486.16146314302 3.5460920747092e-08 -0.0082644629370066 3.5460920747092e-08 -0.0082644629370066 
487.73225946982 -2.392667886939e-08 -0.0081836243300586 -2.392667886939e-08 -0.0081836243300586 
489.30305579661 8.4430265348735e-08 -0.0080439506861012 8.4430265348735e-08 -0.0080439506861012 
490.87385212341 8.4434622164938e-08 -0.0078105554750891 8.4434622164938e-08 -0.0078105554750891 
492.4446484502 9.6264366203722e-08 -0.0080338583892399 9.6264366203722e-08 -0.0080338583892399 
494.01544477699 2.5687271734883e-08 -0.0083131968018506 2.5687271734883e-08 -0.0083131968018506 
495.58624110379 -7.0419147390279e-09 -0.0082726654088106 -7.0419147390279e-09 -0.0082726654088106 
497.15703743058 3.4809840671212e-08 -0.0078616634838227 3.4809840671212e-08 -0.0078616634838227 
498.72783375738 8.054537569626e-08 -0.0078184899195435 8.054537569626e-08 -0.0078184899195435 
500.29863008417 5.7679933491389e-08 -0.0078413028070372 5.7679933491389e-08 -0.0078413028070372 
501.86942641097 -1.5019205310482e-08 -0.0079777151328813 -1.5019205310482e-08 -0.0079777151328813 
503.44022273776 1.4341920545562e-08 -0.0080591838810165 1.4341920545562e-08 -0.0080591838810165 
505.01101906456 -3.3469469896759e-08 -0.0078162013327869 -3.3469469896759e-08 -0.0078162013327869 
506.58181539135 6.2851837722677e-08 -0.0078684477803677 6.2851837722677e-08 -0.0078684477803677 
508.15261171815 1.3411096901291e-08 -0.0076007682414456 1.3411096901291e-08 -0.0076007682414456 
509.72340804494 6.3845631481976e-08 -0.0074400317014351 6.3845631481976e-08 -0.0074400317014351 
511.29420437174 1.6265221641796e-07 -0.0076800969900432 1.6265221641796e-07 -0.0076800969900432 
512.86500069853 9.5591531540957e-08 -0.0077826066215039 9.5591531540957e-08 -0.0077826066215039 
514.43579702533 7.1292052046314e-08 -0.0079153243697192 7.1292052046314e-08 -0.0079153243697192 
516.00659335212 -6.6881403495819e-08 -0.0076206799020611 -6.6881403495819e-08 -0.0076206799020611 
517.57738967892 5.3390323778154e-08 -0.0078272536721897 5.3390323778154e-08 -0.0078272536721897 
519.14818600571 3.291651495312e-08 -0.0076160521413158 3.291651495312e-08 -0.0076160521413158 
520.71898233251 5.0552849637689e-08 -0.00721815681527 5.0552849637689e-08 -0.00721815681527 
522.2897786593 1.8012874618724e-07 -0.0073252454495787 1.8012874618724e-07 -0.0073252454495787 
523.8605749861 6.4467808399971e-08 -0.0077186869966681 6.4467808399971e-08 -0.0077186869966681 
525.43137131289 1.3180383942191e-07 -0.007397771267506 1.3180383942191e-07 -0.007397771267506 
527.00216763969 1.7138285427649e-07 -0.0073888576959007 1.7138285427649e-07 -0.0073888576959007 
528.57296396648 1.094970804872e-07 -0.0077433744872906 1.094970804872e-07 -0.0077433744872906 
530.14376029328 6.9681137720673e-08 -0.0074082651593699 6.9681137720673e-08 -0.0074082651593699 
531.71455662007 7.6045418172439e-09 -0.0077618185547408 7.6045418172439e-09 -0.0077618185547408 
533.28535294687 2.8136319620641e-08 -0.0075690399531823 2.8136319620641e-08 -0.0075690399531823 
534.85614927366 3.1915706599528e-08 -0.0074820427822715 3.1915706599528e-08 -0.0074820427822715 
536.42694560046 2.086134893348e-07 -0.0073074812587492 2.086134893348e-07 -0.0073074812587492 
537.99774192725 2.1879615936235e-07 -0.0071242381734464 2.1879615936235e-07 -0.0071242381734464 
539.56853825405 5.6961745472577e-08 -0.0070560468343501 5.6961745472577e-08 -0.0070560468343501 
541.13933458084 3.4604018114904e-08 -0.0074022861064122 3.4604018114904e-08 -0.0074022861064122 
542.71013090764 7.8189654729907e-08 -0.0074688754541512 7.8189654729907e-08 -0.0074688754541512 
544.28092723443 6.8165950175249e-08 -0.0072257654187524 6.8165950175249e-08 -0.0072257654187524 
545.85172356123 4.4544026150272e-08 -0.0071815975855998 4.4544026150272e-08 -0.0071815975855998 
547.42251988802 4.5928109368744e-08 -0.0073548126185869 4.5928109368744e-08 -0.0073548126185869 
548.99331621482 -1.4461417018501e-08 -0.0074510941219614 -1.4461417018501e-08 -0.0074510941219614 
550.56411254161 3.7511989007108e-08 -0.0075329065052756 3.7511989007108e-08 -0.0075329065052756 
552.13490886841 6.4853961439923e-08 -0.0071732782967047 6.4853961439923e-08 -0.0071732782967047 
553.7057051952 3.8049002180316e-08 -0.0067355422572746 3.8049002180316e-08 -0.0067355422572746 
555.276501522 4.174920270657e-08 -0.0073123591605508 4.174920270657e-08 -0.0073123591605508 
556.84729784879 6.3076556019691e-08 -0.0069881369030327 6.3076556019691e-08 -0.0069881369030327 
558.41809417559 7.8059498487487e-08 -0.00677576120097 7.8059498487487e-08 -0.00677576120097 
559.98889050238 8.9386115102603e-09 -0.0068761890465794 8.9386115102603e-09 -0.0068761890465794 
561.55968682918 4.8964826415165e-09 -0.0072159553373012 4.8964826415165e-09 -0.0072159553373012 
563.13048315597 2.3226001313044e-08 -0.0068895157518227 2.3226001313044e-08 -0.0068895157518227 
564.70127948277 4.6758443548754e-08 -0.0066122189707585 4.6758443548754e-08 -0.0066122189707585 
566.27207580956 2.1652867906665e-08 -0.0068654300405342 2.1652867906665e-08 -0.0068654300405342 
567.84287213636 4.3252300694929e-08 -0.0072401771654995 4.3252300694929e-08 -0.0072401771654995 
569.41366846315 6.9380997054508e-08 -0.0071468810523356 6.9380997054508e-08 -0.0071468810523356 
570.98446478994 7.2707056476656e-08 -0.0068335663943344 7.2707056476656e-08 -0.0068335663943344 
572.55526111674 1.0495704182867e-07 -0.0068699202416838 1.0495704182867e-07 -0.0068699202416838 
574.12605744353 1.4318191886358e-07 -0.0068772608492509 1.4318191886358e-07 -0.0068772608492509 
575.69685377033 1.5140062358865e-07 -0.0071950943977299 1.5140062358865e-07 -0.0071950943977299 
577.26765009712 -4.4096652855983e-08 -0.0071904843825905 -4.4096652855983e-08 -0.0071904843825905 
578.83844642392 9.9083135861649e-09 -0.0070101798293081 9.9083135861649e-09 -0.0070101798293081 
580.40924275071 4.4039392046765e-08 -0.0069381176405159 4.4039392046765e-08 -0.0069381176405159 
581.98003907751 8.6767681437532e-08 -0.0074125918375785 8.6767681437532e-08 -0.0074125918375785 
583.5508354043 2.1594039479497e-07 -0.0068015046168739 2.1594039479497e-07 -0.0068015046168739 
585.1216317311 1.0553057481e-07 -0.007060735931077 1.0553057481e-07 -0.007060735931077 
586.69242805789 7.9026283308689e-08 -0.0068741252463269 7.9026283308689e-08 -0.0068741252463269 
588.26322438469 8.6649332824199e-08 -0.0072498169041637 8.6649332824199e-08 -0.0072498169041637 
589.83402071148 1.8095735544989e-07 -0.0067138378237814 1.8095735544989e-07 -0.0067138378237814 
591.40481703828 1.0928684123565e-07 -0.0071316244140007 1.0928684123565e-07 -0.0071316244140007 
592.97561336507 -6.0958104539087e-08 -0.0065582014610754 -6.0958104539087e-08 -0.0065582014610754 
594.54640969187 7.6971093926447e-08 -0.0066870968197463 7.6971093926447e-08 -0.0066870968197463 
596.11720601866 5.9593942719866e-09 -0.0070861875307173 5.9593942719866e-09 -0.0070861875307173 
597.68800234546 7.9021749543912e-08 -0.006782333143633 7.9021749543912e-08 -0.006782333143633 
599.25879867225 1.3923422423661e-07 -0.0068685011481193 1.3923422423661e-07 -0.0068685011481193 
600.82959499905 1.066030326006e-07 -0.0069397684826527 1.066030326006e-07 -0.0069397684826527 
602.40039132584 8.2277665746537e-08 -0.0067455817473956 8.2277665746537e-08 -0.0067455817473956 
603.97118765264 2.4589574148428e-08 -0.0067865845185224 2.4589574148428e-08 -0.0067865845185224 
605.54198397943 4.9534305537543e-08 -0.0061949418839049 4.9534305537543e-08 -0.0061949418839049 
607.11278030623 -2.4537192628571e-08 -0.0067351962123894 -2.4537192628571e-08 -0.0067351962123894 
608.68357663302 1.84229521091e-08 -0.0067837226833944 1.84229521091e-08 -0.0067837226833944 
610.25437295982 4.6121513752062e-08 -0.0066684151985328 4.6121513752062e-08 -0.0066684151985328 
611.82516928661 1.1502981676501e-08 -0.0063653116485511 1.1502981676501e-08 -0.0063653116485511 
613.39596561341 4.9351895833331e-08 -0.0064959827454913 4.9351895833331e-08 -0.0064959827454913 
614.9667619402 3.5380070903099e-08 -0.0064299068703804 3.5380070903099e-08 -0.0064299068703804 
616.537558267 5.4951346465515e-08 -0.006593270306098 5.4951346465515e-08 -0.006593270306098 
618.10835459379 2.2494309705996e-08 -0.0063521324639169 2.2494309705996e-08 -0.0063521324639169 
619.67915092059 7.5976755434588e-08 -0.0064787168311113 7.5976755434588e-08 -0.0064787168311113 
621.24994724738 9.0700497725061e-08 -0.0066369878059049 9.0700497725061e-08 -0.0066369878059049 
622.82074357418 2.3363265261467e-08 -0.0063740996548631 2.3363265261467e-08 -0.0063740996548631 
624.39153990097 -3.8128799074374e-09 -0.0063688347188418 -3.8128799074374e-09 -0.0063688347188418 
625.96233622777 1.5513520029392e-08 -0.0060572157874503 1.5513520029392e-08 -0.0060572157874503 
627.53313255456 1.6602333235824e-07 -0.0060439738792866 1.6602333235824e-07 -0.0060439738792866 
629.10392888136 8.2142379151686e-08 -0.0060744072076204 8.2142379151686e-08 -0.0060744072076204 
630.67472520815 3.3824470703031e-08 -0.0059606357777966 3.3824470703031e-08 -0.0059606357777966 
632.24552153495 3.2446994211486e-08 -0.0061261247440143 3.2446994211486e-08 -0.0061261247440143 
633.81631786174 5.0679274890122e-08 -0.0060564944599264 5.0679274890122e-08 -0.0060564944599264 
635.38711418854 1.5114820454468e-07 -0.0063726779380886 1.5114820454468e-07 -0.0063726779380886 
636.95791051533 1.7141568703757e-07 -0.0060933563909202 1.7141568703757e-07 -0.0060933563909202 
638.52870684213 9.116897080479e-08 -0.0063450151393454 9.116897080479e-08 -0.0063450151393454 
640.09950316892 -2.1055285434939e-09 -0.0057553242589847 -2.1055285434939e-09 -0.0057553242589847 
641.67029949572 5.6615498386934e-08 -0.0062427830647493 5.6615498386934e-08 -0.0062427830647493 
643.24109582251 7.0947084751585e-08 -0.0064810712300414 7.0947084751585e-08 -0.0064810712300414 
644.8118921493 4.6002303792203e-08 -0.0062148012624448 4.6002303792203e-08 -0.0062148012624448 
646.3826884761 1.0810161606379e-07 -0.0062195075704494 1.0810161606379e-07 -0.0062195075704494 
647.95348480289 1.5159183331805e-07 -0.005935041835528 1.5159183331805e-07 -0.005935041835528 
649.52428112969 4.2203112220122e-08 -0.0062283363381539 4.2203112220122e-08 -0.0062283363381539 
651.09507745648 1.1664102727827e-07 -0.0058611486251721 1.1664102727827e-07 -0.0058611486251721 
652.66587378328 1.5795215807957e-07 -0.0061487199928933 1.5795215807957e-07 -0.0061487199928933 
654.23667011007 4.0489166857055e-08 -0.005797217084023 4.0489166857055e-08 -0.005797217084023 
655.80746643687 4.7307378000479e-08 -0.0060122127200657 4.7307378000479e-08 -0.0060122127200657 
657.37826276366 -1.0240569420296e-08 -0.0062573935726959 -1.0240569420296e-08 -0.0062573935726959 
658.94905909046 2.8397105648014e-08 -0.0058794424298867 2.8397105648014e-08 -0.0058794424298867 
660.51985541725 4.6833193924295e-08 -0.0064353666707575 4.6833193924295e-08 -0.0064353666707575 
662.09065174405 1.0140337504586e-07 -0.0062215055821753 1.0140337504586e-07 -0.0062215055821753 
663.66144807084 1.2610523022015e-07 -0.0060048955220964 1.2610523022015e-07 -0.0060048955220964 
665.23224439764 4.2237127202165e-08 -0.0061848400595181 4.2237127202165e-08 -0.0061848400595181 
666.80304072443 1.3259902246435e-07 -0.0062708682638686 1.3259902246435e-07 -0.0062708682638686 
668.37383705123 1.8256325036137e-08 -0.0058695898615042 1.8256325036137e-08 -0.0058695898615042 
669.94463337802 -6.8005021963959e-08 -0.0056844966663903 -6.8005021963959e-08 -0.0056844966663903 
671.51542970482 3.8139888709736e-08 -0.0054356760605287 3.8139888709736e-08 -0.0054356760605287 
673.08622603161 9.2669384318224e-08 -0.0061664093323088 9.2669384318224e-08 -0.0061664093323088 
674.65702235841 1.3797958779102e-07 -0.0058267254936482 1.3797958779102e-07 -0.0058267254936482 
676.2278186852 2.1049639356319e-08 -0.0055293097777849 2.1049639356319e-08 -0.0055293097777849 
677.798615012 -1.4803739586286e-09 -0.0058736955589893 -1.4803739586286e-09 -0.0058736955589893 
679.36941133879 3.3758164886713e-08 -0.0057630282669834 3.3758164886713e-08 -0.0057630282669834 
680.94020766559 8.8667780775306e-08 -0.0054524834231415 8.8667780775306e-08 -0.0054524834231415 
682.51100399238 1.0547714214307e-07 -0.0059597183717415 1.0547714214307e-07 -0.0059597183717415 
684.08180031918 7.12054336629e-08 -0.0058554487860647 7.12054336629e-08 -0.0058554487860647 
685.65259664597 5.7301665442587e-08 -0.0060753547767263 5.7301665442587e-08 -0.0060753547767263 
687.22339297277 -7.4483899129701e-09 -0.0054278689029843 -7.4483899129701e-09 -0.0054278689029843 
688.79418929956 1.0517073173523e-07 -0.0054223891503398 1.0517073173523e-07 -0.0054223891503398 
690.36498562636 3.2443926596937e-08 -0.0059507166065487 3.2443926596937e-08 -0.0059507166065487 
691.93578195315 2.764980899595e-08 -0.0058523285406409 2.764980899595e-08 -0.0058523285406409 
693.50657827995 3.0403306958332e-08 -0.0057226846272442 3.0403306958332e-08 -0.0057226846272442 
695.07737460674 1.9729761450416e-08 -0.0055394985121211 1.9729761450416e-08 -0.0055394985121211 
696.64817093354 9.3664560157138e-08 -0.0056736896480061 9.3664560157138e-08 -0.0056736896480061 
698.21896726033 9.1264105827362e-08 -0.006270934062286 9.1264105827362e-08 -0.006270934062286 
699.78976358713 2.2330073947292e-07 -0.0055472717290286 2.2330073947292e-07 -0.0055472717290286 
701.36055991392 3.6587091320546e-08 -0.0053924861377936 3.6587091320546e-08 -0.0053924861377936 
702.93135624072 -6.0393015430185e-08 -0.0058049879801274 -6.0393015430185e-08 -0.0058049879801274 
704.50215256751 5.6370089927373e-08 -0.0061890161059637 5.6370089927373e-08 -0.0061890161059637 
706.07294889431 -3.9770253380408e-08 -0.0055502900531792 -3.9770253380408e-08 -0.0055502900531792 
707.6437452211 4.273911168232e-08 -0.0053635101418195 4.273911168232e-08 -0.0053635101418195 
709.2145415479 9.8666868576549e-08 -0.0056071253653727 9.8666868576549e-08 -0.0056071253653727 
710.78533787469 1.4160377963583e-07 -0.0056175424647336 1.4160377963583e-07 -0.0056175424647336 
712.35613420149 1.5293487421223e-07 -0.0056568828902073 1.5293487421223e-07 -0.0056568828902073 
713.92693052828 1.1307087126101e-07 -0.0057034279677737 1.1307087126101e-07 -0.0057034279677737 
715.49772685508 6.5306334188087e-08 -0.0060818272974075 6.5306334188087e-08 -0.0060818272974075 
717.06852318187 -1.1752919521372e-08 -0.0060488772670624 -1.1752919521372e-08 -0.0060488772670624 
718.63931950867 4.7486170368198e-08 -0.005673765209167 4.7486170368198e-08 -0.005673765209167 
720.21011583546 1.0426757618851e-07 -0.0054805928389214 1.0426757618851e-07 -0.0054805928389214 
721.78091216225 2.1198471174492e-09 -0.0054468501972451 2.1198471174492e-09 -0.0054468501972451 
723.35170848905 3.1802183015625e-08 -0.0053092602355491 3.1802183015625e-08 -0.0053092602355491 
724.92250481584 1.3899939793813e-07 -0.0055837350894308 1.3899939793813e-07 -0.0055837350894308 
726.49330114264 1.3563045612332e-07 -0.0052803802465178 1.3563045612332e-07 -0.0052803802465178 
728.06409746943 1.5348101771698e-07 -0.0052947495061062 1.5348101771698e-07 -0.0052947495061062 
729.63489379623 6.4779281713581e-08 -0.0050412540067555 6.4779281713581e-08 -0.0050412540067555 
731.20569012302 -2.8628594806496e-09 -0.0052016768246403 -2.8628594806496e-09 -0.0052016768246403 
732.77648644982 1.4842361168427e-08 -0.0054607745926205 1.4842361168427e-08 -0.0054607745926205 
734.34728277661 4.1680258110418e-08 -0.0051780989701911 4.1680258110418e-08 -0.0051780989701911 
735.91807910341 1.2017020761127e-07 -0.0054392872851849 1.2017020761127e-07 -0.0054392872851849 
737.4888754302 1.0189778729274e-07 -0.0052858665919757 1.0189778729274e-07 -0.0052858665919757 
739.059671757 5.0307174818588e-08 -0.0055507204616561 5.0307174818588e-08 -0.0055507204616561 
740.63046808379 3.049000185119e-09 -0.0055511244454465 3.049000185119e-09 -0.0055511244454465 
742.20126441059 2.6973668897744e-08 -0.0058737991636235 2.6973668897744e-08 -0.0058737991636235 
743.77206073738 1.0775559589484e-07 -0.0055769514762005 1.0775559589484e-07 -0.0055769514762005 
745.34285706418 9.7375710892316e-08 -0.0052405288107593 9.7375710892316e-08 -0.0052405288107593 
746.91365339097 8.5896209724909e-08 -0.005134186686405 8.5896209724909e-08 -0.005134186686405 
748.48444971777 7.0062889418696e-09 -0.0057772973536885 7.0062889418696e-09 -0.0057772973536885 
750.05524604456 6.0933749152936e-09 -0.0057512236880939 6.0933749152936e-09 -0.0057512236880939 
751.62604237136 2.8878988825688e-08 -0.0054383529013649 2.8878988825688e-08 -0.0054383529013649 
753.19683869815 1.8372638298779e-08 -0.0053004403137038 1.8372638298779e-08 -0.0053004403137038 
754.76763502495 -8.9685099749476e-09 -0.0051088373286348 -8.9685099749476e-09 -0.0051088373286348 
756.33843135174 3.5632595284963e-08 -0.0054600247528924 3.5632595284963e-08 -0.0054600247528924 
757.90922767854 1.6707396860758e-07 -0.0055776412197019 1.6707396860758e-07 -0.0055776412197019 
759.48002400533 3.937634893547e-08 -0.0052884476882582 3.937634893547e-08 -0.0052884476882582 
761.05082033213 1.1164178505443e-07 -0.004916276393601 1.1164178505443e-07 -0.004916276393601 
762.62161665892 7.6093295835659e-08 -0.005175666345167 7.6093295835659e-08 -0.005175666345167 
764.19241298572 4.3624710832233e-08 -0.0053383639331059 4.3624710832233e-08 -0.0053383639331059 
765.76320931251 8.3679778664251e-08 -0.005460946152084 8.3679778664251e-08 -0.005460946152084 
767.33400563931 -2.4223691752154e-08 -0.0048648929174533 -2.4223691752154e-08 -0.0048648929174533 
768.9048019661 4.2875057214727e-08 -0.0052683335535448 4.2875057214727e-08 -0.0052683335535448 
770.4755982929 3.7162947682861e-08 -0.0053405780968205 3.7162947682861e-08 -0.0053405780968205 
772.04639461969 1.935613779431e-07 -0.0049998208219222 1.935613779431e-07 -0.0049998208219222 
773.61719094649 1.9065305360773e-07 -0.0053956496346927 1.9065305360773e-07 -0.0053956496346927 
775.18798727328 9.2493032188175e-08 -0.0048321838912671 9.2493032188175e-08 -0.0048321838912671 
776.75878360008 1.4192469604698e-07 -0.0052512199191597 1.4192469604698e-07 -0.0052512199191597 
778.32957992687 6.0376145524956e-09 -0.0050977759086663 6.0376145524956e-09 -0.0050977759086663 
779.90037625367 3.0913924800979e-08 -0.0052273960508273 3.0913924800979e-08 -0.0052273960508273 
781.47117258046 1.0361570170266e-07 -0.0052801225793928 1.0361570170266e-07 -0.0052801225793928 
783.04196890726 8.1231962680894e-08 -0.0052056590228631 8.1231962680894e-08 -0.0052056590228631 
784.61276523405 8.2899923548312e-08 -0.0050809149203133 8.2899923548312e-08 -0.0050809149203133 
786.18356156085 4.5464081164787e-08 -0.0050076107066843 4.5464081164787e-08 -0.0050076107066843 
787.75435788764 1.1077426224204e-07 -0.0049173722871956 1.1077426224204e-07 -0.0049173722871956 
789.32515421444 1.4126556263339e-07 -0.0054920514825199 1.4126556263339e-07 -0.0054920514825199 
790.89595054123 1.3829647065145e-07 -0.00559342881877 1.3829647065145e-07 -0.00559342881877 
792.46674686803 2.6100272981695e-08 -0.0049503299658227 2.6100272981695e-08 -0.0049503299658227 
794.03754319482 -3.947655105683e-08 -0.0051273025078444 -3.947655105683e-08 -0.0051273025078444 
795.60833952162 6.6613359867346e-09 -0.0050857308760897 6.6613359867346e-09 -0.0050857308760897 
797.17913584841 6.5700720821385e-08 -0.0049670099007244 6.5700720821385e-08 -0.0049670099007244 
798.7499321752 6.3507889848556e-08 -0.0048286489201246 6.3507889848556e-08 -0.0048286489201246 
800.320728502 2.0948708560672e-08 -0.0052636820695398 2.0948708560672e-08 -0.0052636820695398 
801.89152482879 4.9374836274986e-08 -0.0046278748721988 4.9374836274986e-08 -0.0046278748721988 
803.46232115559 1.3965300760892e-08 -0.0048337484436161 1.3965300760892e-08 -0.0048337484436161 
805.03311748238 5.0711973675622e-08 -0.0051440006041048 5.0711973675622e-08 -0.0051440006041048 
806.60391380918 4.2087591208035e-09 -0.0051114315313043 4.2087591208035e-09 -0.0051114315313043 
808.17471013597 1.6672613353834e-08 -0.0047823098723256 1.6672613353834e-08 -0.0047823098723256 
809.74550646277 9.0061686856492e-08 -0.0046534399664324 9.0061686856492e-08 -0.0046534399664324 
811.31630278956 3.8490345988351e-08 -0.0044573366947134 3.8490345988351e-08 -0.0044573366947134 
812.88709911636 -2.8484230380434e-09 -0.0049090557305362 -2.8484230380434e-09 -0.0049090557305362 
814.45789544315 3.6668190305183e-09 -0.0051463774038893 3.6668190305183e-09 -0.0051463774038893 
816.02869176995 -4.2683982183717e-10 -0.0048235023580219 -4.2683982183717e-10 -0.0048235023580219 
817.59948809674 3.4605873066758e-08 -0.0051898286689038 3.4605873066758e-08 -0.0051898286689038 
819.17028442354 1.0600766580918e-07 -0.0051151973646029 1.0600766580918e-07 -0.0051151973646029 
820.74108075033 9.6951158175283e-08 -0.0048808650218461 9.6951158175283e-08 -0.0048808650218461 
822.31187707713 9.4129347060955e-08 -0.0048916333628313 9.4129347060955e-08 -0.0048916333628313 
823.88267340392 9.1885382873339e-08 -0.0048025544891743 9.1885382873339e-08 -0.0048025544891743 
825.45346973072 9.8264349289165e-08 -0.0046773797461128 9.8264349289165e-08 -0.0046773797461128 
827.02426605751 9.7418836229493e-08 -0.0046913553242121 9.7418836229493e-08 -0.0046913553242121 
828.59506238431 1.0283043401385e-07 -0.0047172374553384 1.0283043401385e-07 -0.0047172374553384 
830.1658587111 1.0129807948269e-07 -0.004687968426424 1.0129807948269e-07 -0.004687968426424 
831.7366550379 -3.9984610460448e-08 -0.0046108695523799 -3.9984610460448e-08 -0.0046108695523799 
833.30745136469 1.0295653304676e-07 -0.0044289014225569 1.0295653304676e-07 -0.0044289014225569 
834.87824769149 2.0707131204626e-07 -0.0048034023559467 2.0707131204626e-07 -0.0048034023559467 
836.44904401828 1.5500417719558e-07 -0.0047858675852694 1.5500417719558e-07 -0.0047858675852694 
838.01984034508 1.6267364361461e-07 -0.0047903498912092 1.6267364361461e-07 -0.0047903498912092 
839.59063667187 4.06776935784e-08 -0.0047774990820244 4.06776935784e-08 -0.0047774990820244 
841.16143299867 7.7444371115253e-08 -0.005290025959539 7.7444371115253e-08 -0.005290025959539 
842.73222932546 7.5957494736564e-08 -0.0049969179300433 7.5957494736564e-08 -0.0049969179300433 
844.30302565226 7.2969430562895e-08 -0.0048962320098553 7.2969430562895e-08 -0.0048962320098553 
845.87382197905 5.2217206906316e-08 -0.0046254919471949 5.2217206906316e-08 -0.0046254919471949 
847.44461830585 -7.6908769395534e-09 -0.0046072423426722 -7.6908769395534e-09 -0.0046072423426722 
849.01541463264 1.5505490352167e-07 -0.0049352123130575 1.5505490352167e-07 -0.0049352123130575 
850.58621095944 6.2263365435378e-08 -0.0046126837594329 6.2263365435378e-08 -0.0046126837594329 
852.15700728623 8.215484150924e-08 -0.0044000388468248 8.215484150924e-08 -0.0044000388468248 
853.72780361303 8.3564818420864e-08 -0.0041423255577229 8.3564818420864e-08 -0.0041423255577229 
855.29859993982 1.4825273024538e-08 -0.0041279397092921 1.4825273024538e-08 -0.0041279397092921 
856.86939626662 2.2781506689593e-08 -0.0043817367609336 2.2781506689593e-08 -0.0043817367609336 
858.44019259341 -1.1798537333897e-08 -0.0046428467395572 -1.1798537333897e-08 -0.0046428467395572 
860.01098892021 3.5784073261739e-08 -0.0044477150877356 3.5784073261739e-08 -0.0044477150877356 
861.581785247 1.6425439252696e-08 -0.0041837997982839 1.6425439252696e-08 -0.0041837997982839 
863.1525815738 5.7149615639242e-08 -0.0044599642494632 5.7149615639242e-08 -0.0044599642494632 
864.72337790059 1.0157440813134e-08 -0.0043192941598136 1.0157440813134e-08 -0.0043192941598136 
866.29417422739 1.5160977421336e-08 -0.0043130889118856 1.5160977421336e-08 -0.0043130889118856 
867.86497055418 4.0422451622234e-08 -0.0050901551940115 4.0422451622234e-08 -0.0050901551940115 
869.43576688098 3.3993746959045e-09 -0.0048284433941035 3.3993746959045e-09 -0.0048284433941035 
871.00656320777 6.5492761437282e-08 -0.0050229181106261 6.5492761437282e-08 -0.0050229181106261 
872.57735953457 8.1194207643071e-08 -0.0047946659676654 8.1194207643071e-08 -0.0047946659676654 
874.14815586136 1.3331212952944e-07 -0.0042495364160686 1.3331212952944e-07 -0.0042495364160686 
875.71895218815 3.7306147561154e-08 -0.0040489881403118 3.7306147561154e-08 -0.0040489881403118 
877.28974851495 -3.4449751827056e-08 -0.0041371322245141 -3.4449751827056e-08 -0.0041371322245141 
878.86054484174 1.1856730882191e-08 -0.0046781714638655 1.1856730882191e-08 -0.0046781714638655 
880.43134116854 5.6547965932647e-08 -0.0046768141020266 5.6547965932647e-08 -0.0046768141020266 
882.00213749533 1.7895898301186e-07 -0.0045525564564741 1.7895898301186e-07 -0.0045525564564741 
883.57293382213 7.6438248535626e-08 -0.0044030356381199 7.6438248535626e-08 -0.0044030356381199 
885.14373014892 8.4311272395932e-08 -0.0047129780072055 8.4311272395932e-08 -0.0047129780072055 
886.71452647572 1.6918181950849e-07 -0.0042901788026484 1.6918181950849e-07 -0.0042901788026484 
888.28532280251 1.1280453037814e-07 -0.0040800060401125 1.1280453037814e-07 -0.0040800060401125 
889.85611912931 1.1448591618331e-07 -0.0043277065979055 1.1448591618331e-07 -0.0043277065979055 
891.4269154561 4.5981730533275e-08 -0.004122340891854 4.5981730533275e-08 -0.004122340891854 
892.9977117829 -2.31826399866e-08 -0.0043980144630495 -2.31826399866e-08 -0.0043980144630495 
894.56850810969 4.5811918661407e-08 -0.0046670264043769 4.5811918661407e-08 -0.0046670264043769 
896.13930443649 1.0276460126512e-07 -0.0046689842678234 1.0276460126512e-07 -0.0046689842678234 
897.71010076328 1.3666957346954e-07 -0.0043323774134478 1.3666957346954e-07 -0.0043323774134478 
899.28089709008 1.3428430667817e-07 -0.0045202928550907 1.3428430667817e-07 -0.0045202928550907 
900.85169341687 1.4759208325068e-07 -0.0047552518391285 1.4759208325068e-07 -0.0047552518391285 
902.42248974367 8.5059904233625e-08 -0.00469418700402 8.5059904233625e-08 -0.00469418700402 
903.99328607046 -3.1413029614261e-08 -0.0044119474534909 -3.1413029614261e-08 -0.0044119474534909 
905.56408239726 2.5434393934925e-08 -0.0041348148419047 2.5434393934925e-08 -0.0041348148419047 
907.13487872405 5.2486242577342e-08 -0.0041773676143748 5.2486242577342e-08 -0.0041773676143748 
908.70567505085 -5.5174702341027e-08 -0.0042806171297798 -5.5174702341027e-08 -0.0042806171297798 
910.27647137764 7.8647463703924e-08 -0.003752865266506 7.8647463703924e-08 -0.003752865266506 
911.84726770444 8.3885665314541e-08 -0.0042147892731919 8.3885665314541e-08 -0.0042147892731919 
913.41806403123 7.9720508272816e-08 -0.0042430034608287 7.9720508272816e-08 -0.0042430034608287 
914.98886035803 8.0918609994236e-08 -0.0045364860344534 8.0918609994236e-08 -0.0045364860344534 
916.55965668482 1.1842391234718e-08 -0.0043615614890768 1.1842391234718e-08 -0.0043615614890768 
918.13045301162 6.3702348876712e-08 -0.0045070745266003 6.3702348876712e-08 -0.0045070745266003 
919.70124933841 -1.332672990575e-09 -0.0045665549148453 -1.332672990575e-09 -0.0045665549148453 
921.27204566521 7.778144383792e-08 -0.0041838066237005 7.778144383792e-08 -0.0041838066237005 
922.842841992 -3.666076245333e-08 -0.004213510430418 -3.666076245333e-08 -0.004213510430418 
924.4136383188 6.2033067471759e-09 -0.004062195655024 6.2033067471759e-09 -0.004062195655024 
925.98443464559 1.0622541897566e-07 -0.0040652218649484 1.0622541897566e-07 -0.0040652218649484 
927.55523097239 7.3821539697152e-08 -0.0041767965927875 7.3821539697152e-08 -0.0041767965927875 
929.12602729918 4.3808955632551e-08 -0.0042065968564202 4.3808955632551e-08 -0.0042065968564202 
930.69682362598 -1.1412079309669e-08 -0.0044682682623716 -1.1412079309669e-08 -0.0044682682623716 
932.26761995277 9.8129968063242e-08 -0.0045060962754633 9.8129968063242e-08 -0.0045060962754633 
933.83841627957 1.2657937897696e-07 -0.004258130511289 1.2657937897696e-07 -0.004258130511289 
935.40921260636 1.395374505165e-07 -0.0043802226238085 1.395374505165e-07 -0.0043802226238085 
936.98000893316 6.1513054016699e-08 -0.0039332005781034 6.1513054016699e-08 -0.0039332005781034 
938.55080525995 2.0764153679509e-08 -0.0043188898240487 2.0764153679509e-08 -0.0043188898240487 
940.12160158675 3.5740630487426e-08 -0.0043758138798466 3.5740630487426e-08 -0.0043758138798466 
941.69239791354 -1.0814692674292e-08 -0.0044592301334205 -1.0814692674292e-08 -0.0044592301334205 
943.26319424034 1.4316396658956e-07 -0.004064141027925 1.4316396658956e-07 -0.004064141027925 
944.83399056713 1.2526620555003e-07 -0.0038332917292792 1.2526620555003e-07 -0.0038332917292792 
946.40478689393 1.2533947893817e-07 -0.0041065256484671 1.2533947893817e-07 -0.0041065256484671 
947.97558322072 1.497913956158e-07 -0.0041011878407744 1.497913956158e-07 -0.0041011878407744 
949.54637954752 7.401209843832e-08 -0.0043554402562904 7.401209843832e-08 -0.0043554402562904 
951.11717587431 9.7765625507375e-08 -0.0041187748875018 9.7765625507375e-08 -0.0041187748875018 
952.6879722011 1.5895656938544e-08 -0.0038804520939948 1.5895656938544e-08 -0.0038804520939948 
954.2587685279 3.566366616565e-08 -0.0035702471222976 3.566366616565e-08 -0.0035702471222976 
955.82956485469 -1.5680025226432e-08 -0.0039573835612146 -1.5680025226432e-08 -0.0039573835612146 
957.40036118149 2.1878495243033e-08 -0.0038503849621065 2.1878495243033e-08 -0.0038503849621065 
958.97115750828 2.1586900100429e-07 -0.0043028988289961 2.1586900100429e-07 -0.0043028988289961 
960.54195383508 6.1192323221815e-08 -0.0040787942818952 6.1192323221815e-08 -0.0040787942818952 
962.11275016187 1.0746837672461e-07 -0.0039780435794228 1.0746837672461e-07 -0.0039780435794228 
963.68354648867 1.1343333449073e-07 -0.0039321111740946 1.1343333449073e-07 -0.0039321111740946 
965.25434281546 5.6390381038148e-08 -0.0038518464764365 5.6390381038148e-08 -0.0038518464764365 
966.82513914226 -9.3434621376051e-10 -0.0042821047750294 -9.3434621376051e-10 -0.0042821047750294 
968.39593546905 -1.5196956962971e-08 -0.0043876185590079 -1.5196956962971e-08 -0.0043876185590079 
969.96673179585 2.2829719560879e-08 -0.0045947293983772 2.2829719560879e-08 -0.0045947293983772 
971.53752812264 7.0016848916375e-08 -0.0043282737258323 7.0016848916375e-08 -0.0043282737258323 
973.10832444944 1.3554922070152e-07 -0.0042625835146737 1.3554922070152e-07 -0.0042625835146737 
974.67912077623 8.1866346380903e-08 -0.004098620709442 8.1866346380903e-08 -0.004098620709442 
976.24991710303 3.349600367044e-08 -0.0042864961379792 3.349600367044e-08 -0.0042864961379792 
977.82071342982 2.6582240552687e-08 -0.0040009753769255 2.6582240552687e-08 -0.0040009753769255 
979.39150975662 1.2715576196558e-07 -0.0043895815332462 1.2715576196558e-07 -0.0043895815332462 
980.96230608341 1.8927907542775e-08 -0.0040441388133559 1.8927907542775e-08 -0.0040441388133559 
982.53310241021 4.8721103672507e-08 -0.0037694838421203 4.8721103672507e-08 -0.0037694838421203 
984.103898737 5.1458343415444e-08 -0.0040248101422549 5.1458343415444e-08 -0.0040248101422549 
985.6746950638 1.0895224744129e-08 -0.0037339075637419 1.0895224744129e-08 -0.0037339075637419 
987.24549139059 6.6156313174527e-08 -0.0037089275242579 6.6156313174527e-08 -0.0037089275242579 
988.81628771739 6.5646475126434e-08 -0.0039602692207836 6.5646475126434e-08 -0.0039602692207836 
990.38708404418 9.386553191071e-08 -0.0037720624868598 9.386553191071e-08 -0.0037720624868598 
991.95788037098 4.8328222017575e-08 -0.0041330235510486 4.8328222017575e-08 -0.0041330235510486 
993.52867669777 1.1130876191639e-08 -0.0039188973341879 1.1130876191639e-08 -0.0039188973341879 
995.09947302457 6.6481638953755e-08 -0.0040481244342345 6.6481638953755e-08 -0.0040481244342345 
996.67026935136 1.1872668660641e-07 -0.0038003673928415 1.1872668660641e-07 -0.0038003673928415 
998.24106567816 7.6038876572186e-08 -0.0040055371731569 7.6038876572186e-08 -0.0040055371731569 
999.81186200495 2.799151633301e-08 -0.0036828835158076 2.799151633301e-08 -0.0036828835158076 
1001.3826583317 1.4874749634673e-08 -0.0040696154900388 1.4874749634673e-08 -0.0040696154900388 
1002.9534546585 3.5557816624069e-09 -0.003885371030492 3.5557816624069e-09 -0.003885371030492 
1004.5242509853 8.4019452243189e-08 -0.0041147647087882 8.4019452243189e-08 -0.0041147647087882 
1006.0950473121 8.0101343322693e-08 -0.0039749532402311 8.0101343322693e-08 -0.0039749532402311 
1007.6658436389 5.9313977153144e-08 -0.0035916574962584 5.9313977153144e-08 -0.0035916574962584 
1009.2366399657 7.6028466153121e-08 -0.0042584712043663 7.6028466153121e-08 -0.0042584712043663 
1010.8074362925 1.2469397577126e-07 -0.003339835654856 1.2469397577126e-07 -0.003339835654856 
1012.3782326193 1.1778266972531e-07 -0.003628502195852 1.1778266972531e-07 -0.003628502195852 
1013.9490289461 -5.9966732006829e-08 -0.0036246939995408 -5.9966732006829e-08 -0.0036246939995408 
1015.5198252729 6.7207919564115e-08 -0.003927984341999 6.7207919564115e-08 -0.003927984341999 
1017.0906215997 8.3763932535605e-08 -0.003683853309667 8.3763932535605e-08 -0.003683853309667 
1018.6614179265 -6.2948513878294e-09 -0.0037180333010838 -6.2948513878294e-09 -0.0037180333010838 
1020.2322142533 1.1746456248111e-07 -0.003679144102648 1.1746456248111e-07 -0.003679144102648 
1021.8030105801 5.1662208328449e-08 -0.0040746676530716 5.1662208328449e-08 -0.0040746676530716 
1023.3738069069 1.1061151331873e-07 -0.0036510913921575 1.1061151331873e-07 -0.0036510913921575 
1024.9446032337 1.0932625618732e-07 -0.003727043242634 1.0932625618732e-07 -0.003727043242634 
1026.5153995605 1.4748557524724e-07 -0.004229264541209 1.4748557524724e-07 -0.004229264541209 
1028.0861958873 9.5441119328572e-08 -0.0039790561022528 9.5441119328572e-08 -0.0039790561022528 
1029.6569922141 -1.2167716047009e-08 -0.0041967531612954 -1.2167716047009e-08 -0.0041967531612954 
1031.2277885408 1.2727236841027e-07 -0.0039859963544586 1.2727236841027e-07 -0.0039859963544586 
1032.7985848676 7.6101608757442e-10 -0.0041034259643311 7.6101608757442e-10 -0.0041034259643311 
1034.3693811944 9.2438800754053e-08 -0.0039905343915052 9.2438800754053e-08 -0.0039905343915052 
1035.9401775212 1.3781007693563e-07 -0.0035777954931291 1.3781007693563e-07 -0.0035777954931291 
1037.510973848 8.5201371266257e-08 -0.0036460188575802 8.5201371266257e-08 -0.0036460188575802 
1039.0817701748 2.4948118074308e-08 -0.0036237252022602 2.4948118074308e-08 -0.0036237252022602 
1040.6525665016 6.4476763101049e-08 -0.0037451139444329 6.4476763101049e-08 -0.0037451139444329 
1042.2233628284 1.5402557209363e-07 -0.0041982638097124 1.5402557209363e-07 -0.0041982638097124 
1043.7941591552 7.133514661597e-08 -0.0039814258711885 7.133514661597e-08 -0.0039814258711885 
1045.364955482 3.1915563575489e-08 -0.0037865122496896 3.1915563575489e-08 -0.0037865122496896 
1046.9357518088 -5.0443100376636e-09 -0.0036663332418811 -5.0443100376636e-09 -0.0036663332418811 
1048.5065481356 4.7373781507372e-08 -0.0037976062487814 4.7373781507372e-08 -0.0037976062487814 
1050.0773444624 7.6292111203283e-08 -0.004067907070521 7.6292111203283e-08 -0.004067907070521 
1051.6481407892 5.0852254165639e-08 -0.0042439513529189 5.0852254165639e-08 -0.0042439513529189 
1053.218937116 4.2305951836121e-08 -0.0039308464906753 4.2305951836121e-08 -0.0039308464906753 
1054.7897334428 1.2379626672868e-08 -0.0040203153544098 1.2379626672868e-08 -0.0040203153544098 
1056.3605297696 7.4071039033464e-08 -0.0035222115602664 7.4071039033464e-08 -0.0035222115602664 
1057.9313260964 8.4545531273389e-08 -0.0032757259543814 8.4545531273389e-08 -0.0032757259543814 
1059.5021224232 5.5314059206403e-08 -0.0034919729480407 5.5314059206403e-08 -0.0034919729480407 
1061.07291875 4.8343644087423e-08 -0.0034173583087522 4.8343644087423e-08 -0.0034173583087522 
1062.6437150767 5.687820772117e-08 -0.0035951119323272 5.687820772117e-08 -0.0035951119323272 
1064.2145114035 6.3121936749024e-08 -0.0038086150777872 6.3121936749024e-08 -0.0038086150777872 
1065.7853077303 -3.5570907571997e-08 -0.004187438913732 -3.5570907571997e-08 -0.004187438913732 
1067.3561040571 -5.5759852591417e-09 -0.0033345479232594 -5.5759852591417e-09 -0.0033345479232594 
1068.9269003839 1.020789342091e-07 -0.0034042615613998 1.020789342091e-07 -0.0034042615613998 
1070.4976967107 4.3595252164316e-08 -0.0031869844622179 4.3595252164316e-08 -0.0031869844622179 
1072.0684930375 1.1360775608781e-07 -0.0033604421114433 1.1360775608781e-07 -0.0033604421114433 
1073.6392893643 1.7512358988181e-07 -0.0040834828380412 1.7512358988181e-07 -0.0040834828380412 
1075.2100856911 9.996054408512e-08 -0.0038950866248797 9.996054408512e-08 -0.0038950866248797 
1076.7808820179 3.5805171773181e-08 -0.0039177327319067 3.5805171773181e-08 -0.0039177327319067 
1078.3516783447 5.1643014767843e-08 -0.0040044495524398 5.1643014767843e-08 -0.0040044495524398 
1079.9224746715 3.5548173459782e-08 -0.0039077243313841 3.5548173459782e-08 -0.0039077243313841 
1081.4932709983 5.3369722453271e-08 -0.0036883171717363 5.3369722453271e-08 -0.0036883171717363 
1083.0640673251 6.4397549028583e-08 -0.0038040752701818 6.4397549028583e-08 -0.0038040752701818 
1084.6348636519 1.0813883590641e-07 -0.0032361565504289 1.0813883590641e-07 -0.0032361565504289 
1086.2056599787 8.8093634080323e-08 -0.0034835219380511 8.8093634080323e-08 -0.0034835219380511 
1087.7764563055 2.0330779608602e-07 -0.003697334497474 2.0330779608602e-07 -0.003697334497474 
1089.3472526323 2.1703122490867e-07 -0.0034955857393015 2.1703122490867e-07 -0.0034955857393015 
1090.9180489591 -3.3365311573267e-08 -0.0033823308972387 -3.3365311573267e-08 -0.0033823308972387 
1092.4888452859 2.3923443739278e-08 -0.0039601668827345 2.3923443739278e-08 -0.0039601668827345 
1094.0596416126 1.90301293957e-09 -0.0036230881569281 1.90301293957e-09 -0.0036230881569281 
1095.6304379394 9.0441387451677e-08 -0.0034666777796701 9.0441387451677e-08 -0.0034666777796701 
1097.2012342662 6.3562105395812e-08 -0.0038848941810556 6.3562105395812e-08 -0.0038848941810556 
1098.772030593 5.516667720385e-08 -0.0036466407648277 5.516667720385e-08 -0.0036466407648277 
1100.3428269198 9.1056232954211e-08 -0.0035001693504455 9.1056232954211e-08 -0.0035001693504455 
1101.9136232466 3.7808373309961e-08 -0.0033884596743974 3.7808373309961e-08 -0.0033884596743974 
1103.4844195734 1.0226313036062e-07 -0.0034274979282145 1.0226313036062e-07 -0.0034274979282145 
1105.0552159002 1.9346105960165e-08 -0.0037041859170586 1.9346105960165e-08 -0.0037041859170586 
1106.626012227 3.2850003867831e-08 -0.003969595018134 3.2850003867831e-08 -0.003969595018134 
1108.1968085538 2.1200721129866e-08 -0.0031617815011487 2.1200721129866e-08 -0.0031617815011487 
1109.7676048806 -1.8930348182724e-08 -0.0033904543847711 -1.8930348182724e-08 -0.0033904543847711 
1111.3384012074 1.8825194345977e-08 -0.0038976633406946 1.8825194345977e-08 -0.0038976633406946 
1112.9091975342 9.955038484965e-09 -0.003697717752857 9.955038484965e-09 -0.003697717752857 
1114.479993861 6.1802275298836e-08 -0.0036115237676313 6.1802275298836e-08 -0.0036115237676313 
1116.0507901878 4.0519173994945e-08 -0.0036641274673457 4.0519173994945e-08 -0.0036641274673457 
1117.6215865146 3.5516081544652e-08 -0.0032097615710427 3.5516081544652e-08 -0.0032097615710427 
1119.1923828414 5.9139798529896e-08 -0.0034694822154506 5.9139798529896e-08 -0.0034694822154506 
1120.7631791682 9.1097087718072e-08 -0.0036327544989945 9.1097087718072e-08 -0.0036327544989945 
1122.333975495 9.3146709576956e-08 -0.0034094377720066 9.3146709576956e-08 -0.0034094377720066 
1123.9047718217 -1.408005278117e-08 -0.0034523166546023 -1.408005278117e-08 -0.0034523166546023 
1125.4755681485 9.325682400832e-08 -0.0034397132908452 9.325682400832e-08 -0.0034397132908452 
1127.0463644753 5.2913987327672e-08 -0.0036528174532577 5.2913987327672e-08 -0.0036528174532577 
1128.6171608021 -2.4507037338447e-09 -0.0035792999237856 -2.4507037338447e-09 -0.0035792999237856 
1130.1879571289 1.244996693728e-08 -0.0037112622719633 1.244996693728e-08 -0.0037112622719633 
1131.7587534557 7.8529696288558e-08 -0.0037833054045677 7.8529696288558e-08 -0.0037833054045677 
1133.3295497825 1.9194208629898e-07 -0.0038293764230275 1.9194208629898e-07 -0.0038293764230275 
1134.9003461093 1.6346777812737e-07 -0.0035264593991542 1.6346777812737e-07 -0.0035264593991542 
1136.4711424361 1.6698841756395e-07 -0.0035363759684515 1.6698841756395e-07 -0.0035363759684515 
1138.0419387629 1.4503528700134e-08 -0.0034457725403172 1.4503528700134e-08 -0.0034457725403172 
1139.6127350897 2.5146251206484e-08 -0.0035461168763504 2.5146251206484e-08 -0.0035461168763504 
1141.1835314165 1.3621870600094e-07 -0.0032593679206911 1.3621870600094e-07 -0.0032593679206911 
1142.7543277433 2.7723936204717e-08 -0.0036560976818691 2.7723936204717e-08 -0.0036560976818691 
1144.3251240701 5.8379614456928e-08 -0.0039818916632157 5.8379614456928e-08 -0.0039818916632157 
1145.8959203969 1.205747283925e-07 -0.0038225878561207 1.205747283925e-07 -0.0038225878561207 
1147.4667167237 1.2880070980194e-07 -0.0035837206917222 1.2880070980194e-07 -0.0035837206917222 
1149.0375130505 1.2725091521066e-07 -0.0035768988338987 1.2725091521066e-07 -0.0035768988338987 
1150.6083093773 1.3362620756725e-07 -0.0035437185263163 1.3362620756725e-07 -0.0035437185263163 
1152.1791057041 9.1070005822145e-08 -0.0033244271021431 9.1070005822145e-08 -0.0033244271021431 
1153.7499020309 1.6468710302046e-08 -0.0036871314366635 1.6468710302046e-08 -0.0036871314366635 
1155.3206983576 -2.8861373552589e-08 -0.003623015844596 -2.8861373552589e-08 -0.003623015844596 
1156.8914946844 4.0376710920037e-08 -0.0034491347516905 4.0376710920037e-08 -0.0034491347516905 
1158.4622910112 4.1944480766629e-08 -0.003212927533923 4.1944480766629e-08 -0.003212927533923 
1160.033087338 8.3954523611664e-08 -0.0037587380675177 8.3954523611664e-08 -0.0037587380675177 
1161.6038836648 9.4337005871053e-08 -0.0033788054249726 9.4337005871053e-08 -0.0033788054249726 
1163.1746799916 -4.9869327166757e-09 -0.003483303563371 -4.9869327166757e-09 -0.003483303563371 
1164.7454763184 6.8132770927323e-08 -0.0036937299084912 6.8132770927323e-08 -0.0036937299084912 
1166.3162726452 5.4365149086053e-08 -0.0030508841593928 5.4365149086053e-08 -0.0030508841593928 
1167.887068972 2.6323966688224e-08 -0.0035807746153296 2.6323966688224e-08 -0.0035807746153296 
1169.4578652988 3.4508603787193e-08 -0.003502787532625 3.4508603787193e-08 -0.003502787532625 
1171.0286616256 1.4200982541694e-08 -0.0038159728526352 1.4200982541694e-08 -0.0038159728526352 
1172.5994579524 8.1242125982311e-08 -0.0032506045727132 8.1242125982311e-08 -0.0032506045727132 
1174.1702542792 1.8051175182735e-08 -0.0033939274082968 1.8051175182735e-08 -0.0033939274082968 
1175.741050606 -1.1285718276119e-08 -0.0030789482725595 -1.1285718276119e-08 -0.0030789482725595 
1177.3118469328 3.8963697371345e-08 -0.0032733828143137 3.8963697371345e-08 -0.0032733828143137 
1178.8826432596 1.2483721958193e-07 -0.003441746632916 1.2483721958193e-07 -0.003441746632916 
1180.4534395864 9.175467309422e-08 -0.0032971833550164 9.175467309422e-08 -0.0032971833550164 
1182.0242359132 3.3920222448098e-08 -0.0033334079155338 3.3920222448098e-08 -0.0033334079155338 
1183.59503224 6.1825359781697e-08 -0.0035634752946407 6.1825359781697e-08 -0.0035634752946407 
1185.1658285667 5.2557468150782e-08 -0.0033419381657041 5.2557468150782e-08 -0.0033419381657041 
1186.7366248935 1.088922115612e-07 -0.0033189276998655 1.088922115612e-07 -0.0033189276998655 
1188.3074212203 8.5725621783908e-08 -0.0032897919077186 8.5725621783908e-08 -0.0032897919077186 
1189.8782175471 6.6447366164702e-08 -0.0032696295174901 6.6447366164702e-08 -0.0032696295174901 
1191.4490138739 5.5911270083116e-09 -0.0030936349146486 5.5911270083116e-09 -0.0030936349146486 
1193.0198102007 3.6931370444987e-08 -0.0034345647254668 3.6931370444987e-08 -0.0034345647254668 
1194.5906065275 1.3658466399616e-07 -0.0035655947119722 1.3658466399616e-07 -0.0035655947119722 
1196.1614028543 5.0532608904499e-08 -0.0038810052033114 5.0532608904499e-08 -0.0038810052033114 
1197.7321991811 1.9837357105856e-07 -0.0035640125533973 1.9837357105856e-07 -0.0035640125533973 
1199.3029955079 1.0513077605201e-07 -0.0037344931272401 1.0513077605201e-07 -0.0037344931272401 
1200.8737918347 -6.3128673093818e-09 -0.0034696123670983 -6.3128673093818e-09 -0.0034696123670983 
1202.4445881615 7.5805320948033e-08 -0.0033653460059213 7.5805320948033e-08 -0.0033653460059213 
1204.0153844883 4.4720373153722e-08 -0.0035444987363462 4.4720373153722e-08 -0.0035444987363462 
1205.5861808151 9.646017148173e-08 -0.0030005486926257 9.646017148173e-08 -0.0030005486926257 
1207.1569771419 1.2563782398095e-08 -0.0033831984806056 1.2563782398095e-08 -0.0033831984806056 
1208.7277734687 7.0641100198327e-08 -0.0031159903016942 7.0641100198327e-08 -0.0031159903016942 
1210.2985697955 9.0528218080395e-08 -0.0031845753312609 9.0528218080395e-08 -0.0031845753312609 
1211.8693661223 8.4262672353598e-08 -0.0031150686461388 8.4262672353598e-08 -0.0031150686461388 
1213.4401624491 1.2485945751693e-07 -0.0028963751819902 1.2485945751693e-07 -0.0028963751819902 
1215.0109587759 1.125012791191e-08 -0.0031965234802556 1.125012791191e-08 -0.0031965234802556 
1216.5817551026 4.709094256139e-08 -0.0039393149684201 4.709094256139e-08 -0.0039393149684201 
1218.1525514294 7.670379421676e-08 -0.0036989480252032 7.670379421676e-08 -0.0036989480252032 
1219.7233477562 -5.8970475926281e-09 -0.00364120815766 -5.8970475926281e-09 -0.00364120815766 
1221.294144083 -4.8865386139424e-09 -0.0030416768022405 -4.8865386139424e-09 -0.0030416768022405 
1222.8649404098 6.0527061229708e-08 -0.0035436674645553 6.0527061229708e-08 -0.0035436674645553 
1224.4357367366 9.7255092075233e-08 -0.0034404096372782 9.7255092075233e-08 -0.0034404096372782 
1226.0065330634 9.1117014032227e-08 -0.0031935974138833 9.1117014032227e-08 -0.0031935974138833 
1227.5773293902 6.3770789912573e-08 -0.0031510582793999 6.3770789912573e-08 -0.0031510582793999 
1229.148125717 3.7462812665872e-08 -0.0027676536828949 3.7462812665872e-08 -0.0027676536828949 
1230.7189220438 6.9961959986521e-08 -0.003136679328918 6.9961959986521e-08 -0.003136679328918 
1232.2897183706 1.0008759457435e-07 -0.0030745044687137 1.0008759457435e-07 -0.0030745044687137 
1233.8605146974 6.8877112744719e-08 -0.0035972951141048 6.8877112744719e-08 -0.0035972951141048 
1235.4313110242 4.7645332461786e-08 -0.003100975191046 4.7645332461786e-08 -0.003100975191046 
1237.002107351 3.7067320959332e-08 -0.003251916138197 3.7067320959332e-08 -0.003251916138197 
1238.5729036778 4.1959431533435e-08 -0.0030612697082688 4.1959431533435e-08 -0.0030612697082688 
1240.1437000046 3.8581544478934e-08 -0.003157618956493 3.8581544478934e-08 -0.003157618956493 
1241.7144963314 1.1467784924242e-07 -0.0033537192905442 1.1467784924242e-07 -0.0033537192905442 
1243.2852926582 1.1654244296093e-07 -0.003290244657137 1.1654244296093e-07 -0.003290244657137 
1244.856088985 6.7042319212266e-08 -0.0025210259943833 6.7042319212266e-08 -0.0025210259943833 
1246.4268853118 3.8226229810868e-08 -0.0031666797219714 3.8226229810868e-08 -0.0031666797219714 
1247.9976816385 5.5586107806446e-08 -0.0030078346148912 5.5586107806446e-08 -0.0030078346148912 
1249.5684779653 1.0486165149596e-07 -0.0033133856911718 1.0486165149596e-07 -0.0033133856911718 
1251.1392742921 1.1591928787485e-07 -0.0034530345615167 1.1591928787485e-07 -0.0034530345615167 
1252.7100706189 5.3378767197118e-09 -0.0034179125063929 5.3378767197118e-09 -0.0034179125063929 
1254.2808669457 -4.1279399378783e-08 -0.0031157899720711 -4.1279399378783e-08 -0.0031157899720711 
1255.8516632725 8.3656350718272e-08 -0.0030576145402392 8.3656350718272e-08 -0.0030576145402392 
1257.4224595993 4.8390417158241e-08 -0.0031787426723895 4.8390417158241e-08 -0.0031787426723895 
1258.9932559261 1.2939823516728e-07 -0.0033011206153333 1.2939823516728e-07 -0.0033011206153333 
1260.5640522529 1.0728429245669e-07 -0.0033258167084114 1.0728429245669e-07 -0.0033258167084114 
1262.1348485797 1.050565139466e-07 -0.0029405639470497 1.050565139466e-07 -0.0029405639470497 
1263.7056449065 1.0803992711025e-07 -0.0034340998070093 1.0803992711025e-07 -0.0034340998070093 
1265.2764412333 -1.3185487374425e-10 -0.003344213350374 -1.3185487374425e-10 -0.003344213350374 
1266.8472375601 2.0915709150571e-08 -0.0031013773650557 2.0915709150571e-08 -0.0031013773650557 
1268.4180338869 -5.3080391690306e-08 -0.0029119723199074 -5.3080391690306e-08 -0.0029119723199074 
1269.9888302137 1.0702383893748e-07 -0.0028431247953904 1.0702383893748e-07 -0.0028431247953904 
1271.5596265405 1.0497762468837e-07 -0.0030597006380049 1.0497762468837e-07 -0.0030597006380049 
1273.1304228673 3.7966517774976e-08 -0.00335120130012 3.7966517774976e-08 -0.00335120130012 
1274.7012191941 1.579343025932e-07 -0.0033182069446411 1.579343025932e-07 -0.0033182069446411 
1276.2720155209 1.0145538372357e-07 -0.003038447038989 1.0145538372357e-07 -0.003038447038989 
1277.8428118476 8.8804848466558e-08 -0.0029231140392767 8.8804848466558e-08 -0.0029231140392767 
1279.4136081744 6.7811875147687e-08 -0.0032624315613248 6.7811875147687e-08 -0.0032624315613248 
1280.9844045012 3.1666781574739e-08 -0.0030847939704017 3.1666781574739e-08 -0.0030847939704017 
1282.555200828 2.3078052686441e-08 -0.002842076967454 2.3078052686441e-08 -0.002842076967454 
1284.1259971548 -4.8541420233067e-09 -0.0031644113037146 -4.8541420233067e-09 -0.0031644113037146 
1285.6967934816 9.7693873637997e-08 -0.0029566293869721 9.7693873637997e-08 -0.0029566293869721 
1287.2675898084 9.939890795976e-08 -0.0030397727603031 9.939890795976e-08 -0.0030397727603031 
1288.8383861352 1.6125556188618e-07 -0.0033520073836826 1.6125556188618e-07 -0.0033520073836826 
1290.409182462 9.9835071244337e-08 -0.0034035131161545 9.9835071244337e-08 -0.0034035131161545 
1291.9799787888 5.2288164098182e-09 -0.0031804780360289 5.2288164098182e-09 -0.0031804780360289 
1293.5507751156 4.0165883630114e-08 -0.0032018061083363 4.0165883630114e-08 -0.0032018061083363 
1295.1215714424 9.1943256649172e-08 -0.0033887399265495 9.1943256649172e-08 -0.0033887399265495 
1296.6923677692 1.0038824533919e-07 -0.0033704990701153 1.0038824533919e-07 -0.0033704990701153 
1298.263164096 -1.1898624420289e-08 -0.0033772708525248 -1.1898624420289e-08 -0.0033772708525248 
1299.8339604228 2.4490943619841e-08 -0.0031672581665134 2.4490943619841e-08 -0.0031672581665134 
1301.4047567496 2.7796065549605e-08 -0.0031934584901592 2.7796065549605e-08 -0.0031934584901592 
1302.9755530764 8.0516779038742e-08 -0.0033300544114354 8.0516779038742e-08 -0.0033300544114354 
1304.5463494032 7.2284713559283e-08 -0.0028726423624903 7.2284713559283e-08 -0.0028726423624903 
1306.11714573 8.1262161870619e-09 -0.002767043000631 8.1262161870619e-09 -0.002767043000631 
1307.6879420568 8.5506780291886e-08 -0.0027940438033056 8.5506780291886e-08 -0.0027940438033056 
1309.2587383835 4.582433177058e-08 -0.0032122560662629 4.582433177058e-08 -0.0032122560662629 
1310.8295347103 4.7229565532907e-08 -0.0030452675603101 4.7229565532907e-08 -0.0030452675603101 
1312.4003310371 2.662481282579e-08 -0.0030371277614449 2.662481282579e-08 -0.0030371277614449 
1313.9711273639 4.1392674271076e-08 -0.0031693006840214 4.1392674271076e-08 -0.0031693006840214 
1315.5419236907 2.5920280565827e-08 -0.0029571068453151 2.5920280565827e-08 -0.0029571068453151 
1317.1127200175 9.1179836082809e-09 -0.0028888230422126 9.1179836082809e-09 -0.0028888230422126 
1318.6835163443 4.2661598106969e-08 -0.0032853469190286 4.2661598106969e-08 -0.0032853469190286 
1320.2543126711 5.7253995663743e-08 -0.003228019723565 5.7253995663743e-08 -0.003228019723565 
1321.8251089979 1.3823866179579e-07 -0.0033877332843986 1.3823866179579e-07 -0.0033877332843986 
1323.3959053247 1.6587225265369e-07 -0.0027391321075356 1.6587225265369e-07 -0.0027391321075356 
1324.9667016515 8.6384777383801e-08 -0.0032081086087601 8.6384777383801e-08 -0.0032081086087601 
1326.5374979783 6.3109377067105e-08 -0.0025437025815336 6.3109377067105e-08 -0.0025437025815336 
1328.1082943051 7.42357128088e-08 -0.0030063505857925 7.42357128088e-08 -0.0030063505857925 
1329.6790906319 -4.8543602907595e-08 -0.0028937297722678 -4.8543602907595e-08 -0.0028937297722678 
1331.2498869587 1.8042935460044e-08 -0.0028370704455938 1.8042935460044e-08 -0.0028370704455938 
1332.8206832855 1.4341017826206e-07 -0.0029460686741913 1.4341017826206e-07 -0.0029460686741913 
1334.3914796123 1.675512663003e-07 -0.0025004641108808 1.675512663003e-07 -0.0025004641108808 
1335.9622759391 1.4642609984814e-07 -0.0032899845850807 1.4642609984814e-07 -0.0032899845850807 
1337.5330722659 8.5854264144863e-08 -0.0028797388486055 8.5854264144863e-08 -0.0028797388486055 
1339.1038685926 1.1461113056739e-07 -0.0028734900622567 1.1461113056739e-07 -0.0028734900622567 
1340.6746649194 7.6947408760659e-08 -0.0030419148679357 7.6947408760659e-08 -0.0030419148679357 
1342.2454612462 1.1101049202761e-07 -0.0026773253932788 1.1101049202761e-07 -0.0026773253932788 
1343.816257573 4.9044424094373e-08 -0.0028887278187995 4.9044424094373e-08 -0.0028887278187995 
1345.3870538998 -5.0665593647832e-08 -0.0032403621150934 -5.0665593647832e-08 -0.0032403621150934 
1346.9578502266 1.2614843556735e-07 -0.0028937082217908 1.2614843556735e-07 -0.0028937082217908 
1348.5286465534 1.186136675867e-07 -0.0028339331342977 1.186136675867e-07 -0.0028339331342977 
1350.0994428802 1.0430386213141e-07 -0.0023906831959266 1.0430386213141e-07 -0.0023906831959266 
1351.670239207 7.9899894338251e-08 -0.0025739223985966 7.9899894338251e-08 -0.0025739223985966 
1353.2410355338 4.9316499072765e-08 -0.0025334863723856 4.9316499072765e-08 -0.0025334863723856 
1354.8118318606 4.1330765801512e-08 -0.0028117687504619 4.1330765801512e-08 -0.0028117687504619 
1356.3826281874 -2.3403775489468e-08 -0.0033058837625504 -2.3403775489468e-08 -0.0033058837625504 
1357.9534245142 6.0433537399433e-08 -0.0031804105299216 6.0433537399433e-08 -0.0031804105299216 
1359.524220841 3.8239077091295e-08 -0.0032452074233333 3.8239077091295e-08 -0.0032452074233333 
1361.0950171678 4.8073389447863e-08 -0.0026899392562427 4.8073389447863e-08 -0.0026899392562427 
1362.6658134946 1.0158139873505e-08 -0.0031431422175956 1.0158139873505e-08 -0.0031431422175956 
1364.2366098214 -1.5794059848571e-08 -0.0031439396013866 -1.5794059848571e-08 -0.0031439396013866 
1365.8074061482 4.1377160605702e-08 -0.0031838771599269 4.1377160605702e-08 -0.0031838771599269 
1367.378202475 6.0031297583243e-09 -0.0030485145637158 6.0031297583243e-09 -0.0030485145637158 
1368.9489988018 8.632678913472e-08 -0.0029681016535505 8.632678913472e-08 -0.0029681016535505 
1370.5197951285 1.979615353124e-08 -0.0031315062590238 1.979615353124e-08 -0.0031315062590238 
1372.0905914553 7.972485139366e-08 -0.0029934508715996 7.972485139366e-08 -0.0029934508715996 
1373.6613877821 5.6882539352824e-08 -0.0029951449507735 5.6882539352824e-08 -0.0029951449507735 
1375.2321841089 2.278057726318e-08 -0.0030180046253463 2.278057726318e-08 -0.0030180046253463 
1376.8029804357 3.4775152216283e-08 -0.0029163389688165 3.4775152216283e-08 -0.0029163389688165 
1378.3737767625 -1.7848481791306e-08 -0.0026463080419035 -1.7848481791306e-08 -0.0026463080419035 
1379.9445730893 1.6517645914039e-07 -0.0030925754099371 1.6517645914039e-07 -0.0030925754099371 
1381.5153694161 2.4531353666202e-08 -0.0028745033705491 2.4531353666202e-08 -0.0028745033705491 
1383.0861657429 2.6381819660207e-08 -0.0027444340682905 2.6381819660207e-08 -0.0027444340682905 
1384.6569620697 1.5684638226657e-07 -0.0027073277324234 1.5684638226657e-07 -0.0027073277324234 
1386.2277583965 1.5740920159739e-07 -0.002689943719588 1.5740920159739e-07 -0.002689943719588 
1387.7985547233 1.3334643179795e-07 -0.0027907293138014 1.3334643179795e-07 -0.0027907293138014 
1389.3693510501 6.6407272417795e-08 -0.0032749667409462 6.6407272417795e-08 -0.0032749667409462 
1390.9401473769 4.2730363031606e-08 -0.0031547892231174 4.2730363031606e-08 -0.0031547892231174 
1392.5109437037 1.4298388807079e-08 -0.0024863901601293 1.4298388807079e-08 -0.0024863901601293 
1394.0817400305 7.1963636538944e-08 -0.0031567754990647 7.1963636538944e-08 -0.0031567754990647 
1395.6525363573 1.700177887351e-07 -0.0028589352243671 1.700177887351e-07 -0.0028589352243671 
1397.2233326841 7.6689542790433e-08 -0.0025597088467748 7.6689542790433e-08 -0.0025597088467748 
1398.7941290109 1.005120356147e-07 -0.0031763587219302 1.005120356147e-07 -0.0031763587219302 
1400.3649253377 1.39221895698e-07 -0.0028765045929049 1.39221895698e-07 -0.0028765045929049 
1401.9357216644 3.7784208474823e-08 -0.0025710776260439 3.7784208474823e-08 -0.0025710776260439 
1403.5065179912 4.6268484365194e-08 -0.0027388064672778 4.6268484365194e-08 -0.0027388064672778 
1405.077314318 1.1933532485888e-07 -0.0024746054507432 1.1933532485888e-07 -0.0024746054507432 
1406.6481106448 3.7544749675885e-08 -0.002871315591392 3.7544749675885e-08 -0.002871315591392 
1408.2189069716 3.0475841789524e-10 -0.0024094783500459 3.0475841789524e-10 -0.0024094783500459 
1409.7897032984 3.2823775896853e-08 -0.003083135640054 3.2823775896853e-08 -0.003083135640054 
1411.3604996252 7.749209630672e-08 -0.002789896397644 7.749209630672e-08 -0.002789896397644 
1412.931295952 6.5102443100875e-08 -0.0022055318822822 6.5102443100875e-08 -0.0022055318822822 
1414.5020922788 2.2898167995665e-08 -0.002646457507808 2.2898167995665e-08 -0.002646457507808 
1416.0728886056 6.2888801093929e-08 -0.0025494437979887 6.2888801093929e-08 -0.0025494437979887 
1417.6436849324 1.318443825664e-08 -0.0031894841279154 1.318443825664e-08 -0.0031894841279154 
1419.2144812592 3.5928729558515e-08 -0.0028437910946195 3.5928729558515e-08 -0.0028437910946195 
1420.785277586 1.349150616795e-08 -0.002545547969703 1.349150616795e-08 -0.002545547969703 
1422.3560739128 3.9819391568598e-09 -0.002474199102835 3.9819391568598e-09 -0.002474199102835 
1423.9268702396 5.9547624557688e-08 -0.0031509560067207 5.9547624557688e-08 -0.0031509560067207 
1425.4976665664 4.2285398330064e-08 -0.0027978434927718 4.2285398330064e-08 -0.0027978434927718 
1427.0684628932 3.6002737512292e-08 -0.0031442507947759 3.6002737512292e-08 -0.0031442507947759 
1428.63925922 -2.41213787105e-08 -0.0029894174388119 -2.41213787105e-08 -0.0029894174388119 
1430.2100555468 4.6919324061243e-08 -0.0029650122610292 4.6919324061243e-08 -0.0029650122610292 
1431.7808518735 1.2116823761188e-07 -0.0027155517750543 1.2116823761188e-07 -0.0027155517750543 
1433.3516482003 1.4768803029534e-07 -0.0026131247875583 1.4768803029534e-07 -0.0026131247875583 
1434.9224445271 6.0773802332723e-08 -0.002941427491578 6.0773802332723e-08 -0.002941427491578 
1436.4932408539 4.9892234022542e-08 -0.0029334904863845 4.9892234022542e-08 -0.0029334904863845 
1438.0640371807 1.2411974444701e-07 -0.0028366060705594 1.2411974444701e-07 -0.0028366060705594 
1439.6348335075 6.6046704760813e-09 -0.0025600702747397 6.6046704760813e-09 -0.0025600702747397 
1441.2056298343 9.5622377513782e-08 -0.002541741363757 9.5622377513782e-08 -0.002541741363757 
1442.7764261611 7.8138750922601e-08 -0.0027654999901188 7.8138750922601e-08 -0.0027654999901188 
1444.3472224879 7.8674275184414e-08 -0.0029782554429403 7.8674275184414e-08 -0.0029782554429403 
1445.9180188147 9.3539639326957e-08 -0.0024725696271162 9.3539639326957e-08 -0.0024725696271162 
1447.4888151415 1.0686176642195e-07 -0.0027794759689641 1.0686176642195e-07 -0.0027794759689641 
1449.0596114683 2.1212995018052e-07 -0.0024086587284273 2.1212995018052e-07 -0.0024086587284273 
1450.6304077951 9.1316024971323e-08 -0.0023796801540357 9.1316024971323e-08 -0.0023796801540357 
1452.2012041219 1.4872196010732e-07 -0.0024800403364225 1.4872196010732e-07 -0.0024800403364225 
1453.7720004487 2.3523010408064e-08 -0.0028339389969005 2.3523010408064e-08 -0.0028339389969005 
1455.3427967755 -7.0112429712693e-08 -0.0026438561633313 -7.0112429712693e-08 -0.0026438561633313 
1456.9135931023 1.2035151143907e-07 -0.0028542096620185 1.2035151143907e-07 -0.0028542096620185 
1458.4843894291 6.4731582568592e-08 -0.0030088953187715 6.4731582568592e-08 -0.0030088953187715 
1460.0551857559 9.3785317725852e-08 -0.0028160555966679 9.3785317725852e-08 -0.0028160555966679 
1461.6259820827 1.0672393686905e-07 -0.0028723793170684 1.0672393686905e-07 -0.0028723793170684 
1463.1967784094 1.5684439902236e-07 -0.0029599826277718 1.5684439902236e-07 -0.0029599826277718 
1464.7675747362 9.3756379398138e-08 -0.0029119634850758 9.3756379398138e-08 -0.0029119634850758 
1466.338371063 -8.1698232919439e-09 -0.00258801952873 -8.1698232919439e-09 -0.00258801952873 
1467.9091673898 2.0139117336516e-08 -0.0030100012825187 2.0139117336516e-08 -0.0030100012825187 
1469.4799637166 -4.8177441381003e-10 -0.0032360462771521 -4.8177441381003e-10 -0.0032360462771521 
1471.0507600434 2.7057362336956e-08 -0.0030056389457513 2.7057362336956e-08 -0.0030056389457513 
1472.6215563702 3.7699418976198e-08 -0.0030678284244914 3.7699418976198e-08 -0.0030678284244914 
1474.192352697 3.1248203299304e-08 -0.0028555515430071 3.1248203299304e-08 -0.0028555515430071 
1475.7631490238 5.1682225127338e-08 -0.0027738556689201 5.1682225127338e-08 -0.0027738556689201 
1477.3339453506 1.1726439642291e-07 -0.0027583264111399 1.1726439642291e-07 -0.0027583264111399 
1478.9047416774 8.0565274060634e-08 -0.0028407900126695 8.0565274060634e-08 -0.0028407900126695 
1480.4755380042 -9.7330584118194e-10 -0.0027757581367496 -9.7330584118194e-10 -0.0027757581367496 
1482.046334331 1.4510937894604e-08 -0.0028824295020513 1.4510937894604e-08 -0.0028824295020513 
1483.6171306578 1.4986168556658e-08 -0.0028836347387369 1.4986168556658e-08 -0.0028836347387369 
1485.1879269846 6.3743020593651e-08 -0.0024206404671077 6.3743020593651e-08 -0.0024206404671077 
1486.7587233114 4.8983964956963e-08 -0.0021754431870704 4.8983964956963e-08 -0.0021754431870704 
1488.3295196382 3.7275983509264e-08 -0.0026417444028084 3.7275983509264e-08 -0.0026417444028084 
1489.900315965 9.7055552055407e-08 -0.0027802031338524 9.7055552055407e-08 -0.0027802031338524 
1491.4711122918 -1.4530670888148e-08 -0.0027272500508388 -1.4530670888148e-08 -0.0027272500508388 
1493.0419086185 4.2287974342385e-08 -0.0024115567382523 4.2287974342385e-08 -0.0024115567382523 
1494.6127049453 1.2451871584127e-07 -0.0024041227118232 1.2451871584127e-07 -0.0024041227118232 
1496.1835012721 1.6040343656857e-07 -0.0024160109264812 1.6040343656857e-07 -0.0024160109264812 
1497.7542975989 8.2262577185377e-08 -0.0024740185428982 8.2262577185377e-08 -0.0024740185428982 
1499.3250939257 5.1994252701586e-08 -0.0027022578162814 5.1994252701586e-08 -0.0027022578162814 
1500.8958902525 4.7951016764764e-08 -0.0026721153753897 4.7951016764764e-08 -0.0026721153753897 
1502.4666865793 2.6982438420756e-08 -0.0025252910970721 2.6982438420756e-08 -0.0025252910970721 
1504.0374829061 3.7037701884438e-08 -0.0025730747981925 3.7037701884438e-08 -0.0025730747981925 
1505.6082792329 7.3493881056271e-08 -0.0028018518378303 7.3493881056271e-08 -0.0028018518378303 
1507.1790755597 3.9003292749082e-08 -0.0027383728877339 3.9003292749082e-08 -0.0027383728877339 
1508.7498718865 1.0358943322454e-07 -0.002832444250771 1.0358943322454e-07 -0.002832444250771 
1510.3206682133 2.2420902343802e-07 -0.002938049339491 2.2420902343802e-07 -0.002938049339491 
1511.8914645401 4.8828807911771e-08 -0.0027474282619551 4.8828807911771e-08 -0.0027474282619551 
1513.4622608669 4.8094404136048e-08 -0.0025595086040084 4.8094404136048e-08 -0.0025595086040084 
1515.0330571937 8.2606248310346e-08 -0.0025238485154659 8.2606248310346e-08 -0.0025238485154659 
1516.6038535205 5.185898294366e-09 -0.0030421069291151 5.185898294366e-09 -0.0030421069291151 
1518.1746498473 -1.8531316670413e-09 -0.0025448175385918 -1.8531316670413e-09 -0.0025448175385918 
1519.7454461741 1.8024174979324e-09 -0.0026166719444518 1.8024174979324e-09 -0.0026166719444518 
1521.3162425009 1.5071201427895e-07 -0.0030041126397009 1.5071201427895e-07 -0.0030041126397009 
1522.8870388277 1.0566520728083e-07 -0.002646010327453 1.0566520728083e-07 -0.002646010327453 
1524.4578351544 1.6017126489206e-07 -0.0027270043940462 1.6017126489206e-07 -0.0027270043940462 
1526.0286314812 1.3007861206413e-07 -0.0027805608449398 1.3007861206413e-07 -0.0027805608449398 
1527.599427808 -1.5549132584876e-08 -0.0025863755529372 -1.5549132584876e-08 -0.0025863755529372 
1529.1702241348 4.7390656553933e-08 -0.0030908965875369 4.7390656553933e-08 -0.0030908965875369 
1530.7410204616 -1.4733656134998e-08 -0.0030059782347962 -1.4733656134998e-08 -0.0030059782347962 
1532.3118167884 4.2368289163885e-08 -0.0029574097388831 4.2368289163885e-08 -0.0029574097388831 
1533.8826131152 7.8874223757041e-08 -0.0028652219730247 7.8874223757041e-08 -0.0028652219730247 
1535.453409442 1.1032324442217e-07 -0.0023926792914608 1.1032324442217e-07 -0.0023926792914608 
1537.0242057688 8.6548296656402e-08 -0.0026132719351608 8.6548296656402e-08 -0.0026132719351608 
1538.5950020956 2.3912806711877e-08 -0.002496824016589 2.3912806711877e-08 -0.002496824016589 
1540.1657984224 9.5884023376973e-08 -0.0026278352968347 9.5884023376973e-08 -0.0026278352968347 
1541.7365947492 7.3191956171802e-08 -0.0027733411059216 7.3191956171802e-08 -0.0027733411059216 
1543.307391076 5.8351920276844e-08 -0.002728568603743 5.8351920276844e-08 -0.002728568603743 
1544.8781874028 -3.9890744861418e-09 -0.0027360561480236 -3.9890744861418e-09 -0.0027360561480236 
1546.4489837296 5.9271989968121e-08 -0.0022939371160646 5.9271989968121e-08 -0.0022939371160646 
1548.0197800564 1.3717278620982e-07 -0.0025583167591776 1.3717278620982e-07 -0.0025583167591776 
1549.5905763832 4.8623769370085e-08 -0.0025271735155457 4.8623769370085e-08 -0.0025271735155457 
1551.16137271 5.0177637292642e-08 -0.0027165391852577 5.0177637292642e-08 -0.0027165391852577 
1552.7321690368 -5.9753029802361e-09 -0.0028524337769795 -5.9753029802361e-09 -0.0028524337769795 
1554.3029653636 6.0649408298012e-08 -0.0028370231138979 6.0649408298012e-08 -0.0028370231138979 
1555.8737616903 5.718205472792e-08 -0.0024122143333898 5.718205472792e-08 -0.0024122143333898 
1557.4445580171 8.8852376455133e-08 -0.0023023569808629 8.8852376455133e-08 -0.0023023569808629 
1559.0153543439 1.1182388048303e-07 -0.002582200012057 1.1182388048303e-07 -0.002582200012057 
1560.5861506707 2.6479787662851e-08 -0.0027012825996735 2.6479787662851e-08 -0.0027012825996735 
1562.1569469975 1.2674319771477e-07 -0.0027411351877618 1.2674319771477e-07 -0.0027411351877618 
1563.7277433243 5.8175145169388e-10 -0.0026406491294892 5.8175145169388e-10 -0.0026406491294892 
1565.2985396511 -3.3192177713984e-08 -0.0026241500529522 -3.3192177713984e-08 -0.0026241500529522 
1566.8693359779 7.0335620385121e-08 -0.002542014979781 7.0335620385121e-08 -0.002542014979781 
1568.4401323047 6.4210397614169e-08 -0.0024670095428974 6.4210397614169e-08 -0.0024670095428974 
1570.0109286315 7.6027347262551e-08 -0.0026295850379938 7.6027347262551e-08 -0.0026295850379938 
1571.5817249583 9.3807154205464e-08 -0.002397362915417 9.3807154205464e-08 -0.002397362915417 
1573.1525212851 1.3960843102606e-07 -0.0025647651098097 1.3960843102606e-07 -0.0025647651098097 
1574.7233176119 8.0666402996161e-08 -0.002697672070326 8.0666402996161e-08 -0.002697672070326 
1576.2941139387 4.6446684725226e-08 -0.0028308748994732 4.6446684725226e-08 -0.0028308748994732 
1577.8649102655 7.0964479703374e-08 -0.002764972719433 7.0964479703374e-08 -0.002764972719433 
1579.4357065923 5.1947040330908e-08 -0.0024152999242233 5.1947040330908e-08 -0.0024152999242233 
1581.0065029191 3.7759188036802e-08 -0.002776087336315 3.7759188036802e-08 -0.002776087336315 
1582.5772992459 9.6544722018855e-08 -0.0031833236885177 9.6544722018855e-08 -0.0031833236885177 
1584.1480955727 3.7970748048015e-08 -0.0031470998128498 3.7970748048015e-08 -0.0031470998128498 
1585.7188918994 1.2391649194338e-07 -0.0029929712845842 1.2391649194338e-07 -0.0029929712845842 
1587.2896882262 1.9155098749984e-07 -0.0030413614188092 1.9155098749984e-07 -0.0030413614188092 
1588.860484553 6.0827031953306e-08 -0.0027514485695974 6.0827031953306e-08 -0.0027514485695974 
1590.4312808798 5.5926750130216e-08 -0.0028532182338949 5.5926750130216e-08 -0.0028532182338949 
1592.0020772066 1.6715535479987e-08 -0.0023729726717647 1.6715535479987e-08 -0.0023729726717647 
1593.5728735334 9.4893675195742e-08 -0.0026380152846741 9.4893675195742e-08 -0.0026380152846741 
1595.1436698602 6.3613677425089e-08 -0.0025723989519975 6.3613677425089e-08 -0.0025723989519975 
1596.714466187 4.8229220792251e-08 -0.0026810304871105 4.8229220792251e-08 -0.0026810304871105 
1598.2852625138 5.3821468417774e-08 -0.0023761978227412 5.3821468417774e-08 -0.0023761978227412 
1599.8560588406 3.470397981467e-08 -0.0024536298142266 3.470397981467e-08 -0.0024536298142266 
1601.4268551674 7.9193133866849e-08 -0.0025024713340827 7.9193133866849e-08 -0.0025024713340827 
1602.9976514942 2.6300572813301e-08 -0.0026062914703289 2.6300572813301e-08 -0.0026062914703289 
1604.568447821 3.1877452081792e-08 -0.0023376625665605 3.1877452081792e-08 -0.0023376625665605 
1606.1392441478 7.5569838611181e-08 -0.0025940991220068 7.5569838611181e-08 -0.0025940991220068 
1607.7100404746 3.6536055899124e-08 -0.0024933951706316 3.6536055899124e-08 -0.0024933951706316 
