   0.0000000e+00   3.2689904e-05
   3.9100684e-03  -1.7665889e+00
   7.8201369e-03  -1.8299081e+00
   1.1730205e-02  -1.8369860e+00
   1.5640274e-02  -1.8091658e+00
   1.9550342e-02  -1.7927889e+00
   2.3460411e-02  -1.7720301e+00
   2.7370479e-02  -1.7424174e+00
   3.1280547e-02  -1.7100082e+00
   3.5190616e-02  -1.6978196e+00
   3.9100684e-02  -1.6695580e+00
   4.3010753e-02  -1.6431807e+00
   4.6920821e-02  -1.6130428e+00
   5.0830890e-02  -1.5867317e+00
   5.4740958e-02  -1.5623765e+00
   5.8651026e-02  -1.5337506e+00
   6.2561095e-02  -1.5129491e+00
   6.6471163e-02  -1.4941198e+00
   7.0381232e-02  -1.4623390e+00
   7.4291300e-02  -1.4431760e+00
   7.8201369e-02  -1.4262127e+00
   8.2111437e-02  -1.3953693e+00
   8.6021505e-02  -1.3760087e+00
   8.9931574e-02  -1.3522946e+00
   9.3841642e-02  -1.3297589e+00
   9.7751711e-02  -1.3120288e+00
   1.0166178e-01  -1.2880503e+00
   1.0557185e-01  -1.2752621e+00
   1.0948192e-01  -1.2565524e+00
   1.1339198e-01  -1.2285087e+00
   1.1730205e-01  -1.2211480e+00
   1.2121212e-01  -1.2007668e+00
   1.2512219e-01  -1.1800277e+00
   1.2903226e-01  -1.1684294e+00
   1.3294233e-01  -1.1442597e+00
   1.3685239e-01  -1.1326993e+00
   1.4076246e-01  -1.1107115e+00
   1.4467253e-01  -1.0996129e+00
   1.4858260e-01  -1.0729918e+00
   1.5249267e-01  -1.0623902e+00
   1.5640274e-01  -1.0457466e+00
   1.6031281e-01  -1.0316756e+00
   1.6422287e-01  -1.0205580e+00
   1.6813294e-01  -1.0044727e+00
   1.7204301e-01  -9.8815063e-01
   1.7595308e-01  -9.7917460e-01
   1.7986315e-01  -9.5967690e-01
   1.8377322e-01  -9.4326191e-01
   1.8768328e-01  -9.2809373e-01
   1.9159335e-01  -9.1284772e-01
   1.9550342e-01  -9.1550128e-01
   1.9941349e-01  -8.9431399e-01
   2.0332356e-01  -8.8438736e-01
   2.0723363e-01  -8.6729619e-01
   2.1114370e-01  -8.6208276e-01
   2.1505376e-01  -8.4339549e-01
   2.1896383e-01  -8.3457353e-01
   2.2287390e-01  -8.2824390e-01
   2.2678397e-01  -8.1708867e-01
   2.3069404e-01  -8.0268287e-01
   2.3460411e-01  -7.9482574e-01
   2.3851417e-01  -7.8456777e-01
   2.4242424e-01  -7.6600495e-01
   2.4633431e-01  -7.6133337e-01
   2.5024438e-01  -7.4343879e-01
   2.5415445e-01  -7.4547057e-01
   2.5806452e-01  -7.3242674e-01
   2.6197458e-01  -7.1877209e-01
   2.6588465e-01  -7.0860789e-01
   2.6979472e-01  -7.0023711e-01
   2.7370479e-01  -6.8796211e-01
   2.7761486e-01  -6.8034891e-01
   2.8152493e-01  -6.6867054e-01
   2.8543500e-01  -6.6416461e-01
   2.8934506e-01  -6.5465078e-01
   2.9325513e-01  -6.4307083e-01
   2.9716520e-01  -6.3884191e-01
   3.0107527e-01  -6.3778226e-01
   3.0498534e-01  -6.2615817e-01
   3.0889541e-01  -6.1345912e-01
   3.1280547e-01  -6.0340263e-01
   3.1671554e-01  -6.0347799e-01
   3.2062561e-01  -5.9137792e-01
   3.2453568e-01  -5.8769282e-01
   3.2844575e-01  -5.7438599e-01
   3.3235582e-01  -5.6752912e-01
   3.3626588e-01  -5.6531379e-01
   3.4017595e-01  -5.5245824e-01
   3.4408602e-01  -5.5309329e-01
   3.4799609e-01  -5.4116014e-01
   3.5190616e-01  -5.4258513e-01
   3.5581623e-01  -5.3435481e-01
   3.5972630e-01  -5.2200308e-01
   3.6363636e-01  -5.1869864e-01
   3.6754643e-01  -5.1572231e-01
   3.7145650e-01  -5.0866482e-01
   3.7536657e-01  -4.9504697e-01
   3.7927664e-01  -4.9793029e-01
   3.8318671e-01  -4.8621971e-01
   3.8709677e-01  -4.8039089e-01
   3.9100684e-01  -4.7912847e-01
   3.9491691e-01  -4.6970021e-01
   3.9882698e-01  -4.6835948e-01
   4.0273705e-01  -4.6251603e-01
   4.0664712e-01  -4.6089849e-01
   4.1055718e-01  -4.5021585e-01
   4.1446725e-01  -4.5051314e-01
   4.1837732e-01  -4.4034058e-01
   4.2228739e-01  -4.3483382e-01
   4.2619746e-01  -4.3212707e-01
   4.3010753e-01  -4.2418274e-01
   4.3401760e-01  -4.1966530e-01
   4.3792766e-01  -4.1497261e-01
   4.4183773e-01  -4.1350463e-01
   4.4574780e-01  -4.0921406e-01
   4.4965787e-01  -4.0490463e-01
   4.5356794e-01  -3.9552037e-01
   4.5747801e-01  -3.9509329e-01
   4.6138807e-01  -3.9241559e-01
   4.6529814e-01  -3.8532634e-01
   4.6920821e-01  -3.8137486e-01
   4.7311828e-01  -3.7829628e-01
   4.7702835e-01  -3.7586879e-01
   4.8093842e-01  -3.6589764e-01
   4.8484848e-01  -3.6785148e-01
   4.8875855e-01  -3.6151059e-01
   4.9266862e-01  -3.6031453e-01
   4.9657869e-01  -3.5698873e-01
   5.0048876e-01  -3.5542701e-01
   5.0439883e-01  -3.4543037e-01
   5.0830890e-01  -3.4800116e-01
   5.1221896e-01  -3.3795778e-01
   5.1612903e-01  -3.3778088e-01
   5.2003910e-01  -3.3630812e-01
   5.2394917e-01  -3.2877561e-01
   5.2785924e-01  -3.3176018e-01
   5.3176931e-01  -3.2319819e-01
   5.3567937e-01  -3.1711176e-01
   5.3958944e-01  -3.1690680e-01
   5.4349951e-01  -3.1829200e-01
   5.4740958e-01  -3.1351638e-01
   5.5131965e-01  -3.1126970e-01
   5.5522972e-01  -3.0451966e-01
   5.5913978e-01  -3.0034621e-01
   5.6304985e-01  -3.0359087e-01
   5.6695992e-01  -2.9518410e-01
   5.7086999e-01  -2.9359056e-01
   5.7478006e-01  -2.8805279e-01
   5.7869013e-01  -2.9030817e-01
   5.8260020e-01  -2.8045628e-01
   5.8651026e-01  -2.8371795e-01
   5.9042033e-01  -2.8060237e-01
   5.9433040e-01  -2.7456420e-01
   5.9824047e-01  -2.7896050e-01
   6.0215054e-01  -2.7101094e-01
   6.0606061e-01  -2.6356073e-01
   6.0997067e-01  -2.6702354e-01
   6.1388074e-01  -2.6010480e-01
   6.1779081e-01  -2.5935629e-01
   6.2170088e-01  -2.6100835e-01
   6.2561095e-01  -2.5667332e-01
   6.2952102e-01  -2.5647138e-01
   6.3343109e-01  -2.4955945e-01
   6.3734115e-01  -2.5221420e-01
   6.4125122e-01  -2.4667507e-01
   6.4516129e-01  -2.4758655e-01
   6.4907136e-01  -2.4284269e-01
   6.5298143e-01  -2.4330770e-01
   6.5689150e-01  -2.3892618e-01
   6.6080156e-01  -2.3287469e-01
   6.6471163e-01  -2.3312416e-01
   6.6862170e-01  -2.3096270e-01
   6.7253177e-01  -2.3056517e-01
   6.7644184e-01  -2.3016932e-01
   6.8035191e-01  -2.2492501e-01
   6.8426197e-01  -2.2518537e-01
   6.8817204e-01  -2.2899927e-01
   6.9208211e-01  -2.1800730e-01
   6.9599218e-01  -2.2284716e-01
   6.9990225e-01  -2.1815208e-01
   7.0381232e-01  -2.1615547e-01
   7.0772239e-01  -2.0776272e-01
   7.1163245e-01  -2.0853342e-01
   7.1554252e-01  -2.1222471e-01
   7.1945259e-01  -2.1453372e-01
   7.2336266e-01  -2.1279356e-01
   7.2727273e-01  -2.0342863e-01
   7.3118280e-01  -2.0378570e-01
   7.3509286e-01  -2.0480560e-01
   7.3900293e-01  -2.0250089e-01
   7.4291300e-01  -1.9871661e-01
   7.4682307e-01  -1.9897348e-01
   7.5073314e-01  -1.9651771e-01
   7.5464321e-01  -1.9748783e-01
   7.5855327e-01  -1.9335205e-01
   7.6246334e-01  -1.9333639e-01
   7.6637341e-01  -1.9550144e-01
   7.7028348e-01  -1.8653622e-01
   7.7419355e-01  -1.8806042e-01
   7.7810362e-01  -1.7786823e-01
   7.8201369e-01  -1.8373118e-01
   7.8592375e-01  -1.8493428e-01
   7.8983382e-01  -1.8610431e-01
   7.9374389e-01  -1.7594086e-01
   7.9765396e-01  -1.7754237e-01
   8.0156403e-01  -1.7777627e-01
   8.0547410e-01  -1.7742867e-01
   8.0938416e-01  -1.7649038e-01
   8.1329423e-01  -1.7462503e-01
   8.1720430e-01  -1.7053798e-01
   8.2111437e-01  -1.7300279e-01
   8.2502444e-01  -1.6898281e-01
   8.2893451e-01  -1.6841137e-01
   8.3284457e-01  -1.6827552e-01
   8.3675464e-01  -1.6879273e-01
   8.4066471e-01  -1.6630019e-01
   8.4457478e-01  -1.6291272e-01
   8.4848485e-01  -1.6143364e-01
   8.5239492e-01  -1.6169690e-01
   8.5630499e-01  -1.5896229e-01
   8.6021505e-01  -1.5922231e-01
   8.6412512e-01  -1.5648020e-01
   8.6803519e-01  -1.5569109e-01
   8.7194526e-01  -1.5116801e-01
   8.7585533e-01  -1.5491070e-01
   8.7976540e-01  -1.5416058e-01
   8.8367546e-01  -1.5254696e-01
   8.8758553e-01  -1.5150877e-01
   8.9149560e-01  -1.4863335e-01
   8.9540567e-01  -1.4924217e-01
   8.9931574e-01  -1.5200633e-01
   9.0322581e-01  -1.5014813e-01
   9.0713587e-01  -1.4681942e-01
   9.1104594e-01  -1.4669169e-01
   9.1495601e-01  -1.4521327e-01
   9.1886608e-01  -1.4565271e-01
   9.2277615e-01  -1.4332095e-01
   9.2668622e-01  -1.3876657e-01
   9.3059629e-01  -1.4614366e-01
   9.3450635e-01  -1.3664523e-01
   9.3841642e-01  -1.3794888e-01
   9.4232649e-01  -1.3834569e-01
   9.4623656e-01  -1.3842748e-01
   9.5014663e-01  -1.4116924e-01
   9.5405670e-01  -1.3635082e-01
   9.5796676e-01  -1.3463206e-01
   9.6187683e-01  -1.3727600e-01
   9.6578690e-01  -1.3565417e-01
   9.6969697e-01  -1.2696855e-01
   9.7360704e-01  -1.3640318e-01
   9.7751711e-01  -1.3193510e-01
   9.8142717e-01  -1.2999840e-01
   9.8533724e-01  -1.3031320e-01
   9.8924731e-01  -1.2627343e-01
   9.9315738e-01  -1.2847567e-01
   9.9706745e-01  -1.2903880e-01
   1.0009775e+00  -1.2736104e-01
   1.0048876e+00  -1.2496621e-01
   1.0087977e+00  -1.2812185e-01
   1.0127077e+00  -1.2556221e-01
   1.0166178e+00  -1.2293867e-01
   1.0205279e+00  -1.2744566e-01
   1.0244379e+00  -1.2350839e-01
   1.0283480e+00  -1.2494590e-01
   1.0322581e+00  -1.2049620e-01
   1.0361681e+00  -1.2072109e-01
   1.0400782e+00  -1.1863028e-01
   1.0439883e+00  -1.1753606e-01
   1.0478983e+00  -1.2212820e-01
   1.0518084e+00  -1.1739657e-01
   1.0557185e+00  -1.1924860e-01
   1.0596285e+00  -1.1733077e-01
   1.0635386e+00  -1.1614078e-01
   1.0674487e+00  -1.1684137e-01
   1.0713587e+00  -1.0930087e-01
   1.0752688e+00  -1.1291597e-01
   1.0791789e+00  -1.1168225e-01
   1.0830890e+00  -1.1528113e-01
   1.0869990e+00  -1.1239331e-01
   1.0909091e+00  -1.1254041e-01
   1.0948192e+00  -1.1161608e-01
   1.0987292e+00  -1.0794877e-01
   1.1026393e+00  -1.0888442e-01
   1.1065494e+00  -1.1055473e-01
   1.1104594e+00  -1.1308227e-01
   1.1143695e+00  -1.0713697e-01
   1.1182796e+00  -1.0669620e-01
   1.1221896e+00  -1.1125914e-01
   1.1260997e+00  -1.0673687e-01
   1.1300098e+00  -1.0649664e-01
   1.1339198e+00  -1.0567461e-01
   1.1378299e+00  -1.0519919e-01
   1.1417400e+00  -1.0165831e-01
   1.1456500e+00  -1.0607924e-01
   1.1495601e+00  -1.0322182e-01
   1.1534702e+00  -1.0487520e-01
   1.1573803e+00  -1.0372049e-01
   1.1612903e+00  -1.0474288e-01
   1.1652004e+00  -1.0432467e-01
   1.1691105e+00  -1.0488142e-01
   1.1730205e+00  -1.0137110e-01
   1.1769306e+00  -1.0371536e-01
   1.1808407e+00  -1.0274119e-01
   1.1847507e+00  -9.8653352e-02
   1.1886608e+00  -1.0206116e-01
   1.1925709e+00  -9.5986131e-02
   1.1964809e+00  -9.5605944e-02
   1.2003910e+00  -9.7306853e-02
   1.2043011e+00  -1.0052660e-01
   1.2082111e+00  -9.7099669e-02
   1.2121212e+00  -9.5708385e-02
   1.2160313e+00  -9.6262200e-02
   1.2199413e+00  -9.7339967e-02
   1.2238514e+00  -9.6994838e-02
   1.2277615e+00  -9.4447773e-02
   1.2316716e+00  -9.3861556e-02
   1.2355816e+00  -9.6076614e-02
   1.2394917e+00  -9.3616552e-02
   1.2434018e+00  -9.6124651e-02
   1.2473118e+00  -9.0811985e-02
   1.2512219e+00  -9.1629480e-02
   1.2551320e+00  -9.0551870e-02
   1.2590420e+00  -9.5118110e-02
   1.2629521e+00  -9.4892403e-02
   1.2668622e+00  -9.4023199e-02
   1.2707722e+00  -8.9469072e-02
   1.2746823e+00  -9.1277561e-02
   1.2785924e+00  -9.0210058e-02
   1.2825024e+00  -8.7122106e-02
   1.2864125e+00  -8.7122328e-02
   1.2903226e+00  -9.1308777e-02
   1.2942326e+00  -8.6135913e-02
   1.2981427e+00  -8.8663368e-02
   1.3020528e+00  -8.9338309e-02
   1.3059629e+00  -8.7429523e-02
   1.3098729e+00  -8.5048924e-02
   1.3137830e+00  -8.7500596e-02
   1.3176931e+00  -8.6266110e-02
   1.3216031e+00  -8.5024922e-02
   1.3255132e+00  -8.1943962e-02
   1.3294233e+00  -8.6424443e-02
   1.3333333e+00  -8.3570031e-02
   1.3372434e+00  -8.4075626e-02
   1.3411535e+00  -8.6136412e-02
   1.3450635e+00  -8.4538750e-02
   1.3489736e+00  -8.5105238e-02
   1.3528837e+00  -8.5698116e-02
   1.3567937e+00  -8.2601689e-02
   1.3607038e+00  -8.5179245e-02
   1.3646139e+00  -8.2458051e-02
   1.3685239e+00  -8.0334373e-02
   1.3724340e+00  -8.2059585e-02
   1.3763441e+00  -8.7306862e-02
   1.3802542e+00  -8.1426964e-02
   1.3841642e+00  -8.2580545e-02
   1.3880743e+00  -8.1881967e-02
   1.3919844e+00  -8.4278387e-02
   1.3958944e+00  -7.7303849e-02
   1.3998045e+00  -8.1854828e-02
   1.4037146e+00  -7.8846011e-02
   1.4076246e+00  -8.1217788e-02
   1.4115347e+00  -7.8658226e-02
   1.4154448e+00  -8.1413608e-02
   1.4193548e+00  -7.8400551e-02
   1.4232649e+00  -7.7804654e-02
   1.4271750e+00  -8.0173677e-02
   1.4310850e+00  -8.0927437e-02
   1.4349951e+00  -7.8009343e-02
   1.4389052e+00  -8.1409873e-02
   1.4428152e+00  -7.6712878e-02
   1.4467253e+00  -7.8133635e-02
   1.4506354e+00  -7.7911764e-02
   1.4545455e+00  -7.6606685e-02
   1.4584555e+00  -7.9086336e-02
   1.4623656e+00  -7.6710770e-02
   1.4662757e+00  -7.7690198e-02
   1.4701857e+00  -7.7370763e-02
   1.4740958e+00  -7.4277586e-02
   1.4780059e+00  -7.8359644e-02
   1.4819159e+00  -7.3743489e-02
   1.4858260e+00  -7.3444939e-02
   1.4897361e+00  -7.7801396e-02
   1.4936461e+00  -7.8116189e-02
   1.4975562e+00  -7.4952114e-02
   1.5014663e+00  -7.9028524e-02
   1.5053763e+00  -7.7320514e-02
   1.5092864e+00  -7.4762646e-02
   1.5131965e+00  -7.6763759e-02
   1.5171065e+00  -7.1079208e-02
   1.5210166e+00  -7.7502027e-02
   1.5249267e+00  -7.2281264e-02
   1.5288368e+00  -7.7109180e-02
   1.5327468e+00  -7.6489746e-02
   1.5366569e+00  -7.1245275e-02
   1.5405670e+00  -7.5377682e-02
   1.5444770e+00  -7.2933104e-02
   1.5483871e+00  -6.8088985e-02
   1.5522972e+00  -7.4061065e-02
   1.5562072e+00  -7.1056894e-02
   1.5601173e+00  -7.1776077e-02
   1.5640274e+00  -6.9056804e-02
   1.5679374e+00  -7.0443915e-02
   1.5718475e+00  -7.2024546e-02
   1.5757576e+00  -6.9355644e-02
   1.5796676e+00  -7.0584907e-02
   1.5835777e+00  -7.0844286e-02
   1.5874878e+00  -7.5280323e-02
   1.5913978e+00  -7.0155858e-02
   1.5953079e+00  -7.6724835e-02
   1.5992180e+00  -7.6462447e-02
   1.6031281e+00  -6.9787872e-02
   1.6070381e+00  -6.7708911e-02
   1.6109482e+00  -6.6749851e-02
   1.6148583e+00  -7.1646403e-02
   1.6187683e+00  -7.0977650e-02
   1.6226784e+00  -7.1152039e-02
   1.6265885e+00  -6.9337250e-02
   1.6304985e+00  -6.6970202e-02
   1.6344086e+00  -7.1285194e-02
   1.6383187e+00  -6.9303388e-02
   1.6422287e+00  -7.0304700e-02
   1.6461388e+00  -7.1709761e-02
   1.6500489e+00  -7.0841336e-02
   1.6539589e+00  -6.8078261e-02
   1.6578690e+00  -6.8785729e-02
   1.6617791e+00  -7.0113547e-02
   1.6656891e+00  -7.1844976e-02
   1.6695992e+00  -7.0520013e-02
   1.6735093e+00  -6.6295100e-02
   1.6774194e+00  -6.9057521e-02
   1.6813294e+00  -7.1650644e-02
   1.6852395e+00  -7.1695769e-02
   1.6891496e+00  -7.2200091e-02
   1.6930596e+00  -6.8126052e-02
   1.6969697e+00  -6.7104320e-02
   1.7008798e+00  -6.5319849e-02
   1.7047898e+00  -6.5781875e-02
   1.7086999e+00  -6.6320629e-02
   1.7126100e+00  -7.0289334e-02
   1.7165200e+00  -6.7304858e-02
   1.7204301e+00  -6.5399178e-02
   1.7243402e+00  -6.9302422e-02
   1.7282502e+00  -6.5564273e-02
   1.7321603e+00  -6.7319126e-02
   1.7360704e+00  -6.5245100e-02
   1.7399804e+00  -7.0108664e-02
   1.7438905e+00  -6.6482367e-02
   1.7478006e+00  -6.1022661e-02
   1.7517107e+00  -6.8312079e-02
   1.7556207e+00  -6.6825003e-02
   1.7595308e+00  -6.3255848e-02
   1.7634409e+00  -6.7590043e-02
   1.7673509e+00  -6.3455065e-02
   1.7712610e+00  -6.7530236e-02
   1.7751711e+00  -6.7803830e-02
   1.7790811e+00  -6.4887608e-02
   1.7829912e+00  -7.1915593e-02
   1.7869013e+00  -6.6690125e-02
   1.7908113e+00  -6.6697973e-02
   1.7947214e+00  -6.9813540e-02
   1.7986315e+00  -6.5138359e-02
   1.8025415e+00  -6.5902472e-02
   1.8064516e+00  -6.5054890e-02
   1.8103617e+00  -6.3948802e-02
   1.8142717e+00  -6.7042468e-02
   1.8181818e+00  -6.2115960e-02
   1.8220919e+00  -6.9130238e-02
   1.8260020e+00  -6.6190866e-02
   1.8299120e+00  -6.7249806e-02
   1.8338221e+00  -6.2158299e-02
   1.8377322e+00  -6.3047708e-02
   1.8416422e+00  -6.5765363e-02
   1.8455523e+00  -7.0402887e-02
   1.8494624e+00  -6.7629260e-02
   1.8533724e+00  -6.4216765e-02
   1.8572825e+00  -6.1777828e-02
   1.8611926e+00  -6.3336033e-02
   1.8651026e+00  -6.3558958e-02
   1.8690127e+00  -6.9275644e-02
   1.8729228e+00  -6.2393831e-02
   1.8768328e+00  -6.3958090e-02
   1.8807429e+00  -6.8469580e-02
   1.8846530e+00  -6.3029444e-02
   1.8885630e+00  -6.4135581e-02
   1.8924731e+00  -6.3351198e-02
   1.8963832e+00  -6.5833800e-02
   1.9002933e+00  -6.5121345e-02
   1.9042033e+00  -6.2215845e-02
   1.9081134e+00  -6.3943574e-02
   1.9120235e+00  -6.3840098e-02
   1.9159335e+00  -6.4981654e-02
   1.9198436e+00  -6.1975362e-02
   1.9237537e+00  -6.1304982e-02
   1.9276637e+00  -6.4785679e-02
   1.9315738e+00  -6.3555680e-02
   1.9354839e+00  -6.4378644e-02
   1.9393939e+00  -6.3249766e-02
   1.9433040e+00  -6.4194345e-02
   1.9472141e+00  -6.4707594e-02
   1.9511241e+00  -6.5074536e-02
   1.9550342e+00  -6.3825219e-02
   1.9589443e+00  -6.4775060e-02
   1.9628543e+00  -6.2022327e-02
   1.9667644e+00  -6.3017261e-02
   1.9706745e+00  -6.4104286e-02
   1.9745846e+00  -6.3086195e-02
   1.9784946e+00  -6.5415265e-02
   1.9824047e+00  -6.4313796e-02
   1.9863148e+00  -6.1810040e-02
   1.9902248e+00  -6.3929729e-02
   1.9941349e+00  -6.1189521e-02
   1.9980450e+00  -6.5877029e-02
   2.0019550e+00  -6.5877332e-02
   2.0058651e+00  -6.1189577e-02
   2.0097752e+00  -6.3929747e-02
   2.0136852e+00  -6.1810111e-02
   2.0175953e+00  -6.4313820e-02
   2.0215054e+00  -6.5415278e-02
   2.0254154e+00  -6.3086201e-02
   2.0293255e+00  -6.4104286e-02
   2.0332356e+00  -6.3017255e-02
   2.0371457e+00  -6.2022314e-02
   2.0410557e+00  -6.4775037e-02
   2.0449658e+00  -6.3825181e-02
   2.0488759e+00  -6.5074466e-02
   2.0527859e+00  -6.4707406e-02
   2.0566960e+00  -6.4194879e-02
   2.0606061e+00  -6.3249895e-02
   2.0645161e+00  -6.4378729e-02
   2.0684262e+00  -6.3556403e-02
   2.0723363e+00  -6.4785701e-02
   2.0762463e+00  -6.1305005e-02
   2.0801564e+00  -6.1975382e-02
   2.0840665e+00  -6.4981670e-02
   2.0879765e+00  -6.3840111e-02
   2.0918866e+00  -6.3943584e-02
   2.0957967e+00  -6.2215852e-02
   2.0997067e+00  -6.5121344e-02
   2.1036168e+00  -6.5833809e-02
   2.1075269e+00  -6.3351198e-02
   2.1114370e+00  -6.4135572e-02
   2.1153470e+00  -6.3029412e-02
   2.1192571e+00  -6.8470630e-02
   2.1231672e+00  -6.3958135e-02
   2.1270772e+00  -6.2393856e-02
   2.1309873e+00  -6.9275663e-02
   2.1348974e+00  -6.3558972e-02
   2.1388074e+00  -6.3336045e-02
   2.1427175e+00  -6.1777839e-02
   2.1466276e+00  -6.4216776e-02
   2.1505376e+00  -6.7629274e-02
   2.1544477e+00  -7.0402899e-02
   2.1583578e+00  -6.5765977e-02
   2.1622678e+00  -6.3047287e-02
   2.1661779e+00  -6.2159312e-02
   2.1700880e+00  -6.7249961e-02
   2.1739980e+00  -6.6190997e-02
   2.1779081e+00  -6.9131561e-02
   2.1818182e+00  -6.2115876e-02
   2.1857283e+00  -6.7042426e-02
   2.1896383e+00  -6.3948770e-02
   2.1935484e+00  -6.5054861e-02
   2.1974585e+00  -6.5902444e-02
   2.2013685e+00  -6.5138329e-02
   2.2052786e+00  -6.9813509e-02
   2.2091887e+00  -6.6697940e-02
   2.2130987e+00  -6.6690089e-02
   2.2170088e+00  -7.1915553e-02
   2.2209189e+00  -6.4887565e-02
   2.2248289e+00  -6.7803783e-02
   2.2287390e+00  -6.7530300e-02
   2.2326491e+00  -6.3455006e-02
   2.2365591e+00  -6.7589984e-02
   2.2404692e+00  -6.3255831e-02
   2.2443793e+00  -6.6824853e-02
   2.2482893e+00  -6.8311936e-02
   2.2521994e+00  -6.1022496e-02
   2.2561095e+00  -6.6482162e-02
   2.2600196e+00  -7.0108392e-02
   2.2639296e+00  -6.5244694e-02
   2.2678397e+00  -6.7318341e-02
   2.2717498e+00  -6.5555410e-02
   2.2756598e+00  -6.9303373e-02
   2.2795699e+00  -6.5399556e-02
   2.2834800e+00  -6.7305676e-02
   2.2873900e+00  -7.0290402e-02
   2.2913001e+00  -6.6320778e-02
   2.2952102e+00  -6.5782036e-02
   2.2991202e+00  -6.5320001e-02
   2.3030303e+00  -6.7104463e-02
   2.3069404e+00  -6.8126188e-02
   2.3108504e+00  -7.2200222e-02
   2.3147605e+00  -7.1695899e-02
   2.3186706e+00  -7.1650776e-02
   2.3225806e+00  -6.9057659e-02
   2.3264907e+00  -6.6295249e-02
   2.3304008e+00  -7.0520183e-02
   2.3343109e+00  -7.1845185e-02
   2.3382209e+00  -7.0113839e-02
   2.3421310e+00  -6.8786290e-02
   2.3460411e+00  -6.8069481e-02
   2.3499511e+00  -7.0840880e-02
   2.3538612e+00  -7.1709532e-02
   2.3577713e+00  -7.0304545e-02
   2.3616813e+00  -6.9303268e-02
   2.3655914e+00  -7.1285090e-02
   2.3695015e+00  -6.6970103e-02
   2.3734115e+00  -6.9337144e-02
   2.3773216e+00  -7.1151904e-02
   2.3812317e+00  -7.0977392e-02
   2.3851417e+00  -7.1647069e-02
   2.3890518e+00  -6.6749959e-02
   2.3929619e+00  -6.7708959e-02
   2.3968719e+00  -6.9787895e-02
   2.4007820e+00  -7.6462449e-02
   2.4046921e+00  -7.6724779e-02
   2.4086022e+00  -7.0155926e-02
   2.4125122e+00  -7.5280355e-02
   2.4164223e+00  -7.0844338e-02
   2.4203324e+00  -7.0584880e-02
   2.4242424e+00  -6.9355622e-02
   2.4281525e+00  -7.2024519e-02
   2.4320626e+00  -7.0443877e-02
   2.4359726e+00  -6.9056761e-02
   2.4398827e+00  -7.1776821e-02
   2.4437928e+00  -7.1056479e-02
   2.4477028e+00  -7.4068663e-02
   2.4516129e+00  -6.8089318e-02
   2.4555230e+00  -7.2933269e-02
   2.4594330e+00  -7.5377783e-02
   2.4633431e+00  -7.1245330e-02
   2.4672532e+00  -7.6489740e-02
   2.4711632e+00  -7.7108970e-02
   2.4750733e+00  -7.2281935e-02
   2.4789834e+00  -7.7502307e-02
   2.4828935e+00  -7.1079552e-02
   2.4868035e+00  -7.6763789e-02
   2.4907136e+00  -7.4762727e-02
   2.4946237e+00  -7.7320603e-02
   2.4985337e+00  -7.9028617e-02
   2.5024438e+00  -7.4952214e-02
   2.5063539e+00  -7.8116311e-02
   2.5102639e+00  -7.7801663e-02
   2.5141740e+00  -7.3444860e-02
   2.5180841e+00  -7.3743494e-02
   2.5219941e+00  -7.8359667e-02
   2.5259042e+00  -7.4277616e-02
   2.5298143e+00  -7.7370796e-02
   2.5337243e+00  -7.7690233e-02
   2.5376344e+00  -7.6710806e-02
   2.5415445e+00  -7.9086372e-02
   2.5454545e+00  -7.6606721e-02
   2.5493646e+00  -7.7911800e-02
   2.5532747e+00  -7.8133670e-02
   2.5571848e+00  -7.6712913e-02
   2.5610948e+00  -8.1409908e-02
   2.5650049e+00  -7.8009377e-02
   2.5689150e+00  -8.0927471e-02
   2.5728250e+00  -8.0173712e-02
   2.5767351e+00  -7.7804691e-02
   2.5806452e+00  -7.8400591e-02
   2.5845552e+00  -8.1413660e-02
   2.5884653e+00  -7.8658367e-02
   2.5923754e+00  -8.1217745e-02
   2.5962854e+00  -7.8846002e-02
   2.6001955e+00  -8.1854827e-02
   2.6041056e+00  -7.7303850e-02
   2.6080156e+00  -8.4278388e-02
   2.6119257e+00  -8.1881966e-02
   2.6158358e+00  -8.2580543e-02
   2.6197458e+00  -8.1426960e-02
   2.6236559e+00  -8.7306854e-02
   2.6275660e+00  -8.2059573e-02
   2.6314761e+00  -8.0334357e-02
   2.6353861e+00  -8.2458029e-02
   2.6392962e+00  -8.5179218e-02
   2.6432063e+00  -8.2601655e-02
   2.6471163e+00  -8.5698074e-02
   2.6510264e+00  -8.5105187e-02
   2.6549365e+00  -8.4538680e-02
   2.6588465e+00  -8.6136327e-02
   2.6627566e+00  -8.4075520e-02
   2.6666667e+00  -8.3569895e-02
   2.6705767e+00  -8.6424266e-02
   2.6744868e+00  -8.1943721e-02
   2.6783969e+00  -8.5024570e-02
   2.6823069e+00  -8.6265523e-02
   2.6862170e+00  -8.7499119e-02
   2.6901271e+00  -8.5056460e-02
   2.6940371e+00  -8.7430560e-02
   2.6979472e+00  -8.9338817e-02
   2.7018573e+00  -8.8663831e-02
   2.7057674e+00  -8.6136278e-02
   2.7096774e+00  -9.1309086e-02
   2.7135875e+00  -8.7122600e-02
   2.7174976e+00  -8.7122351e-02
   2.7214076e+00  -9.0210284e-02
   2.7253177e+00  -9.1277773e-02
   2.7292278e+00  -8.9469272e-02
   2.7331378e+00  -9.4023390e-02
   2.7370479e+00  -9.4892586e-02
   2.7409580e+00  -9.5118287e-02
   2.7448680e+00  -9.0552040e-02
   2.7487781e+00  -9.1629637e-02
   2.7526882e+00  -9.0812094e-02
   2.7565982e+00  -9.6124932e-02
   2.7605083e+00  -9.3616783e-02
   2.7644184e+00  -9.6076845e-02
   2.7683284e+00  -9.3861799e-02
   2.7722385e+00  -9.4448042e-02
   2.7761486e+00  -9.6995152e-02
   2.7800587e+00  -9.7340366e-02
   2.7839687e+00  -9.6262790e-02
   2.7878788e+00  -9.5709669e-02
   2.7917889e+00  -9.7092675e-02
   2.7956989e+00  -1.0052548e-01
   2.7996090e+00  -9.7306022e-02
   2.8035191e+00  -9.5604696e-02
   2.8074291e+00  -9.5988618e-02
   2.8113392e+00  -1.0206162e-01
   2.8152493e+00  -9.8653596e-02
   2.8191593e+00  -1.0274137e-01
   2.8230694e+00  -1.0371550e-01
   2.8269795e+00  -1.0137123e-01
   2.8308895e+00  -1.0488154e-01
   2.8347996e+00  -1.0432481e-01
   2.8387097e+00  -1.0474304e-01
   2.8426197e+00  -1.0372078e-01
   2.8465298e+00  -1.0487482e-01
   2.8504399e+00  -1.0322177e-01
   2.8543500e+00  -1.0607924e-01
   2.8582600e+00  -1.0165832e-01
   2.8621701e+00  -1.0519920e-01
   2.8660802e+00  -1.0567461e-01
   2.8699902e+00  -1.0649702e-01
   2.8739003e+00  -1.0673695e-01
   2.8778104e+00  -1.1125920e-01
   2.8817204e+00  -1.0669627e-01
   2.8856305e+00  -1.0713703e-01
   2.8895406e+00  -1.1308233e-01
   2.8934506e+00  -1.1055479e-01
   2.8973607e+00  -1.0888448e-01
   2.9012708e+00  -1.0794883e-01
   2.9051808e+00  -1.1161614e-01
   2.9090909e+00  -1.1254047e-01
   2.9130010e+00  -1.1239336e-01
   2.9169110e+00  -1.1528119e-01
   2.9208211e+00  -1.1168230e-01
   2.9247312e+00  -1.1291602e-01
   2.9286413e+00  -1.0930092e-01
   2.9325513e+00  -1.1684142e-01
   2.9364614e+00  -1.1614083e-01
   2.9403715e+00  -1.1733082e-01
   2.9442815e+00  -1.1924866e-01
   2.9481916e+00  -1.1739662e-01
   2.9521017e+00  -1.2212826e-01
   2.9560117e+00  -1.1753611e-01
   2.9599218e+00  -1.1863033e-01
   2.9638319e+00  -1.2072114e-01
   2.9677419e+00  -1.2049624e-01
   2.9716520e+00  -1.2494594e-01
   2.9755621e+00  -1.2350848e-01
   2.9794721e+00  -1.2744571e-01
   2.9833822e+00  -1.2293872e-01
   2.9872923e+00  -1.2556226e-01
   2.9912023e+00  -1.2812189e-01
   2.9951124e+00  -1.2496628e-01
   2.9990225e+00  -1.2736104e-01
   3.0029326e+00  -1.2903880e-01
   3.0068426e+00  -1.2847565e-01
   3.0107527e+00  -1.2627340e-01
   3.0146628e+00  -1.3031313e-01
   3.0185728e+00  -1.2999826e-01
   3.0224829e+00  -1.3193475e-01
   3.0263930e+00  -1.3640371e-01
   3.0303030e+00  -1.2697914e-01
   3.0342131e+00  -1.3565471e-01
   3.0381232e+00  -1.3727635e-01
   3.0420332e+00  -1.3463234e-01
   3.0459433e+00  -1.3635107e-01
   3.0498534e+00  -1.4116948e-01
   3.0537634e+00  -1.3842773e-01
   3.0576735e+00  -1.3834609e-01
   3.0615836e+00  -1.3794891e-01
   3.0654936e+00  -1.3664534e-01
   3.0694037e+00  -1.4614379e-01
   3.0733138e+00  -1.3876671e-01
   3.0772239e+00  -1.4332113e-01
   3.0811339e+00  -1.4565281e-01
   3.0850440e+00  -1.4521362e-01
   3.0889541e+00  -1.4669170e-01
   3.0928641e+00  -1.4681950e-01
   3.0967742e+00  -1.5014824e-01
   3.1006843e+00  -1.5200643e-01
   3.1045943e+00  -1.4924228e-01
   3.1085044e+00  -1.4863346e-01
   3.1124145e+00  -1.5150888e-01
   3.1163245e+00  -1.5254707e-01
   3.1202346e+00  -1.5416069e-01
   3.1241447e+00  -1.5491082e-01
   3.1280547e+00  -1.5116813e-01
   3.1319648e+00  -1.5569121e-01
   3.1358749e+00  -1.5648033e-01
   3.1397849e+00  -1.5922244e-01
   3.1436950e+00  -1.5896245e-01
   3.1476051e+00  -1.6169705e-01
   3.1515152e+00  -1.6143381e-01
   3.1554252e+00  -1.6291289e-01
   3.1593353e+00  -1.6630038e-01
   3.1632454e+00  -1.6879296e-01
   3.1671554e+00  -1.6827580e-01
   3.1710655e+00  -1.6841175e-01
   3.1749756e+00  -1.6898346e-01
   3.1788856e+00  -1.7300855e-01
   3.1827957e+00  -1.7053731e-01
   3.1867058e+00  -1.7462477e-01
   3.1906158e+00  -1.7649038e-01
   3.1945259e+00  -1.7742847e-01
   3.1984360e+00  -1.7777613e-01
   3.2023460e+00  -1.7754222e-01
   3.2062561e+00  -1.7594018e-01
   3.2101662e+00  -1.8610437e-01
   3.2140762e+00  -1.8493432e-01
   3.2179863e+00  -1.8373119e-01
   3.2218964e+00  -1.7786824e-01
   3.2258065e+00  -1.8806043e-01
   3.2297165e+00  -1.8653623e-01
   3.2336266e+00  -1.9550145e-01
   3.2375367e+00  -1.9333640e-01
   3.2414467e+00  -1.9335213e-01
   3.2453568e+00  -1.9748782e-01
   3.2492669e+00  -1.9651771e-01
   3.2531769e+00  -1.9897347e-01
   3.2570870e+00  -1.9871660e-01
   3.2609971e+00  -2.0250087e-01
   3.2649071e+00  -2.0480558e-01
   3.2688172e+00  -2.0378567e-01
   3.2727273e+00  -2.0342860e-01
   3.2766373e+00  -2.1279351e-01
   3.2805474e+00  -2.1453365e-01
   3.2844575e+00  -2.1222461e-01
   3.2883675e+00  -2.0853329e-01
   3.2922776e+00  -2.0776253e-01
   3.2961877e+00  -2.1615519e-01
   3.3000978e+00  -2.1815160e-01
   3.3040078e+00  -2.2283649e-01
   3.3079179e+00  -2.1800917e-01
   3.3118280e+00  -2.2900038e-01
   3.3157380e+00  -2.2518536e-01
   3.3196481e+00  -2.2492524e-01
   3.3235582e+00  -2.3016957e-01
   3.3274682e+00  -2.3056545e-01
   3.3313783e+00  -2.3096207e-01
   3.3352884e+00  -2.3312426e-01
   3.3391984e+00  -2.3287482e-01
   3.3431085e+00  -2.3892632e-01
   3.3470186e+00  -2.4330784e-01
   3.3509286e+00  -2.4284284e-01
   3.3548387e+00  -2.4758670e-01
   3.3587488e+00  -2.4667523e-01
   3.3626588e+00  -2.5221436e-01
   3.3665689e+00  -2.4955962e-01
   3.3704790e+00  -2.5647157e-01
   3.3743891e+00  -2.5667352e-01
   3.3782991e+00  -2.6100858e-01
   3.3822092e+00  -2.5935661e-01
   3.3861193e+00  -2.6010583e-01
   3.3900293e+00  -2.6702347e-01
   3.3939394e+00  -2.6356085e-01
   3.3978495e+00  -2.7101121e-01
   3.4017595e+00  -2.7896190e-01
   3.4056696e+00  -2.7456390e-01
   3.4095797e+00  -2.8060228e-01
   3.4134897e+00  -2.8371792e-01
   3.4173998e+00  -2.8045628e-01
   3.4213099e+00  -2.9030820e-01
   3.4252199e+00  -2.8805283e-01
   3.4291300e+00  -2.9359061e-01
   3.4330401e+00  -2.9518416e-01
   3.4369501e+00  -3.0359093e-01
   3.4408602e+00  -3.0034627e-01
   3.4447703e+00  -3.0451972e-01
   3.4486804e+00  -3.1126972e-01
   3.4525904e+00  -3.1351650e-01
   3.4565005e+00  -3.1829205e-01
   3.4604106e+00  -3.1690671e-01
   3.4643206e+00  -3.1711072e-01
   3.4682307e+00  -3.2319934e-01
   3.4721408e+00  -3.3176089e-01
   3.4760508e+00  -3.2877630e-01
   3.4799609e+00  -3.3630891e-01
   3.4838710e+00  -3.3778192e-01
   3.4877810e+00  -3.3796045e-01
   3.4916911e+00  -3.4800228e-01
   3.4956012e+00  -3.4543742e-01
   3.4995112e+00  -3.5542405e-01
   3.5034213e+00  -3.5698746e-01
   3.5073314e+00  -3.6031371e-01
   3.5112414e+00  -3.6150999e-01
   3.5151515e+00  -3.6785100e-01
   3.5190616e+00  -3.6589724e-01
   3.5229717e+00  -3.7586844e-01
   3.5268817e+00  -3.7829597e-01
   3.5307918e+00  -3.8137458e-01
   3.5347019e+00  -3.8532609e-01
   3.5386119e+00  -3.9241536e-01
   3.5425220e+00  -3.9509308e-01
   3.5464321e+00  -3.9552019e-01
   3.5503421e+00  -4.0490450e-01
   3.5542522e+00  -4.0921387e-01
   3.5581623e+00  -4.1350458e-01
   3.5620723e+00  -4.1497302e-01
   3.5659824e+00  -4.1966384e-01
   3.5698925e+00  -4.2418203e-01
   3.5738025e+00  -4.3212645e-01
   3.5777126e+00  -4.3483319e-01
   3.5816227e+00  -4.4033989e-01
   3.5855327e+00  -4.5051232e-01
   3.5894428e+00  -4.5021473e-01
   3.5933529e+00  -4.6089714e-01
   3.5972630e+00  -4.6250776e-01
   3.6011730e+00  -4.6836266e-01
   3.6050831e+00  -4.6970148e-01
   3.6089932e+00  -4.7912925e-01
   3.6129032e+00  -4.8039144e-01
   3.6168133e+00  -4.8622015e-01
   3.6207234e+00  -4.9793066e-01
   3.6246334e+00  -4.9504734e-01
   3.6285435e+00  -5.0866482e-01
   3.6324536e+00  -5.1572248e-01
   3.6363636e+00  -5.1869880e-01
   3.6402737e+00  -5.2200324e-01
   3.6441838e+00  -5.3435496e-01
   3.6480938e+00  -5.4258528e-01
   3.6520039e+00  -5.4116030e-01
   3.6559140e+00  -5.5309381e-01
   3.6598240e+00  -5.5245829e-01
   3.6637341e+00  -5.6531387e-01
   3.6676442e+00  -5.6752920e-01
   3.6715543e+00  -5.7438607e-01
   3.6754643e+00  -5.8769292e-01
   3.6793744e+00  -5.9137798e-01
   3.6832845e+00  -6.0347807e-01
   3.6871945e+00  -6.0340270e-01
   3.6911046e+00  -6.1345920e-01
   3.6950147e+00  -6.2615825e-01
   3.6989247e+00  -6.3778234e-01
   3.7028348e+00  -6.3884200e-01
   3.7067449e+00  -6.4307092e-01
   3.7106549e+00  -6.5465089e-01
   3.7145650e+00  -6.6416477e-01
   3.7184751e+00  -6.6867133e-01
   3.7223851e+00  -6.8034879e-01
   3.7262952e+00  -6.8796208e-01
   3.7302053e+00  -7.0023711e-01
   3.7341153e+00  -7.0860790e-01
   3.7380254e+00  -7.1877211e-01
   3.7419355e+00  -7.3242677e-01
   3.7458456e+00  -7.4547059e-01
   3.7497556e+00  -7.4343881e-01
   3.7536657e+00  -7.6133340e-01
   3.7575758e+00  -7.6600498e-01
   3.7614858e+00  -7.8456781e-01
   3.7653959e+00  -7.9482578e-01
   3.7693060e+00  -8.0268292e-01
   3.7732160e+00  -8.1708873e-01
   3.7771261e+00  -8.2824399e-01
   3.7810362e+00  -8.3457373e-01
   3.7849462e+00  -8.4339519e-01
   3.7888563e+00  -8.6208268e-01
   3.7927664e+00  -8.6729614e-01
   3.7966764e+00  -8.8438733e-01
   3.8005865e+00  -8.9431396e-01
   3.8044966e+00  -9.1550125e-01
   3.8084066e+00  -9.1284769e-01
   3.8123167e+00  -9.2809370e-01
   3.8162268e+00  -9.4326188e-01
   3.8201369e+00  -9.5967686e-01
   3.8240469e+00  -9.7917456e-01
   3.8279570e+00  -9.8815058e-01
   3.8318671e+00  -1.0044727e+00
   3.8357771e+00  -1.0205579e+00
   3.8396872e+00  -1.0316755e+00
   3.8435973e+00  -1.0457465e+00
   3.8475073e+00  -1.0623901e+00
   3.8514174e+00  -1.0729917e+00
   3.8553275e+00  -1.0996127e+00
   3.8592375e+00  -1.1107112e+00
   3.8631476e+00  -1.1326990e+00
   3.8670577e+00  -1.1442592e+00
   3.8709677e+00  -1.1684284e+00
   3.8748778e+00  -1.1800221e+00
   3.8787879e+00  -1.2007687e+00
   3.8826979e+00  -1.2211489e+00
   3.8866080e+00  -1.2285094e+00
   3.8905181e+00  -1.2565508e+00
   3.8944282e+00  -1.2752624e+00
   3.8983382e+00  -1.2880406e+00
   3.9022483e+00  -1.3120289e+00
   3.9061584e+00  -1.3297591e+00
   3.9100684e+00  -1.3522948e+00
   3.9139785e+00  -1.3760089e+00
   3.9178886e+00  -1.3953695e+00
   3.9217986e+00  -1.4262129e+00
   3.9257087e+00  -1.4431762e+00
   3.9296188e+00  -1.4623393e+00
   3.9335288e+00  -1.4941204e+00
   3.9374389e+00  -1.5129478e+00
   3.9413490e+00  -1.5337505e+00
   3.9452590e+00  -1.5623765e+00
   3.9491691e+00  -1.5867314e+00
   3.9530792e+00  -1.6130427e+00
   3.9569892e+00  -1.6431809e+00
   3.9608993e+00  -1.6695582e+00
   3.9648094e+00  -1.6978198e+00
   3.9687195e+00  -1.7100083e+00
   3.9726295e+00  -1.7424171e+00
   3.9765396e+00  -1.7720302e+00
   3.9804497e+00  -1.7927890e+00
   3.9843597e+00  -1.8091659e+00
   3.9882698e+00  -1.8369862e+00
   3.9921799e+00  -1.8299083e+00
   3.9960899e+00  -1.7665891e+00
   4.0000000e+00  -3.2689905e-05
