-0.50000427124905
-0.47892055494319
-0.45977314265219
-0.44223447159573
-0.42605397894263
-0.41103679583231
-0.39702888164704
-0.38390654467767
-0.37156897396442
-0.35993285580946
-0.34892844660745
-0.3384966727966
-0.3285869625249
-0.31915560405883
-0.31016448748824
-0.30158012843402
-0.29337290155887
-0.2855164319193
-0.27798710638954
-0.27076367742636
-0.26382693860657
-0.25715945652601
-0.25074534739641
-0.24457008942502
-0.23862036409679
-0.23288392099936
-0.22734946197789
-0.22200654127925
-0.21684547901534
-0.21185728579382
-0.20703359676981
-0.20236661369078
-0.19784905376
-0.19347410434543
-0.18923538272398
-0.1851269001821
-0.18114302990151
-0.17727847814606
-0.17352825833892
-0.16988766767867
-0.1663522659935
-0.16291785657401
-0.15958046876098
-0.15633634209352
-0.15318191184878
-0.15011379582566
-0.14712878224316
-0.14422381864009
-0.14139600167609
-0.13864256774576
-0.13596088432778
-0.13334844199968
-0.13080284705668
-0.12832181467949
-0.12590316260211
-0.12354480523551
-0.12124474820793
-0.11900108328612
-0.11681198364587
-0.11467569946277
-0.11259055379743
-0.1105549387514
-0.10856731187258
-0.10662619279079
-0.10473016006564
-0.10287784823095
-0.10106794502092
-0.09929918876471
-0.097570365937246
-0.095880308855092
-0.094227893507095
-0.092612037510433
-0.091031698183418
-0.089485870727118
-0.087973586508469
-0.086493911438155
-0.085045944437019
-0.083628815985269
-0.082241686749172
-0.080883746280304
-0.079554211782827
-0.078252326944554
-0.076977360827901
-0.075728606817076
-0.074505381618134
-0.073307024308757
-0.072132895434817
-0.070982376151019
-0.069854867403054
-0.068749789148916
-0.067666579617149
-0.066604694599961
-0.065563606779275
-0.064542805083896
-0.063541794076108
-0.062560093366102
-0.061597237052762
-0.06065277318939
-0.059726263273081
-0.058817281756502
-0.057925415580922
-0.057050263729404
-0.056191436799141
-0.055348556591962
-0.054521255722108
-0.053709177240419
-0.052911974274132
-0.052129309681518
-0.051360855720652
-0.050606293731626
-0.049865313831585
-0.049137614621949
-0.048422902907286
-0.04772089342526
-0.047031308587172
-0.046353878228583
-0.04568833936958
-0.045034435984236
-0.044391918778863
-0.04376054497865
-0.043140078122335
-0.042530287864546
-0.041930949785473
-0.041341845207571
-0.040762761018965
-0.040193489503302
-0.039633828175743
-0.039083579624869
-0.038542551360225
-0.038010555665282
-0.0374874094556
-0.036972934141951
-0.036466955498235
-0.035969303533964
-0.035479812371149
-0.034998320125403
-0.034524668791102
-0.034058704130427
-0.033600275566155
-0.033149236078039
-0.032705442102634
-0.032268753436453
-0.031839033142305
-0.031416147458706
-0.030999965712242
-0.030590360232779
-0.030187206271396
-0.029790381920961
-0.029399768039236
-0.029015248174424
-0.028636708493069
-0.028264037710218
-0.027897127021772
-0.027535870038932
-0.027180162724681
-0.026829903332221
-0.026484992345292
-0.026145332420317
-0.025810828330294
-0.025481386910391
-0.025156917005169
-0.024837329417389
-0.024522536858337
-0.024212453899623
-0.023906996926407
-0.023606084091985
-0.023309635273714
-0.023017572030212
-0.022729817559799
-0.022446296660136
-0.02216693568902
-0.021891662526299
-0.021620406536875
-0.021353098534745
-0.021089670748062
-0.020830056785177
-0.020574191601625
-0.020322011468032
-0.020073453938914
-0.019828457822331
-0.019586963150376
-0.019348911150479
-0.019114244217475
-0.018882905886454
-0.018654840806319
-0.018429994714076
-0.0182083144098
-0.017989747732276
-0.017774243535282
-0.017561751664505
-0.017352222935065
-0.017145609109622
-0.016941862877069
-0.016740937831766
-0.016542788453325
-0.016347370086907
-0.016154638924037
-0.015964551983904
-0.015777067095142
-0.015592142878073
-0.015409738727401
-0.015229814795346
-0.015052331975204
-0.014877251885307
-0.014704536853404
-0.014534149901412
-0.014366054730559
-0.014200215706886
-0.014036597847111
-0.013875166804837
-0.0137158888571
-0.013558730891243
-0.01340366039211
-0.013250645429548
-0.013099654646212
-0.012950657245665
-0.01280362298076
-0.012658522142298
-0.012515325547964
-0.012374004531513
-0.012234530932223
-0.012096877084589
-0.011961015808262
-0.011826920398225
-0.011694564615193
-0.011563922676239
-0.01143496924564
-0.01130767942593
-0.01118202874916
-0.01105799316836
-0.010935549049193
-0.010814673161806
-0.010695342672857
-0.01057753513773
-0.010461228492922
-0.010346401048603
-0.010233031481341
-0.010121098826993
-0.010010582473752
-0.0099014621553483
-0.0097937179444038
-0.0096873302459299
-0.0095822797909728
-0.0094785476303941
-0.0093761151287903
-0.0092749639585452
-0.009175076094009
-0.0090764338058077
-0.0089790196552719
-0.0088828164889888
-0.0087878074334686
-0.0086939758899288
-0.0086013055291864
-0.0085097802866617
-0.0084193843574864
-0.0083301021917182
-0.0082419184896535
-0.0081548181972398
-0.0080687865015872
-0.0079838088265697
-0.0078998708285222
-0.0078169583920248
-0.0077350576257768
-0.0076541548585542
-0.007574236635252
-0.0074952897130088
-0.0074173010574095
-0.0073402578387672
-0.0072641474284815
-0.0071889573954657
-0.007114675502659
-0.0070412897035971
-0.0069687881390574
-0.0068971591337724
-0.0068263911932087
-0.0067564730004088
-0.006687393412902
-0.0066191414596678
-0.0065517063381688
-0.0064850774114371
-0.006419244205221
-0.0063541964051873
-0.0062899238541792
-0.0062264165495274
-0.006163664640415
-0.0061016584252938
-0.0060403883493505
-0.0059798450020231
-0.0059200191145656
-0.0058609015576589
-0.0058024833390692
-0.005744755601351
-0.0056877096195949
-0.0056313367992179
-0.0055756286737969
-0.0055205769029426
-0.0054661732702155
-0.0054124096810804
-0.0053592781609002
-0.0053067708529675
-0.0052548800165743
-0.0052035980251168
-0.0051529173642369
-0.0051028306299987
-0.0050533305270981
-0.0050044098671074
-0.0049560615667516
-0.0049082786462173
-0.0048610542274928
-0.004814381532739
-0.0047682538826908
-0.0047226646950881
-0.0046776074831352
-0.0046330758539885
-0.0045890635072729
-0.0045455642336246
-0.0045025719132605
-0.0044600805145746
-0.0044180840927586
-0.004376576788449
-0.0043355528263976
-0.0042950065141669
-0.004254932240849
-0.004215324475807
-0.0041761777674396
-0.0041374867419675
-0.004099246102243
-0.0040614506265782
-0.0040240951675972
-0.0039871746511063
-0.0039506840749864
-0.0039146185081033
-0.0038789730892383
-0.0038437430260381
-0.0038089235939824
-0.0037745101353701
-0.003740498058324
-0.0037068828358116
-0.0036736600046851
-0.0036408251647361
-0.0036083739777687
-0.0035763021666881
-0.0035446055146039
-0.0035132798639525
-0.0034823211156302
-0.0034517252281454
-0.0034214882167834
-0.0033916061527855
-0.0033620751625441
-0.0033328914268108
-0.0033040511799162
-0.0032755507090074
-0.0032473863532947
-0.0032195545033135
-0.0031920516001982
-0.0031648741349686
-0.0031380186478286
-0.0031114817274772
-0.0030852600104303
-0.0030593501803559
-0.0030337489674191
-0.0030084531476389
-0.0029834595422555
-0.0029587650171094
-0.0029343664820306
-0.0029102608902373
-0.0028864452377464
-0.0028629165627926
-0.002839671945259
-0.0028167085061153
-0.0027940234068674
-0.002771613849015
-0.0027494770735196
-0.0027276103602808
-0.0027060110276209
-0.0026846764317796
-0.0026636039664167
-0.0026427910621224
-0.0026222351859372
-0.0026019338408791
-0.0025818845654788
-0.0025620849333234
-0.0025425325526072
-0.0025232250656904
-0.0025041601486652
-0.0024853355109292
-0.0024667488947661
-0.0024483980749332
-0.0024302808582572
-0.0024123950832346
-0.0023947386196407
-0.002377309368145
-0.0023601052599319
-0.0023431242563302
-0.0023263643484457
-0.0023098235568035
-0.0022934999309937
-0.0022773915493248
-0.002261496518482
-0.0022458129731921
-0.002230339075894
-0.002215073016414
-0.0022000130116483
-0.0021851573052494
-0.002170504167319
-0.0021560518941055
-0.0021417988077074
-0.0021277432557812
-0.0021138836112551
-0.0021002182720462
-0.0020867456607857
-0.0020734642245454
-0.0020603724345706
-0.0020474687860187
-0.0020347517977007
-0.0020222200118281
-0.0020098719937648
-0.0019977063317817
-0.0019857216368183
-0.0019739165422461
-0.0019622897036377
-0.0019508397985402
-0.0019395655262515
-0.001928465607602
-0.0019175387847397
-0.0019067838209195
-0.0018961995002957
-0.0018857846277198
-0.0018755380285412
-0.0018654585484106
-0.0018555450530902
-0.0018457964282636
-0.0018362115793533
-0.001826789431338
-0.0018175289285765
-0.0018084290346337
-0.0017994887321093
-0.001790707022472
-0.0017820829258953
-0.0017736154810965
-0.0017653037451809
-0.0017571467934868
-0.0017491437194358
-0.0017412936343847
-0.0017335956674814
-0.0017260489655239
-0.0017186526928211
-0.0017114060310588
-0.0017043081791675
-0.0016973583531917
-0.0016905557861658
-0.0016838997279885
-0.0016773894453038
-0.0016710242213828
-0.001664803356009
-0.0016587261653653
-0.0016527919819258
-0.0016470001543488
-0.0016413500473725
-0.0016358410417137
-0.0016304725339704
-0.0016252439365241
-0.0016201546774477
-0.0016152042004141
-0.001610391964608
-0.0016057174446409
-0.0016011801304667
-0.0015967795273025
-0.0015925151555491
-0.0015883865507162
-0.0015843932633486
-0.001580534858956
-0.0015768109179433
-0.0015732210355465
-0.001569764821767
-0.0015664419013119
-0.0015632519135344
-0.0015601945123767
-0.0015572693663171
-0.0015544761583168
-0.0015518145857704
-0.0015492843604595
-0.0015468852085064
-0.0015446168703316
-0.0015424791006139
-0.0015404716682513
-0.0015385943563251
-0.0015368469620661
-0.0015352292968234
-0.001533741186034
-0.0015323824691962
-0.0015311529998447
-0.0015300526455278
-0.0015290812877858
-0.001528238822134
-0.0015275251580453
-0.0015269402189368
-0.0015264839421575
-0.0015261562789786
-0.0015259571945858
-0.0015258866680749
-0.0015259446924467
-0.0015261312746074
-0.0015264464353694
-0.0015268902094538
-0.0015274626454969
-0.0015281638060572
-0.0015289937676249
-0.0015299526206348
-0.0015310404694787
-0.0015322574325234
-0.0015336036421283
-0.0015350792446659
-0.0015366844005456
-0.0015384192842369
-0.0015402840842984
-0.0015422790034069
-0.0015444042583879
-0.001546660080251
-0.0015490467142242
-0.0015515644197948
-0.0015542134707466
-0.0015569941552062
-0.0015599067756858
-0.0015629516491309
-0.0015661291069709
-0.0015694394951701
-0.0015728831742825
-0.0015764605195081
-0.0015801719207522
-0.0015840177826859
-0.0015879985248108
-0.0015921145815246
-0.0015963664021887
-0.0016007544512007
-0.001605279208066
-0.0016099411674746
-0.0016147408393788
-0.0016196787490741
-0.0016247554372823
-0.0016299714602365
-0.0016353273897706
-0.0016408238134093
-0.0016464613344615
-0.0016522405721161
-0.0016581621615411
-0.0016642267539847
-0.001670435016879
-0.0016767876339467
-0.0016832853053105
-0.0016899287476054
-0.0016967186940933
-0.0017036558947811
-0.0017107411165404
-0.0017179751432318
-0.0017253587758315
-0.0017328928325586
-0.0017405781490095
-0.001748415578292
-0.0017564059911634
-0.0017645502761722
-0.0017728493398022
-0.0017813041066198
-0.0017899155194253
-0.0017986845394059
-0.0018076121462931
-0.0018166993385233
-0.0018259471334013
-0.001835356567267
-0.0018449286956661
-0.001854664593524
-0.0018645653553233
-0.0018746320952842
-0.0018848659475492
-0.0018952680663711
-0.0019058396263052
-0.0019165818224034
-0.0019274958704157
-0.0019385830069906
-0.001949844489884
-0.001961281598169
-0.0019728956324509
-0.0019846879150867
-0.0019966597904062
-0.0020088126249416
-0.0020211478076565
-0.0020336667501825
-0.002046370887059
-0.002059261675977
-0.0020723405980282
-0.0020856091579578
-0.0020990688844226
-0.0021127213302531
-0.0021265680727208
-0.0021406107138102
-0.0021548508804949
-0.0021692902250207
-0.0021839304251907
-0.0021987731846578
-0.0022138202332219
-0.0022290733271319
-0.0022445342493928
-0.0022602048100791
-0.0022760868466532
-0.002292182224289
-0.002308492836202
-0.0023250206039842
-0.0023417674779459
-0.0023587354374626
-0.0023759264913279
-0.0023933426781139
-0.0024109860665355
-0.0024288587558232
-0.0024469628761011
-0.0024653005887721
-0.002483874086909
-0.0025026855956539
-0.0025217373726214
-0.0025410317083133
-0.0025605709265359
-0.0025803573848276
-0.0026003934748927
-0.002620681623042
-0.002641224290643
-0.0026620239745758
-0.0026830832076974
-0.0027044045593152
-0.0027259906356672
-0.0027478440804109
-0.0027699675751208
-0.0027923638397945
-0.0028150356333674
-0.0028379857542363
-0.0028612170407915
-0.00288473237196
-0.0029085346677544
-0.0029326268898363
-0.0029570120420845
-0.0029816931711759
-0.0030066733671766
-0.0030319557641411
-0.0030575435407237
-0.0030834399208007
-0.0031096481741018
-0.0031361716168533
-0.0031630136124334
-0.0031901775720375
-0.0032176669553556
-0.0032454852712613
-0.0032736360785139
-0.0033021229864716
-0.0033309496558167
-0.0033601197992954
-0.0033896371824705
-0.0034195056244813
-0.0034497289988289
-0.0034803112341637
-0.0035112563150923
-0.0035425682829984
-0.0035742512368766
-0.0036063093341825
-0.0036387467916972
-0.0036715678864062
-0.0037047769563962
-0.0037383784017661
-0.0037723766855539
-0.0038067763346822
-0.0038415819409174
-0.0038767981618506
-0.0039124297218916
-0.0039484814132824
-0.003984958097131
-0.0040218647044594
-0.0040592062372763
-0.0040969877696626
-0.0041352144488828
-0.0041738914965117
-0.0042130242095853
-0.0042526179617699
-0.0042926782045535
-0.0043332104684595
-0.0043742203642832
-0.0044157135843476
-0.0044576959037872
-0.0045001731818512
-0.0045431513632333
-0.0045866364794248
-0.004630634650094
-0.0046751520844892
-0.0047201950828702
-0.0047657700379643
-0.0048118834364518
-0.0048585418604763
-0.0049057519891863
-0.0049535206003041
-0.0050018545717237
-0.0050507608831421
-0.005100246617716
-0.0051503189637558
-0.0052009852164469
-0.005252252779607
-0.0053041291674753
-0.0053566220065365
-0.0054097390373796
-0.0054634881165921
-0.0055178772186913
-0.0055729144380923
-0.0056286079911142
-0.0056849662180254
-0.005741997585128
-0.0057997106868838
-0.0058581142480808
-0.0059172171260423
-0.0059770283128798
-0.0060375569377898
-0.0060988122693958
-0.0061608037181366
-0.006223540838702
-0.0062870333325165
-0.0063512910502729
-0.0064163239945159
-0.006482142322278
-0.0065487563477674
-0.0066161765451103
-0.0066844135511488
-0.0067534781682947
-0.0068233813674413
-0.0068941342909346
-0.0069657482556036
-0.007038234755855
-0.0071116054668285
-0.0071858722476189
-0.0072610471445622
-0.0073371423945921
-0.0074141704286635
-0.0074921438752486
-0.0075710755639051
-0.0076509785289179
-0.0077318660130184
-0.0078137514711805
-0.0078966485744973
-0.0079805712141386
-0.0080655335053919
-0.0081515497917908
-0.0082386346493281
-0.008326802890762
-0.008416069570011
-0.008506449986645
-0.0085979596904731
-0.008690614486229
-0.0087844304383579
-0.0088794238759073
-0.0089756113975253
-0.0090730098765648
-0.0091716364663032
-0.0092715086052729
-0.0093726440227115
-0.0094750607441311
-0.0095787770970106
-0.009683811716615
-0.0097901835519444
-0.009897911871814
-0.010007016271072
-0.010117516676959
-0.010229433355603
-0.01034278691867
-0.010457598330165
-0.010573888913375
-0.010691680357991
-0.010810994727372
-0.010931854465993
-0.011054282407053
-0.011178301780261
-0.01130393621981
-0.011431209772526
-0.011560146906213
-0.011690772518192
-0.011823111944044
-0.011957190966545
-0.012093035824836
-0.012230673223787
-0.012370130343601
-0.012511434849633
-0.012654614902458
-0.012799699168172
-0.012946716828942
-0.013095697593817
-0.013246671709794
-0.01339966997316
-0.013554723741108
-0.01371186494364
-0.013871126095761
-0.014032540309976
-0.014196141309097
-0.014361963439365
-0.014530041683911
-0.014700411676538
-0.014873109715865
-0.015048172779818
-0.015225638540495
-0.015405545379405
-0.015587932403099
-0.015772839459198
-0.01596030715284
-0.016150376863544
-0.01634309076252
-0.016538491830419
-0.016736623875557
-0.016937531552611
-0.017141260381811
-0.017347856768633
-0.017557368024026
-0.017769842385165
-0.017985329036769
-0.018203878132987
-0.018425540819877
-0.018650369258491
-0.018878416648589
-0.019109737252999
-0.019344386422652
-0.019582420622294
-0.01982389745692
-0.020068875698935
-0.020317415316076
-0.020569577500115
-0.020825424696369
-0.02108502063404
-0.021348430357423
-0.021615720257997
-0.021886958107438
-0.022162213091575
-0.022441555845337
-0.0227250584887
-0.023012794663694
-0.023304839572485
-0.023601270016576
-0.023902164437176
-0.024207602956751
-0.024517667421827
-0.024832441447071
-0.025152010460691
-0.025476461751224
-0.02580588451573
-0.026140369909469
-0.026480011097093
-0.026824903305421
-0.027175143877851
-0.02753083233046
-0.027892070409864
-0.028258962152896
-0.02863161394817
-0.029010134599602
-0.02939463539196
-0.029785230158514
-0.030182035350873
-0.030585170111089
-0.030994756346106
-0.031410918804657
-0.031833785156687
-0.032263486075419
-0.032700155322148
-0.033143929833872
-0.033594949813888
-0.034053358825448
-0.034519303888606
-0.034992935580392
-0.035474408138428
-0.035963879568145
-0.036461511753733
-0.036967470572985
-0.037481926016191
-0.038005052309255
-0.038537028041203
-0.039078036296279
-0.039628264790809
-0.040187906015048
-0.040757157380215
-0.041336221370944
-0.041925305703387
-0.042524623489214
-0.043134393405767
-0.043754839872649
-0.044386193235028
-0.045028689953957
-0.04568257280404
-0.046348091078757
-0.047025500803827
-0.047715064958951
-0.048417053708359
-0.049131744640539
-0.049859423017613
-0.050600382034802
-0.051354923090471
-0.052123356067261
-0.052905999624864
-0.053703181504988
-0.054515238849147
-0.055342518529885
-0.056185377496144
-0.057044183133463
-0.057919313639793
-0.058811158417721
-0.05972011848396
-0.060646606897019
-0.061591049204007
-0.062553883907606
-0.063535562954287
-0.064536552244941
-0.065557332169149
-0.0665983981644
-0.067660261301659
-0.068743448898773
-0.069848505163304
-0.070975991866476
-0.072126489050064
-0.073300595768142
-0.074498930865772
-0.075722133796845
-0.076970865483443
-0.078245809219276
-0.079547671619896
-0.08087718362265
-0.082235101539484
-0.083622208165994
-0.085039313950362
-0.08648725822608
-0.087966910512696
-0.08947917188912
-0.091024976444424
-0.092605292811425
-0.094221125788807
-0.095873518058008
-0.097563552001602
-0.099292351630488
-0.10106108462785
-0.10287096451851
-0.10472325297306
-0.10661926225704
-0.10856035783638
-0.11054796115119
-0.11258355257142
-0.11466867454888
-0.11680493498178
-0.11899401080926
-0.12123765185544
-0.12353768494428
-0.12589601830875
-0.12831464632036
-0.13079565456787
-0.13334122531701
-0.13595364338679
-0.13863530248173
-0.14138871202402
-0.1442165045347
-0.14712144361891
-0.15010643261673
-0.15317452398906
-0.15632892951662
-0.15957303140025
-0.16291039436249
-0.16634477886396
-0.16988015556361
-0.17352072117051
-0.17727091585623
-0.18113544242186
-0.18511928744397
-0.18922774465839
-0.19346644088313
-0.19784136483141
-0.20235889922606
-0.20702585669879
-0.21184952004604
-0.21683768752002
-0.22199872396532
-0.22734161877397
-0.23287605183375
-0.23861246889747
-0.24456216811968
-0.2507373999124
-0.25715148279035
-0.26381893854597
-0.2707556509672
-0.27797905345786
-0.28550835244082
-0.29336479545895
-0.30157199563769
-0.31015632792018
-0.31914741764335
-0.32857874918598
-0.33848843245782
-0.34892017919203
-0.35992456124022
-0.37156065216381
-0.38389819556769
-0.3970205051493
-0.41102839186796
-0.42604554743231
-0.44222601245962
-0.45976465580989
-0.4789120403137
-0.49999572875068
