-0.50000000130287
-0.45233877053525
-0.4093218627188
-0.37048679072013
-0.33541811223126
-0.30374254388425
-0.2751245931683
-0.2492626521799
-0.22588550340401
-0.2047491931993
-0.1856342335219
-0.16834309674036
-0.15269797223108
-0.13853875685347
-0.12572125443557
-0.11411556209658
-0.10360462363104
-0.09408293231296
-0.085455367377658
-0.077636150129569
-0.070547907130481
-0.064120829263727
-0.058291916665265
-0.053004300577817
-0.048206634134053
-0.043852544921785
-0.039900142939696
-0.036311578226278
-0.033052643046368
-0.030092414056808
-0.027402930352481
-0.024958903722396
-0.022737457828384
-0.020717893361024
-0.018881476533315
-0.017211248546086
-0.015691853903692
-0.014309385677423
-0.013051246009848
-0.011906020328592
-0.010863363894993
-0.0099138994536175
-0.0090491248745162
-0.0082613297928907
-0.0075435203519707
-0.0068893512454947
-0.0062930643374867
-0.0057494332099008
-0.0052537130540951
-0.0048015953807851
-0.0043891670757899
-0.0040128733761763
-0.0036694843838734
-0.0033560647719667
-0.0030699463731587
-0.0028087033706801
-0.0025701298396137
-0.0023522194114932
-0.0021531468574158
-0.0019712514050522
-0.0018050216230422
-0.0016530817225882
-0.0015141791407125
-0.0013871732828844
-0.0012710253145985
-0.0011647889022381
-0.0010676018131792
-0.00097867829383115
-0.00089730215213379
-0.00082282047812047
-0.00075463794252514
-0.00069221161917904
-0.00063504628212584
-0.00058269013307673
-0.00053473091905418
-0.00049079240389185
-0.00045053116071095
-0.00041363365560206
-0.00037981359556106
-0.00034880951626933
-0.00032038258760641
-0.00029431461686038
-0.00027040623148349
-0.00024847522493535
-0.00022835505069765
-0.00020989345093162
-0.00019295120751047
-0.00017740100429638
-0.00016312639056667
-0.00015002083642291
-0.0001379868718657
-0.00012693530198695
-0.0001167844914171
-0.00010745971180741
-9.8892546683325e-05
-9.1020348534542e-05
-8.3785743468291e-05
-7.7136179181406e-05
-7.1023512395575e-05
-6.5403632239862e-05
-6.0236116396777e-05
-5.5483917104761e-05
-5.1113074378806e-05
-4.7092454045852e-05
-4.3393508407616e-05
-3.9990057542105e-05
-3.6858089429755e-05
-3.397557725598e-05
-3.1322312386154e-05
-2.8879751644347e-05
-2.6630877649447e-05
-2.4560071070977e-05
-2.2652993770403e-05
-2.0896481881669e-05
-1.9278447973773e-05
-1.7787791506071e-05
-1.6414316863668e-05
-1.5148658319599e-05
-1.3982211330204e-05
-1.2907069609178e-05
-1.1915967502776e-05
-1.1002227197812e-05
-1.0159710355816e-05
-9.3827737957555e-06
-8.6662288784207e-06
-8.0053042795418e-06
-7.3956118645735e-06
-6.8331154004831e-06
-6.3141018649763e-06
-5.835155136009e-06
-5.3931318573655e-06
-4.9851393002485e-06
-4.6085150509156e-06
-4.2608083719184e-06
-3.939763098055e-06
-3.6433019351999e-06
-3.3695120494304e-06
-3.1166318344538e-06
-2.8830387616707e-06
-2.667238223625e-06
-2.4678532851759e-06
-2.283615270271e-06
-2.1133551140035e-06
-1.9559954159609e-06
-1.8105431386248e-06
-1.6760828962019e-06
-1.5517707863837e-06
-1.4368287186832e-06
-1.3305392020348e-06
-1.2322405505737e-06
-1.1413224739158e-06
-1.0572220235152e-06
-9.7941986205818e-07
-9.074368317916e-07
-8.4083079832935e-07
-7.7919374403357e-07
-7.2214909611312e-07
-6.6934926411732e-07
-6.2047337560602e-07
-5.7522519090432e-07
-5.333311813854e-07
-4.9453876346831e-07
-4.5861466906195e-07
-4.2534344564348e-07
-3.9452607523374e-07
-3.6597870101454e-07
-3.3953145531237e-07
-3.1502737834206e-07
-2.9232142285849e-07
-2.7127953593186e-07
-2.5177781316804e-07
-2.3370171826463e-07
-2.1694536486651e-07
-2.0141085203798e-07
-1.8700765421174e-07
-1.7365205652477e-07
-1.6126663411057e-07
-1.4977977408818e-07
-1.3912523105541e-07
-1.2924171876825e-07
-1.2007253396173e-07
-1.1156520849278e-07
-1.0367118755835e-07
-9.6345534041695e-08
-8.9546654666816e-08
-8.3236047328459e-08
-7.7378068204518e-08
-7.1939715795282e-08
-6.6890432742747e-08
-6.2201921595652e-08
-5.7847975565574e-08
-5.3804321229704e-08
-5.0048474112037e-08
-4.6559604848221e-08
-4.3318415331511e-08
-4.0307024264454e-08
-3.7508862191009e-08
-3.4908573300402e-08
-3.2491924961104e-08
-3.0245725756714e-08
-2.8157745244985e-08
-2.6216645826675e-08
-2.4411915503189e-08
-2.2733806490963e-08
-2.1173279020714e-08
-1.9721949432265e-08
-1.8372041182294e-08
-1.7116341177807e-08
-1.5948157326908e-08
-1.4861280647406e-08
-1.3849950100134e-08
-1.2908820076507e-08
-1.2032928808022e-08
-1.12176714244e-08
-1.0458773496683e-08
-9.7522670151438e-09
-9.0944680875967e-09
-8.4819560325875e-09
-7.9115547618669e-09
-7.3803147426871e-09
-6.8854962722771e-09
-6.4245550219984e-09
-5.9951271511587e-09
-5.5950169088696e-09
-5.2221840652064e-09
-4.8747328238133e-09
-4.5509015696703e-09
-4.2490530480604e-09
-3.9676653961006e-09
-3.7053245928735e-09
-3.460715184638e-09
-3.2326150127379e-09
-3.0198871412103e-09
-2.8214747778322e-09
-2.6363946875096e-09
-2.4637325769647e-09
-2.3026384039405e-09
-2.1523207930917e-09
-2.0120438674084e-09
-1.8811229042146e-09
-1.7589207445704e-09
-1.6448443308613e-09
-1.5383419309767e-09
-1.4388998527967e-09
-1.3460398142691e-09
-1.2593169877808e-09
-1.1783165356359e-09
-1.1026528875076e-09
-1.0319665622835e-09
-9.6592288140317e-10
-9.042099734341e-10
-8.4653772447981e-10
-7.9263540907994e-10
-7.4225117117415e-10
-6.9514987230041e-10
-6.5111299239938e-10
-6.0993659074281e-10
-5.7143030345682e-10
-5.3541709491643e-10
-5.0173171251836e-10
-4.7022021862042e-10
-4.4073901312899e-10
-4.1315409111989e-10
-3.8734069237744e-10
-3.6318215444427e-10
-3.4056991179978e-10
-3.1940257548517e-10
-2.9958570587505e-10
-2.8103116015388e-10
-2.6365595887192e-10
-2.4738365622002e-10
-2.3214254986479e-10
-2.1786557034963e-10
-2.0449026533143e-10
-1.919582347729e-10
-1.8021451758229e-10
-1.692091327524e-10
-1.5889394730393e-10
-1.4922482796744e-10
-1.4016004508336e-10
-1.3166098965278e-10
-1.2369137957151e-10
-1.1621728328358e-10
-1.0920731720793e-10
-1.0263174621078e-10
-9.6463072982484e-11
-9.0675338000306e-11
-8.5244339257876e-11
-8.0147663996272e-11
-7.5364132991817e-11
-7.0873956755147e-11
-6.6658712584647e-11
-6.2700907121285e-11
-5.8984698564825e-11
-5.5494911385549e-11
-5.2217324714543e-11
-4.9138622084787e-11
-4.6246441056221e-11
-4.3529172560266e-11
-4.0975985356827e-11
-3.857677738056e-11
-3.6321862554178e-11
-3.4202352992035e-11
-3.2209978659814e-11
-3.033678823428e-11
-2.8575542513321e-11
-2.6919319675667e-11
-2.5361727868541e-11
-2.3896763208044e-11
-2.2518725956173e-11
-2.1222230979224e-11
-2.0002486061608e-11
-1.8854774674951e-11
-1.7774663664686e-11
-1.6758081581442e-11
-1.5801169325644e-11
-1.4900352295575e-11
-1.4052295480244e-11
-1.3253876496171e-11
-1.2501985451131e-11
-1.1793841902617e-11
-1.1126796518596e-11
-1.0498496435736e-11
-9.9066867469785e-12
-9.349098908779e-12
-8.8236275731335e-12
-8.3284836053854e-12
-7.8618354107202e-12
-7.422052661981e-12
-7.0073232924995e-12
-6.6164861814084e-12
-6.2480058140923e-12
-5.9005178827824e-12
-5.5728011153541e-12
-5.2637562018923e-12
-4.9722834782869e-12
-4.6973858444546e-12
-4.4379965286142e-12
-4.1933020160743e-12
-3.962470386781e-12
-3.7445566784025e-12
-3.5389983341972e-12
-3.3449429178601e-12
-3.1618014211618e-12
-2.9888713387547e-12
-2.8256057715992e-12
-2.6715377925234e-12
-2.5260071664635e-12
-2.3881675241896e-12
-2.2584630418085e-12
-2.1359062076098e-12
-2.020139216509e-12
-1.9108500262106e-12
-1.8074606248794e-12
-1.7098636179335e-12
-1.6176545365776e-12
-1.5305221260786e-12
-1.4482421089455e-12
-1.3703676861308e-12
-1.2967316459549e-12
-1.2273570544359e-12
-1.1616536232993e-12
-1.0995649475173e-12
-1.0407839996697e-12
-9.8518932483829e-13
-9.3268303370907e-13
-8.830683921055e-13
-8.3605003711018e-13
-7.9163132647007e-13
-7.4959067167938e-13
-7.0990702153765e-13
-6.7226926539107e-13
-6.3664027557487e-13
-6.0299936851681e-13
-5.7118914433269e-13
-5.4104817500374e-13
-5.1249789637641e-13
-4.8547371157856e-13
-4.5993618208656e-13
-4.3579870302896e-13
-4.1294057363086e-13
-3.9127208012032e-13
-3.7067314009632e-13
-3.5127601257865e-13
-3.3289931292909e-13
-3.1556489939705e-13
-2.9905850841413e-13
-2.8338219550236e-13
-2.6866793611359e-13
-2.5469599928849e-13
-2.4134363332376e-13
-2.2885029186904e-13
-2.1693072337106e-13
-2.0567920951281e-13
-1.9496807616229e-13
-1.8487701534787e-13
-1.7529332883441e-13
-1.6619090442432e-13
-1.5760076943312e-13
-1.4940251801927e-13
-1.4173932928477e-13
-1.3437641825907e-13
-1.2742262428584e-13
-1.2086973207961e-13
-1.1464152567947e-13
-1.0870579213064e-13
-1.0313230120955e-13
-9.7810942159146e-14
-9.282811908912e-14
-8.7975540388649e-14
-8.3451947079085e-14
-7.9216795254085e-14
-7.5188434445452e-14
-7.1317667172343e-14
-6.7620218589936e-14
-6.4207285899817e-14
-6.0898509322953e-14
-5.7750441038313e-14
-5.4834591930675e-14
-5.2005450026847e-14
-4.9462943137208e-14
-4.6968186308253e-14
-4.4635111052446e-14
-4.2300508777176e-14
-4.0145621397718e-14
-3.8160303552135e-14
-3.6212677889367e-14
-3.4302915037888e-14
-3.2615933426414e-14
-3.0972629517533e-14
-2.9448608658102e-14
-2.7880200628059e-14
-2.6544389022519e-14
-2.518035626524e-14
-2.3846243376011e-14
-2.2652457193167e-14
-2.1563081599972e-14
-2.0421994366838e-14
-1.960027774329e-14
-1.8630631397848e-14
-1.7764529428381e-14
-1.6896532863224e-14
-1.6067177559046e-14
-1.5203065219069e-14
-1.4496548317964e-14
-1.3858333166281e-14
-1.3156085423606e-14
-1.2474383753249e-14
-1.1894622875463e-14
-1.1310297066377e-14
-1.0802261864309e-14
-1.0292139641504e-14
-9.7810417503321e-15
-9.2488455082117e-15
-8.8994116499044e-15
-8.465448423154e-15
-8.0556385032721e-15
-7.7089765001728e-15
-7.4134645212423e-15
-6.9815746128267e-15
-6.6830169235639e-15
-6.3646730275734e-15
-6.0864334068698e-15
-5.8464620747908e-15
-5.5309952486951e-15
-5.2680337401475e-15
-5.0124545937428e-15
-4.7774476636997e-15
-4.5843812495714e-15
-4.4157433567694e-15
-4.1447987344158e-15
-4.04272543676e-15
-3.8012444567644e-15
-3.6631212085519e-15
-3.5468356288022e-15
-3.346901894451e-15
-3.3403895241036e-15
-3.1001188164998e-15
-3.0074533353807e-15
-2.8854995924605e-15
-2.755067078983e-15
-2.6840635284532e-15
-2.6470512475944e-15
-2.5015655707494e-15
-2.4068932905884e-15
-2.3862650886372e-15
-2.2700902043953e-15
-2.1613912502776e-15
-2.0964221073727e-15
-2.0588477296003e-15
-1.977028197346e-15
-1.8969178331687e-15
-1.9199094631841e-15
-1.8238771468881e-15
-1.8459437502656e-15
-1.8101774608179e-15
-1.8056465594309e-15
-1.7898772104895e-15
-1.8263961949386e-15
-1.6470045996069e-15
-1.705593196381e-15
-1.733773615701e-15
-1.6849660970795e-15
-1.7511841362532e-15
-1.6953825882717e-15
-1.7536083262751e-15
-1.7136869304202e-15
-1.6370361584337e-15
-1.7700948572392e-15
-1.806726262425e-15
-1.7728243117365e-15
-1.9216981730299e-15
-1.8977972356367e-15
-2.0891030048745e-15
-2.100289053724e-15
-2.1131214779035e-15
-2.1716579980786e-15
-2.2813442136292e-15
-2.4401354559393e-15
-2.4298644261219e-15
-2.6591699864731e-15
-2.6869313704267e-15
-2.7743303966406e-15
-2.9191797660569e-15
-3.0262603860833e-15
-3.1658236886702e-15
-3.336980808707e-15
-3.4925597131606e-15
-3.6256322041482e-15
-3.8629332736858e-15
-3.9881904021829e-15
-4.1481157626743e-15
-4.4214184006718e-15
-4.5052943701065e-15
-4.7539929704413e-15
-5.0676723388336e-15
-5.2493365355888e-15
-5.4484960366857e-15
-5.8076518464159e-15
-6.1470161290304e-15
-6.440411155649e-15
-6.7090964296083e-15
-7.087608980721e-15
-7.4643903581579e-15
-7.871251706166e-15
-8.1981380293652e-15
-8.6183863064281e-15
-8.9311301254075e-15
-9.4534161826429e-15
-9.9016002606871e-15
-1.0425420290235e-14
-1.0891762643166e-14
-1.1571195661216e-14
-1.2140093847548e-14
-1.2668006296772e-14
-1.3398116011766e-14
-1.4068662614589e-14
-1.4769848934065e-14
-1.5560136641322e-14
-1.637908277624e-14
-1.7224188896637e-14
-1.823072514629e-14
-1.9183178017254e-14
-2.0119194157169e-14
-2.1240688063821e-14
-2.2307493369788e-14
-2.3477414221695e-14
-2.477864235312e-14
-2.61027594512e-14
-2.7496342711564e-14
-2.8914108200369e-14
-3.0479365857191e-14
-3.2114062872643e-14
-3.382420424536e-14
-3.5584925523764e-14
-3.7554170668575e-14
-3.9458704606533e-14
-4.1673514370728e-14
-4.3875547156936e-14
-4.6219659075201e-14
-4.8772522336982e-14
-5.1309752582981e-14
-5.4103843894471e-14
-5.6994374684829e-14
-6.0091415500347e-14
-6.3288799739475e-14
-6.6697546853678e-14
-7.0332496471226e-14
-7.4188390220709e-14
-7.817700820102e-14
-8.2401498789819e-14
-8.6892210226487e-14
-9.170255082647e-14
-9.6574016049517e-14
-1.0183898363972e-13
-1.0707933192796e-13
-1.1297719217371e-13
-1.1916211090172e-13
-1.2568177101877e-13
-1.3253183073601e-13
-1.3985302793539e-13
-1.4738046236895e-13
-1.555165092547e-13
-1.6404636108336e-13
-1.730411229779e-13
-1.8242884570095e-13
-1.9249929952584e-13
-2.0309217824594e-13
-2.1429889952747e-13
-2.2598191904555e-13
-2.3847867022156e-13
-2.5165760122201e-13
-2.6555477359252e-13
-2.8021954515496e-13
-2.9571262206974e-13
-3.1201102339819e-13
-3.2935436021478e-13
-3.4755072834189e-13
-3.6681721302713e-13
-3.8721446112586e-13
-4.0861731776276e-13
-4.3137652486984e-13
-4.552548011903e-13
-4.8064455883554e-13
-5.0743849095827e-13
-5.3575722984379e-13
-5.6563295947432e-13
-5.9719760357647e-13
-6.3061518416652e-13
-6.6589117467264e-13
-7.0324731082192e-13
-7.4267800467109e-13
-7.8435211525282e-13
-8.2835919225687e-13
-8.7509444896847e-13
-9.2430189789856e-13
-9.7635179809718e-13
-1.0315595765069e-12
-1.0898531474563e-12
-1.1515734351705e-12
-1.2168167771669e-12
-1.285840219985e-12
-1.3588515320033e-12
-1.4360932912846e-12
-1.5178427417712e-12
-1.6043304483169e-12
-1.6958688379582e-12
-1.7928327247759e-12
-1.8953907785829e-12
-2.0038724721256e-12
-2.1189262130887e-12
-2.2406401944281e-12
-2.3694488786181e-12
-2.5064468144597e-12
-2.6509215099336e-12
-2.8039706544629e-12
-2.9661894898341e-12
-3.137933515695e-12
-3.3199576593404e-12
-3.5127697360702e-12
-3.7171117502475e-12
-3.9336953107422e-12
-4.1631748222097e-12
-4.4064376797356e-12
-4.664246669421e-12
-4.9375707373515e-12
-5.2275141780779e-12
-5.5348060764157e-12
-5.8606410262509e-12
-6.2062638073998e-12
-6.5728201460211e-12
-6.9617479457831e-12
-7.3740932422372e-12
-7.8118237969248e-12
-8.2761285997083e-12
-8.7689102509765e-12
-9.2917705848531e-12
-9.8467456155921e-12
-1.043629374084e-11
-1.1061832190767e-11
-1.1725697201304e-11
-1.2430807572789e-11
-1.3179495826582e-11
-1.3974599064194e-11
-1.48190585155e-11
-1.5716127661052e-11
-1.6669081787566e-11
-1.7681640988529e-11
-1.875753540961e-11
-1.9900906969311e-11
-2.1115991779167e-11
-2.2407619563045e-11
-2.3780562059556e-11
-2.5240280064939e-11
-2.6792416449925e-11
-2.8442701540142e-11
-3.0197898210065e-11
-3.2064684640515e-11
-3.4050496993903e-11
-3.6163128716734e-11
-3.8410874327414e-11
-4.0802564398826e-11
-4.3347893553826e-11
-4.6056909741251e-11
-4.894046351687e-11
-5.2010092985577e-11
-5.5278286757709e-11
-5.8758292981096e-11
-6.2464177781007e-11
-6.6410920448748e-11
-7.0614932429804e-11
-7.5093397317828e-11
-7.9864750343983e-11
-8.4948609373644e-11
-9.0366224942666e-11
-9.6140015883816e-11
-1.0229420425451e-10
-1.0885460067871e-10
-1.1584873365807e-10
-1.2330613519619e-10
-1.3125845977447e-10
-1.3973944638391e-10
-1.4878529233231e-10
-1.5843476610084e-10
-1.6872919777663e-10
-1.7971316134669e-10
-1.9143396404462e-10
-2.0394277748458e-10
-2.1729360700427e-10
-2.3154499405645e-10
-2.4675935629357e-10
-2.6300381144506e-10
-2.8034984207481e-10
-2.9887430410274e-10
-3.1865954359478e-10
-3.3979365311893e-10
-3.6237132056866e-10
-3.8649363782096e-10
-4.1226946770568e-10
-4.3981503366134e-10
-4.6925528161325e-10
-5.0072400493091e-10
-5.3436473199448e-10
-5.7033138104162e-10
-6.0878910424902e-10
-6.4991492038279e-10
-6.9389899686023e-10
-7.4094507191521e-10
-7.912717934552e-10
-8.4511403969354e-10
-9.0272377337822e-10
-9.6437117136408e-10
-1.0303468485884e-09
-1.1009622080103e-09
-1.1765517806513e-09
-1.2574748692902e-09
-1.3441172500103e-09
-1.4368931708451e-09
-1.5362476459336e-09
-1.6426586436983e-09
-1.7566398007673e-09
-1.8787427171573e-09
-2.0095600147191e-09
-2.1497289486019e-09
-2.2999340510457e-09
-2.4609108564571e-09
-2.6334505680292e-09
-2.8184029373496e-09
-3.0166825144985e-09
-3.2292718161517e-09
-3.4572275468233e-09
-3.7016863802144e-09
-3.9638704933333e-09
-4.2450945073143e-09
-4.5467726870571e-09
-4.8704264092804e-09
-5.2176922230896e-09
-5.5903325506038e-09
-5.9902421358253e-09
-6.4194607938954e-09
-6.880184374893e-09
-7.3747758883092e-09
-7.9057795078099e-09
-8.4759345849948e-09
-9.0881902791647e-09
-9.7457221785416e-09
-1.0451950593098e-08
-1.1210558852094e-08
-1.2025514699194e-08
-1.2901092032453e-08
-1.3841895146943e-08
-1.4852885148474e-08
-1.5939407262107e-08
-1.7107222445021e-08
-1.8362538647653e-08
-1.9712047388819e-08
-2.116296142606e-08
-2.2723056088927e-08
-2.4400714775067e-08
-2.6204976614236e-08
-2.8145588383918e-08
-3.023306171005e-08
-3.2478733706216e-08
-3.48948329457e-08
-3.7494550831989e-08
-4.0292118823052e-08
-4.330289202794e-08
-4.654343916007e-08
-5.0031640139158e-08
-5.3786792362825e-08
-5.7829724459423e-08
-6.2182919349476e-08
-6.6870649540357e-08
-7.191912068921e-08
-7.7356629149854e-08
-8.3213731109176e-08
-8.9523426701405e-08
-9.6321358561742e-08
-1.0364602726961e-07
-1.1153902501882e-07
-1.2004528737001e-07
-1.2921336795377e-07
-1.3909573268014e-07
-1.4974908374212e-07
-1.6123470529883e-07
-1.7361884122908e-07
-1.8697310336302e-07
-2.0137491379667e-07
-2.169079864155e-07
-2.3366284446648e-07
-2.5173738672323e-07
-2.7123749805059e-07
-2.9227771170991e-07
-3.1498193079028e-07
-3.3948420536147e-07
-3.6592958067872e-07
-3.9447501413707e-07
-4.2529037095213e-07
-4.5855950528708e-07
-4.9448143256181e-07
-5.3327160247005e-07
-5.7516328044756e-07
-6.2040904763811e-07
-6.6928242884837e-07
-7.2207966116398e-07
-7.7912161357328e-07
-8.4075587368682e-07
-9.0735901124974e-07
-9.7933903991856e-07
-1.0571380907678e-06
-1.1412353179236e-06
-1.2321500550062e-06
-1.3304452468366e-06
-1.4367311798021e-06
-1.5516695357326e-06
-1.6759778017005e-06
-1.8104340637113e-06
-1.9558822199058e-06
-2.1132376515483e-06
-2.2834933915974e-06
-2.4677268358586e-06
-2.6671070441761e-06
-2.8829026878822e-06
-3.1164906970135e-06
-3.3693656739627e-06
-3.6431501419709e-06
-3.9396057019565e-06
-4.2606451834583e-06
-4.6083458725503e-06
-4.9849639301154e-06
-5.3929500874013e-06
-5.8349667524432e-06
-6.3139066475353e-06
-6.8329131229849e-06
-7.3954022945538e-06
-8.005087177465e-06
-8.6660039988403e-06
-9.3825408863639e-06
-1.0159469157145e-05
-1.10019774437e-05
-1.191570892031e-05
-1.2906801917945e-05
-1.3981934242936e-05
-1.5148371541619e-05
-1.6414020091729e-05
-1.7787484431511e-05
-1.9278130279789e-05
-2.0896153243497e-05
-2.2652653855786e-05
-2.4559719540139e-05
-2.6630514154755e-05
-2.8879375830264e-05
-3.1321923889911e-05
-3.397517570661e-05
-3.6857674448694e-05
-3.9989628742921e-05
-4.3393065396227e-05
-4.7091996420725e-05
-5.1112601730526e-05
-5.5483429017033e-05
-6.0235612445657e-05
-6.5403111994163e-05
-7.1022975417182e-05
-7.7135625025107e-05
-8.3785171682299e-05
-9.1019758661301e-05
-9.8891938258327e-05
-0.00010745908436052
-0.00011678384447271
-0.00012693463506425
-0.00013798618447937
-0.0001500201280823
-0.00016312566077834
-0.00017740025256286
-0.00019295043333186
-0.00020989265380619
-0.00022835423012165
-0.00024847438040449
-0.00027040536249299
-0.00029431372290762
-0.00032038166818929
-0.00034880857088871
-0.00037981262372239
-0.00041363265681531
-0.00045053013449205
-0.00049079134976392
-0.00053472983654887
-0.00058268902173609
-0.00063504514150327
-0.00069221044884152
-0.00075463674205409
-0.00082281924711389
-0.00089730089020866
-0.00097867700062442
-0.0010676004883512
-0.0011647875454731
-0.0012710239256085
-0.0013871718614104
-0.0015141776865294
-0.0016530802355031
-0.0018050201029013
-0.0019712498517404
-0.0021531452708628
-0.0023522177916738
-0.0025701281865535
-0.0028087016844563
-0.0030699446539055
-0.0033560630198759
-0.0036694825992022
-0.0040128715592463
-0.0043891652269934
-0.0048015935005874
-0.0052537111430375
-0.005749431268605
-0.0062930623666578
-0.0068893492459234
-0.0075435183245378
-0.0082613277385684
-0.0090491227943728
-0.0099138973488184
-0.0108633617668
-0.01190601817837
-0.013051243839061
-0.014309383487641
-0.015691851696584
-0.017211246323431
-0.01888147429699
-0.02071789111301
-0.022737455570766
-0.024958901457359
-0.027402928082314
-0.030092411783904
-0.03305264077322
-0.036311575955489
-0.039900140673983
-0.043852542663988
-0.048206631887145
-0.053004298344923
-0.05829191444968
-0.064120827068944
-0.070547904960225
-0.077636147987829
-0.085455365268728
-0.094082930241471
-0.10360462160199
-0.11411556011536
-0.12572125250789
-0.13853875498533
-0.15269797042854
-0.16834309500924
-0.18563423186716
-0.20474919162418
-0.22588550190864
-0.24926265075918
-0.27512459180888
-0.30374254256004
-0.33541811089713
-0.3704867893029
-0.40932186110467
-0.45233876855235
-0.49999999869708
