-0.50000000001828
-0.47854421221246
-0.45872128062731
-0.44036166324581
-0.42331813897371
-0.40746228935659
-0.39268161386558
-0.37887715286549
-0.3659615193051
-0.35385726100136
-0.34249549157009
-0.33181474067201
-0.32175998411896
-0.31228182214768
-0.30333578029289
-0.29488171214449
-0.28688328713347
-0.2793075495745
-0.27212453766511
-0.26530695313228
-0.25882987382614
-0.25267050286624
-0.24680794900986
-0.24122303378186
-0.2358981216198
-0.23081696987693
-0.22596459601219
-0.22132715970091
-0.21689185793597
-0.21264683147117
-0.20858108119397
-0.20468439321389
-0.20094727161996
-0.19736087800296
-0.19391697695855
-0.19060788689006
-0.18742643551768
-0.18436591957559
-0.1814200682435
-0.17858300991445
-0.17584924194883
-0.17321360310601
-0.17067124838135
-0.16821762600725
-0.16584845640469
-0.16355971289531
-0.16134760400504
-0.15920855720873
-0.15713920398117
-0.1551363660343
-0.15319704263268
-0.15131839889059
-0.14949775496381
-0.14773257605784
-0.14602046318197
-0.14435914458578
-0.14274646782029
-0.14118039237188
-0.13965898282185
-0.13818040248866
-0.13674290751425
-0.1353448413589
-0.13398462967253
-0.13266077551324
-0.1313718548861
-0.13011651257807
-0.12889345826647
-0.12770146288068
-0.1265393551983
-0.12540601865875
-0.12430038837826
-0.12322144835214
-0.12216822883075
-0.12113980385706
-0.12013528895447
-0.11915383895458
-0.11819464595519
-0.11725693739984
-0.11633997427057
-0.11544304938643
-0.11456548580075
-0.11370663529057
-0.1128658769325
-0.11204261575903
-0.11123628149062
-0.11044632733833
-0.10967222887285
-0.10891348295565
-0.10816960672836
-0.10744013665697
-0.10672462762733
-0.10602265208892
-0.10533379924401
-0.10465767427943
-0.10399389763855
-0.10334210433094
-0.10270194327767
-0.10207307669008
-0.10145517948014
-0.10084793870059
-0.10025105301315
-0.099664232183282
-0.099087196599886
-0.098519676818715
-0.097961413128061
-0.097412155135557
-0.096871661374928
-0.096339698931613
-0.095816043086238
-0.095300476974994
-0.094792791266008
-0.094292783850884
-0.093800259550596
-0.093315029834993
-0.092836912555224
-0.092365731688391
-0.091901317093823
-0.091443504280377
-0.090992134184202
-0.090547052956441
-0.09010811176038
-0.089675166577561
-0.089248078022437
-0.088826711165124
-0.08841093536187
-0.088000624092862
-0.087595654807018
-0.087195908773421
-0.086801270939084
-0.086411629792742
-0.086026877234387
-0.085646908450277
-0.085271621793154
-0.084900918667439
-0.084534703419172
-0.084172883230468
-0.083815368018298
-0.083462070337377
-0.083112905286994
-0.082767790421596
-0.082426645664948
-0.082089393227726
-0.081755957528382
-0.081426265117132
-0.081100244602939
-0.080777826583348
-0.080458943577061
-0.080143529959121
-0.079831521898602
-0.079522857298691
-0.07921747573906
-0.078915318420434
-0.078616328111257
-0.07832044909637
-0.07802762712762
-0.077737809376306
-0.077450944387408
-0.077166982035494
-0.07688587348227
-0.076607571135681
-0.076332028610499
-0.076059200690364
-0.075789043291183
-0.075521513425855
-0.07525656917027
-0.074994169630513
-0.07473427491124
-0.074476846085178
-0.0742218451637
-0.073969235068431
-0.073718979603851
-0.073471043430857
-0.073225392041231
-0.072981991733
-0.072740809586645
-0.072501813442117
-0.072264971876642
-0.072030254183284
-0.071797630350226
-0.071567071040755
-0.071338547573916
-0.071112031905814
-0.070887496611537
-0.070664914867682
-0.070444260435452
-0.07022550764431
-0.070008631376178
-0.069793607050136
-0.06958041060763
-0.069369018498149
-0.069159407665378
-0.068951555533775
-0.068745439995594
-0.068541039398318
-0.068338332532479
-0.068137298619879
-0.067937917302168
-0.067740168629793
-0.067544033051274
-0.067349491402833
-0.067156524898328
-0.066965115119508
-0.066775244006563
-0.066586893848961
-0.066400047276569
-0.066214687251037
-0.066030797057453
-0.065848360296237
-0.065667360875286
-0.06548778300235
-0.065309611177639
-0.065132830186645
-0.064957425093175
-0.064783381232595
-0.064610684205266
-0.064439319870174
-0.064269274338745
-0.064100533968836
-0.063933085358909
-0.063766915342357
-0.063602010982005
-0.063438359564765
-0.063275948596437
-0.063114765796666
-0.06295479909403
-0.062796036621279
-0.062638466710695
-0.062482077889588
-0.062326858875916
-0.062172798574023
-0.0620198860705
-0.061868110630151
-0.061717461692079
-0.061567928865871
-0.061419501927885
-0.06127217081765
-0.061125925634347
-0.060980756633391
-0.060836654223106
-0.060693608961487
-0.060551611553046
-0.060410652845742
-0.060270723827991
-0.06013181562576
-0.059993919499723
-0.059857026842507
-0.059721129176
-0.059586218148728
-0.059452285533303
-0.059319323223933
-0.059187323233998
-0.059056277693688
-0.058926178847696
-0.058797019052971
-0.058668790776531
-0.058541486593331
-0.058415099184171
-0.058289621333674
-0.058165045928304
-0.058041365954429
-0.057918574496445
-0.05779666473493
-0.057675629944853
-0.057555463493822
-0.057436158840379
-0.057317709532329
-0.057200109205112
-0.057083351580218
-0.056967430463633
-0.056852339744321
-0.056738073392753
-0.056624625459457
-0.05651199007361
-0.056400161441658
-0.056289133845971
-0.05617890164353
-0.05606945926464
-0.055960801211674
-0.055852922057852
-0.055745816446035
-0.055639479087556
-0.055533904761079
-0.055429088311473
-0.05532502464872
-0.055221708746849
-0.055119135642881
-0.055017300435814
-0.054916198285617
-0.054815824412255
-0.054716174094728
-0.054617242670136
-0.054519025532763
-0.054421518133181
-0.05432471597737
-0.054228614625864
-0.054133209692907
-0.05403849684563
-0.053944471803252
-0.053851130336285
-0.053758468265768
-0.053666481462508
-0.053575165846344
-0.053484517385419
-0.053394532095475
-0.053305206039155
-0.053216535325325
-0.053128516108407
-0.053041144587726
-0.05295441700687
-0.052868329653066
-0.052782878856561
-0.052698060990027
-0.052613872467966
-0.052530309746135
-0.052447369320979
-0.052365047729075
-0.052283341546589
-0.052202247388742
-0.052121761909287
-0.052041881799997
-0.051962603790158
-0.051883924646082
-0.051805841170621
-0.051728350202689
-0.051651448616801
-0.051575133322617
-0.05149940126449
-0.05142424942103
-0.051349674804673
-0.051275674461258
-0.051202245469611
-0.051129384941138
-0.051057090019427
-0.050985357879854
-0.0509141857292
-0.050843570805272
-0.050773510376531
-0.050704001741732
-0.050635042229561
-0.050566629198289
-0.050498760035426
-0.050431432157381
-0.050364643009132
-0.0502983900639
-0.050232670822825
-0.050167482814657
-0.050102823595442
-0.050038690748223
-0.049975081882737
-0.049911994635127
-0.049849426667649
-0.049787375668396
-0.049725839351015
-0.049664815454434
-0.0496043017426
-0.049544296004208
-0.049484796052446
-0.049425799724743
-0.049367304882513
-0.049309309410914
-0.049251811218606
-0.049194808237512
-0.049138298422586
-0.049082279751584
-0.049026750224838
-0.048971707865033
-0.048917150716994
-0.048863076847466
-0.048809484344909
-0.048756371319286
-0.048703735901863
-0.04865157624501
-0.048599890521998
-0.048548676926816
-0.048497933673969
-0.048447658998302
-0.048397851154809
-0.048348508418454
-0.048299629083995
-0.048251211465808
-0.048203253897714
-0.048155754732811
-0.04810871234331
-0.048062125120367
-0.048015991473926
-0.047970309832558
-0.047925078643309
-0.047880296371544
-0.047835961500796
-0.047792072532622
-0.047748627986454
-0.047705626399459
-0.047663066326394
-0.04762094633947
-0.047579265028218
-0.047538020999351
-0.047497212876636
-0.047456839300762
-0.047416898929213
-0.047377390436145
-0.04733831251226
-0.047299663864685
-0.047261443216856
-0.047223649308399
-0.047186280895013
-0.047149336748359
-0.047112815655949
-0.047076716421035
-0.047041037862502
-0.047005778814762
-0.04697093812765
-0.046936514666322
-0.046902507311156
-0.046868914957647
-0.046835736516318
-0.04680297091262
-0.046770617086837
-0.046738673993997
-0.04670714060378
-0.046676015900429
-0.04664529888266
-0.046614988563581
-0.046585083970602
-0.046555584145357
-0.046526488143619
-0.046497795035221
-0.046469503903977
-0.046441613847606
-0.046414123977654
-0.046387033419422
-0.046360341311891
-0.04633404680765
-0.046308149072828
-0.046282647287023
-0.046257540643233
-0.046232828347793
-0.046208509620306
-0.046184583693582
-0.046161049813573
-0.046137907239313
-0.046115155242858
-0.046092793109223
-0.046070820136331
-0.046049235634948
-0.046028038928636
-0.046007229353692
-0.045986806259096
-0.045966769006463
-0.045947116969987
-0.045927849536393
-0.045908966104888
-0.045890466087114
-0.0458723489071
-0.045854614001218
-0.045837260818138
-0.045820288818782
-0.045803697476286
-0.045787486275957
-0.045771654715229
-0.045756202303628
-0.045741128562735
-0.045726433026142
-0.045712115239421
-0.04569817476009
-0.045684611157572
-0.045671424013167
-0.04565861292002
-0.045646177483085
-0.045634117319098
-0.045622432056548
-0.045611121335644
-0.045600184808294
-0.045589622138072
-0.045579433000194
-0.045569617081497
-0.045560174080408
-0.045551103706928
-0.045542405682604
-0.045534079740512
-0.045526125625235
-0.045518543092841
-0.04551133191087
-0.045504491858312
-0.045498022725589
-0.045491924314546
-0.045486196438427
-0.045480838921868
-0.04547585160088
-0.045471234322837
-0.045466986946465
-0.045463109341832
-0.045459601390337
-0.0454564629847
-0.045453694028958
-0.045451294438453
-0.045449264139827
-0.045447603071019
-0.045446311181258
-0.045445388431058
-0.045444834792217
-0.045444650247817
-0.045444834792217
-0.045445388431057
-0.045446311181258
-0.045447603071019
-0.045449264139827
-0.045451294438452
-0.045453694028958
-0.0454564629847
-0.045459601390337
-0.045463109341832
-0.045466986946465
-0.045471234322837
-0.04547585160088
-0.045480838921868
-0.045486196438427
-0.045491924314546
-0.045498022725589
-0.045504491858312
-0.04551133191087
-0.045518543092841
-0.045526125625235
-0.045534079740512
-0.045542405682604
-0.045551103706928
-0.045560174080408
-0.045569617081496
-0.045579433000194
-0.045589622138072
-0.045600184808294
-0.045611121335644
-0.045622432056548
-0.045634117319098
-0.045646177483085
-0.04565861292002
-0.045671424013167
-0.045684611157572
-0.04569817476009
-0.045712115239421
-0.045726433026142
-0.045741128562735
-0.045756202303628
-0.045771654715228
-0.045787486275957
-0.045803697476287
-0.045820288818782
-0.045837260818138
-0.045854614001218
-0.0458723489071
-0.045890466087114
-0.045908966104888
-0.045927849536393
-0.045947116969988
-0.045966769006464
-0.045986806259096
-0.046007229353691
-0.046028038928636
-0.046049235634948
-0.046070820136331
-0.046092793109223
-0.046115155242858
-0.046137907239314
-0.046161049813573
-0.046184583693582
-0.046208509620306
-0.046232828347793
-0.046257540643233
-0.046282647287023
-0.046308149072828
-0.04633404680765
-0.046360341311891
-0.046387033419422
-0.046414123977654
-0.046441613847606
-0.046469503903977
-0.046497795035221
-0.046526488143619
-0.046555584145357
-0.046585083970602
-0.046614988563581
-0.04664529888266
-0.046676015900429
-0.04670714060378
-0.046738673993997
-0.046770617086837
-0.046802970912619
-0.046835736516318
-0.046868914957647
-0.046902507311156
-0.046936514666322
-0.04697093812765
-0.047005778814762
-0.047041037862502
-0.047076716421035
-0.047112815655949
-0.047149336748359
-0.047186280895012
-0.047223649308399
-0.047261443216856
-0.047299663864684
-0.047338312512259
-0.047377390436145
-0.047416898929213
-0.047456839300762
-0.047497212876636
-0.047538020999351
-0.047579265028218
-0.04762094633947
-0.047663066326393
-0.047705626399459
-0.047748627986454
-0.047792072532622
-0.047835961500795
-0.047880296371543
-0.047925078643309
-0.047970309832558
-0.048015991473926
-0.048062125120367
-0.04810871234331
-0.048155754732811
-0.048203253897713
-0.048251211465808
-0.048299629083995
-0.048348508418454
-0.048397851154809
-0.048447658998302
-0.048497933673969
-0.048548676926816
-0.048599890521998
-0.04865157624501
-0.048703735901863
-0.048756371319286
-0.048809484344909
-0.048863076847466
-0.048917150716994
-0.048971707865033
-0.049026750224838
-0.049082279751584
-0.049138298422586
-0.049194808237512
-0.049251811218606
-0.049309309410914
-0.049367304882513
-0.049425799724743
-0.049484796052446
-0.049544296004208
-0.0496043017426
-0.049664815454435
-0.049725839351015
-0.049787375668396
-0.049849426667649
-0.049911994635127
-0.049975081882737
-0.050038690748223
-0.050102823595443
-0.050167482814657
-0.050232670822825
-0.0502983900639
-0.050364643009133
-0.050431432157381
-0.050498760035426
-0.050566629198289
-0.050635042229561
-0.050704001741732
-0.050773510376531
-0.050843570805272
-0.050914185729201
-0.050985357879854
-0.051057090019427
-0.051129384941138
-0.051202245469611
-0.051275674461258
-0.051349674804673
-0.05142424942103
-0.05149940126449
-0.051575133322617
-0.051651448616801
-0.051728350202689
-0.051805841170621
-0.051883924646083
-0.051962603790158
-0.052041881799997
-0.052121761909288
-0.052202247388743
-0.052283341546589
-0.052365047729075
-0.052447369320979
-0.052530309746136
-0.052613872467966
-0.052698060990027
-0.052782878856561
-0.052868329653066
-0.05295441700687
-0.053041144587726
-0.053128516108408
-0.053216535325325
-0.053305206039155
-0.053394532095475
-0.053484517385419
-0.053575165846344
-0.053666481462508
-0.053758468265768
-0.053851130336285
-0.053944471803252
-0.05403849684563
-0.054133209692907
-0.054228614625865
-0.054324715977371
-0.054421518133181
-0.054519025532763
-0.054617242670136
-0.054716174094728
-0.054815824412255
-0.054916198285617
-0.055017300435814
-0.055119135642881
-0.055221708746848
-0.05532502464872
-0.055429088311473
-0.055533904761079
-0.055639479087556
-0.055745816446035
-0.055852922057852
-0.055960801211675
-0.05606945926464
-0.05617890164353
-0.056289133845971
-0.056400161441658
-0.05651199007361
-0.056624625459457
-0.056738073392752
-0.056852339744321
-0.056967430463633
-0.05708335158022
-0.057200109205114
-0.057317709532331
-0.057436158840381
-0.057555463493824
-0.057675629944855
-0.057796664734932
-0.057918574496447
-0.058041365954431
-0.058165045928305
-0.058289621333676
-0.058415099184173
-0.058541486593333
-0.058668790776534
-0.058797019052972
-0.058926178847698
-0.059056277693691
-0.059187323234001
-0.059319323223935
-0.059452285533305
-0.05958621814873
-0.059721129176002
-0.059857026842509
-0.059993919499725
-0.060131815625762
-0.060270723827994
-0.060410652845744
-0.060551611553048
-0.060693608961489
-0.060836654223108
-0.060980756633393
-0.061125925634349
-0.061272170817653
-0.061419501927887
-0.061567928865872
-0.061717461692082
-0.061868110630153
-0.062019886070502
-0.062172798574025
-0.062326858875918
-0.06248207788959
-0.062638466710697
-0.062796036621281
-0.062954799094032
-0.063114765796667
-0.063275948596439
-0.063438359564766
-0.063602010982006
-0.063766915342358
-0.063933085358911
-0.064100533968838
-0.064269274338746
-0.064439319870176
-0.064610684205268
-0.064783381232597
-0.064957425093176
-0.065132830186646
-0.065309611177641
-0.065487783002352
-0.065667360875287
-0.065848360296239
-0.066030797057455
-0.066214687251039
-0.06640004727657
-0.066586893848963
-0.066775244006564
-0.066965115119509
-0.067156524898329
-0.067349491402834
-0.067544033051276
-0.067740168629795
-0.06793791730217
-0.06813729861988
-0.068338332532481
-0.06854103939832
-0.068745439995596
-0.068951555533776
-0.06915940766538
-0.069369018498152
-0.069580410607632
-0.069793607050138
-0.07000863137618
-0.070225507644312
-0.070444260435454
-0.070664914867685
-0.070887496611539
-0.071112031905816
-0.071338547573918
-0.071567071040757
-0.071797630350228
-0.072030254183286
-0.072264971876644
-0.072501813442119
-0.072740809586647
-0.072981991733002
-0.073225392041233
-0.073471043430859
-0.073718979603854
-0.073969235068433
-0.074221845163702
-0.07447684608518
-0.074734274911241
-0.074994169630514
-0.075256569170272
-0.075521513425856
-0.075789043291184
-0.076059200690366
-0.076332028610501
-0.076607571135682
-0.076885873482272
-0.077166982035495
-0.077450944387409
-0.077737809376308
-0.078027627127621
-0.078320449096371
-0.078616328111258
-0.078915318420436
-0.079217475739062
-0.079522857298692
-0.079831521898603
-0.080143529959122
-0.080458943577062
-0.080777826583349
-0.08110024460294
-0.081426265117134
-0.081755957528383
-0.082089393227727
-0.082426645664949
-0.082767790421598
-0.083112905286996
-0.083462070337378
-0.083815368018299
-0.08417288323047
-0.084534703419173
-0.084900918667441
-0.085271621793156
-0.085646908450279
-0.086026877234389
-0.086411629792744
-0.086801270939086
-0.087195908773423
-0.08759565480702
-0.088000624092864
-0.088410935361872
-0.088826711165126
-0.089248078022439
-0.089675166577563
-0.090108111760381
-0.090547052956443
-0.090992134184203
-0.091443504280378
-0.091901317093824
-0.092365731688391
-0.092836912555225
-0.093315029834993
-0.093800259550596
-0.094292783850885
-0.094792791266009
-0.095300476974994
-0.095816043086239
-0.096339698931614
-0.096871661374929
-0.097412155135558
-0.097961413128062
-0.098519676818717
-0.099087196599887
-0.099664232183283
-0.10025105301315
-0.10084793870059
-0.10145517948014
-0.10207307669008
-0.10270194327767
-0.10334210433094
-0.10399389763855
-0.10465767427943
-0.10533379924401
-0.10602265208892
-0.10672462762733
-0.10744013665697
-0.10816960672836
-0.10891348295565
-0.10967222887286
-0.11044632733833
-0.11123628149062
-0.11204261575903
-0.1128658769325
-0.11370663529058
-0.11456548580075
-0.11544304938643
-0.11633997427057
-0.11725693739984
-0.11819464595519
-0.11915383895458
-0.12013528895447
-0.12113980385706
-0.12216822883075
-0.12322144835214
-0.12430038837826
-0.12540601865875
-0.1265393551983
-0.12770146288068
-0.12889345826647
-0.13011651257807
-0.13137185488609
-0.13266077551323
-0.13398462967253
-0.1353448413589
-0.13674290751425
-0.13818040248866
-0.13965898282185
-0.14118039237188
-0.14274646782029
-0.14435914458578
-0.14602046318197
-0.14773257605783
-0.14949775496381
-0.15131839889059
-0.15319704263268
-0.1551363660343
-0.15713920398117
-0.15920855720873
-0.16134760400504
-0.16355971289531
-0.16584845640469
-0.16821762600725
-0.17067124838135
-0.17321360310601
-0.17584924194883
-0.17858300991445
-0.18142006824349
-0.18436591957558
-0.18742643551768
-0.19060788689006
-0.19391697695854
-0.19736087800296
-0.20094727161995
-0.20468439321389
-0.20858108119397
-0.21264683147117
-0.21689185793597
-0.22132715970091
-0.22596459601219
-0.23081696987692
-0.2358981216198
-0.24122303378186
-0.24680794900986
-0.25267050286623
-0.25882987382613
-0.26530695313227
-0.27212453766509
-0.27930754957447
-0.28688328713343
-0.29488171214442
-0.30333578029279
-0.31228182214753
-0.32175998411874
-0.33181474067167
-0.34249549156958
-0.35385726100056
-0.36596151930389
-0.37887715286364
-0.39268161386275
-0.40746228935226
-0.42331813896707
-0.44036166323564
-0.45872128061172
-0.47854421218857
-0.49999999998168
