-0.49999999999998
-0.47668852747947
-0.45570665904251
-0.43667947240854
-0.41931397015004
-0.40337768094249
-0.3886834673751
-0.37507861900955
-0.36243693038699
-0.35065287779994
-0.3396372863442
-0.32931406610496
-0.3196177235289
-0.31049144099146
-0.30188557744985
-0.29375648462715
-0.28606556224276
-0.27877849631247
-0.27186463913593
-0.26529650006852
-0.25904932376837
-0.25310073816298
-0.24743045848006
-0.24202003674127
-0.23685264841546
-0.23191290967002
-0.22718671999414
-0.22266112599715
-0.21832420298791
-0.21416495157008
-0.21017320698613
-0.20633955933958
-0.20265528314258
-0.19911227489326
-0.19570299759559
-0.19242043130519
-0.18925802892483
-0.18620967658899
-0.18326965807334
-0.18043262274517
-0.17769355663817
-0.1750477562917
-0.17249080504263
-0.17001855149841
-0.16762708995493
-0.16531274255207
-0.16307204298554
-0.16090172161539
-0.15879869183028
-0.15676003754336
-0.15478300170937
-0.15286497576529
-0.15100348990734
-0.14919620412698
-0.14744089993626
-0.14573547272088
-0.14407792466505
-0.1424663581983
-0.14089896991933
-0.13937404495641
-0.13788995172764
-0.13644513706828
-0.13503812169499
-0.13366749597997
-0.13233191601049
-0.13103009991116
-0.12976082440891
-0.12852292162182
-0.12731527605504
-0.12613682178828
-0.12498653984072
-0.12386345570033
-0.12276663700579
-0.12169519137018
-0.12064826433617
-0.11962503745386
-0.11862472647247
-0.11764657963837
-0.11668987609195
-0.11575392435704
-0.1148380609164
-0.11394164886788
-0.11306407665583
-0.11220475687306
-0.11136312512864
-0.11053863897762
-0.10973077690854
-0.10893903738538
-0.10816293794033
-0.10740201431458
-0.10665581964397
-0.10592392368694
-0.10520591209219
-0.10450138570386
-0.10380995990182
-0.10313126397515
-0.102464940527
-0.10181064490877
-0.10116804468224
-0.10053681910788
-0.099916658658007
-0.099307264553292
-0.098708348321463
-0.0981196313769
-0.097540844620046
-0.096971728055541
-0.096412030428092
-0.09586150887515
-0.095319928595493
-0.094787062532896
-0.09426269107411
-0.093746601760403
-0.09323858901198
-0.092738453864624
-0.092246003717945
-0.091761052094651
-0.091283418410295
-0.090812927752989
-0.090349410672577
-0.08989270297883
-0.089442645548196
-0.088999084138729
-0.088561869212765
-0.088130855767021
-0.08770590316972
-0.087286875004448
-0.086873638920417
-0.086466066488823
-0.086064033065041
-0.08566741765637
-0.085276102795091
-0.084889974416578
-0.08450892174225
-0.084132837167147
-0.083761616151906
-0.083395157118968
-0.083033361352803
-0.082676132904003
-0.082323378497046
-0.081975007441601
-0.081630931547194
-0.081291065041119
-0.080955324489421
-0.080623628720856
-0.080295898753679
-0.079972057725147
-0.079652030823626
-0.079335745223196
-0.079023130020637
-0.078714116174723
-0.078408636447693
-0.078106625348855
-0.077808019080194
-0.077512755483933
-0.07722077399195
-0.076932015576992
-0.076646422705599
-0.076363939292683
-0.076084510657688
-0.075808083482281
-0.07553460576949
-0.075264026804265
-0.074996297115383
-0.074731368438651
-0.074469193681364
-0.074209726887957
-0.073952923206827
-0.073698738858254
-0.073447131103399
-0.073198058214333
-0.072951479445057
-0.072707355003476
-0.072465646024297
-0.072226314542805
-0.071989323469504
-0.071754636565569
-0.071522218419095
-0.071292034422115
-0.071064050748342
-0.070838234331631
-0.070614552845119
-0.070392974681033
-0.07017346893112
-0.069956005367705
-0.069740554425337
-0.069527087182999
-0.069315575346881
-0.069105991233677
-0.068898307754401
-0.068692498398694
-0.068488537219616
-0.068286398818892
-0.068086058332619
-0.067887491417386
-0.06769067423683
-0.067495583448578
-0.06730219619159
-0.067110490073879
-0.06692044316058
-0.066732033962391
-0.066545241424338
-0.066360044914877
-0.066176424215315
-0.065994359509532
-0.065813831374003
-0.065634820768114
-0.065457309024749
-0.06528127784115
-0.065106709270036
-0.064933585710976
-0.064761889902011
-0.064591604911501
-0.064422714130212
-0.064255201263621
-0.064089050324438
-0.063924245625329
-0.063760771771851
-0.063598613655577
-0.06343775644741
-0.06327818559108
-0.063119886796822
-0.062962846035226
-0.062807049531248
-0.062652483758396
-0.062499135433054
-0.062346991508979
-0.062196039171928
-0.062046265834442
-0.061897659130759
-0.061750206911869
-0.061603897240693
-0.061458718387394
-0.061314658824811
-0.06117170722401
-0.061029852449948
-0.06088908355726
-0.060749389786147
-0.060610760558367
-0.06047318547334
-0.060336654304344
-0.060201156994811
-0.060066683654718
-0.059933224557067
-0.05980077013446
-0.059669310975751
-0.059538837822793
-0.059409341567257
-0.059280813247536
-0.059153244045723
-0.059026625284667
-0.0589009484251
-0.058776205062834
-0.058652386926027
-0.058529485872521
-0.058407493887233
-0.058286403079627
-0.058166205681228
-0.058046894043211
-0.057928460634042
-0.057810898037174
-0.057694198948802
-0.05757835617567
-0.05746336263293
-0.057349211342051
-0.057235895428779
-0.057123408121143
-0.057011742747511
-0.05690089273469
-0.056790851606068
-0.056681612979796
-0.056573170567031
-0.056465518170194
-0.056358649681284
-0.056252559080228
-0.056147240433264
-0.056042687891368
-0.055938895688711
-0.055835858141155
-0.055733569644777
-0.055632024674437
-0.055531217782366
-0.055431143596793
-0.055331796820602
-0.055233172230018
-0.055135264673318
-0.055038069069581
-0.054941580407453
-0.054845793743949
-0.054750704203274
-0.054656306975679
-0.054562597316328
-0.054469570544206
-0.054377222041038
-0.054285547250233
-0.054194541675862
-0.05410420088164
-0.054014520489946
-0.053925496180852
-0.053837123691184
-0.053749398813589
-0.053662317395635
-0.053575875338923
-0.053490068598217
-0.053404893180598
-0.053320345144626
-0.053236420599533
-0.053153115704418
-0.053070426667471
-0.052988349745205
-0.052906881241707
-0.052826017507903
-0.052745754940842
-0.05266608998299
-0.052587019121538
-0.05250853888773
-0.052430645856197
-0.05235333664431
-0.052276607911545
-0.052200456358856
-0.05212487872807
-0.052049871801283
-0.051975432400275
-0.05190155738594
-0.051828243657715
-0.05175548815303
-0.051683287846771
-0.051611639750742
-0.051540540913148
-0.051469988418088
-0.051399979385045
-0.051330510968406
-0.051261580356974
-0.051193184773499
-0.051125321474212
-0.051057987748374
-0.050991180917832
-0.050924898336577
-0.050859137390321
-0.050793895496073
-0.05072917010173
-0.050664958685667
-0.050601258756348
-0.05053806785193
-0.050475383539883
-0.050413203416618
-0.050351525107113
-0.050290346264558
-0.050229664569997
-0.050169477731982
-0.050109783486231
-0.050050579595294
-0.049991863848221
-0.049933634060244
-0.049875888072458
-0.049818623751507
-0.049761838989283
-0.049705531702627
-0.049649699833029
-0.049594341346345
-0.049539454232508
-0.049485036505256
-0.049431086201853
-0.04937760138282
-0.049324580131677
-0.049272020554679
-0.049219920780563
-0.049168278960297
-0.04911709326684
-0.049066361894892
-0.049016083060667
-0.048966255001652
-0.048916875976386
-0.048867944264231
-0.048819458165153
-0.048771415999506
-0.048723816107821
-0.048676656850593
-0.04862993660808
-0.048583653780101
-0.048537806785835
-0.04849239406363
-0.048447414070811
-0.04840286528349
-0.048358746196387
-0.048315055322642
-0.048271791193645
-0.048228952358852
-0.048186537385622
-0.048144544859041
-0.048102973381763
-0.04806182157384
-0.048021088072568
-0.047980771532327
-0.047940870624426
-0.047901384036952
-0.047862310474622
-0.047823648658636
-0.047785397326528
-0.047747555232036
-0.047710121144949
-0.047673093850983
-0.047636472151639
-0.047600254864074
-0.04756444082097
-0.047529028870412
-0.047494017875754
-0.047459406715507
-0.047425194283208
-0.04739137948731
-0.04735796125106
-0.04732493851239
-0.0472923102238
-0.047260075352248
-0.047228232879048
-0.047196781799755
-0.047165721124067
-0.047135049875721
-0.047104767092391
-0.047074871825588
-0.04704536314057
-0.047016240116236
-0.046987501845044
-0.046959147432909
-0.046931175999121
-0.046903586676251
-0.046876378610068
-0.046849550959451
-0.046823102896307
-0.046797033605491
-0.046771342284721
-0.046746028144503
-0.046721090408053
-0.046696528311219
-0.04667234110241
-0.04664852804252
-0.04662508840486
-0.046602021475083
-0.046579326551121
-0.046557002943114
-0.046535049973345
-0.046513466976176
-0.046492253297985
-0.046471408297102
-0.046450931343752
-0.046430821819993
-0.046411079119659
-0.046391702648302
-0.046372691823138
-0.046354046072993
-0.046335764838249
-0.046317847570791
-0.046300293733959
-0.046283102802495
-0.046266274262501
-0.046249807611382
-0.046233702357811
-0.046217958021674
-0.046202574134033
-0.046187550237083
-0.046172885884104
-0.046158580639429
-0.0461446340784
-0.046131045787328
-0.046117815363461
-0.046104942414943
-0.046092426560782
-0.046080267430812
-0.046068464665666
-0.046057017916737
-0.046045926846151
-0.046035191126737
-0.046024810441998
-0.046014784486077
-0.04600511296374
-0.045995795590343
-0.045986832091807
-0.045978222204596
-0.045969965675693
-0.045962062262579
-0.045954511733208
-0.04594731386599
-0.045940468449771
-0.045933975283812
-0.045927834177777
-0.045922044951708
-0.045916607436018
-0.045911521471469
-0.045906786909163
-0.045902403610526
-0.045898371447299
-0.045894690301522
-0.045891360065528
-0.045888380641935
-0.045885751943628
-0.045883473893766
-0.045881546425762
-0.045879969483284
-0.04587874302025
-0.045877867000821
-0.045877341399402
-0.045877166200635
-0.045877341399402
-0.045877867000821
-0.04587874302025
-0.045879969483284
-0.045881546425762
-0.045883473893766
-0.045885751943628
-0.045888380641934
-0.045891360065528
-0.045894690301522
-0.045898371447298
-0.045902403610526
-0.045906786909163
-0.045911521471469
-0.045916607436018
-0.045922044951708
-0.045927834177777
-0.045933975283812
-0.04594046844977
-0.04594731386599
-0.045954511733207
-0.045962062262579
-0.045969965675693
-0.045978222204596
-0.045986832091806
-0.045995795590343
-0.04600511296374
-0.046014784486077
-0.046024810441997
-0.046035191126737
-0.046045926846151
-0.046057017916737
-0.046068464665666
-0.046080267430812
-0.046092426560782
-0.046104942414943
-0.046117815363461
-0.046131045787328
-0.0461446340784
-0.046158580639429
-0.046172885884104
-0.046187550237082
-0.046202574134033
-0.046217958021674
-0.046233702357811
-0.046249807611382
-0.046266274262501
-0.046283102802495
-0.046300293733959
-0.046317847570791
-0.046335764838249
-0.046354046072994
-0.046372691823138
-0.046391702648302
-0.046411079119659
-0.046430821819993
-0.046450931343752
-0.046471408297102
-0.046492253297985
-0.046513466976176
-0.046535049973345
-0.046557002943114
-0.046579326551121
-0.046602021475083
-0.04662508840486
-0.04664852804252
-0.04667234110241
-0.046696528311219
-0.046721090408053
-0.046746028144503
-0.046771342284721
-0.046797033605491
-0.046823102896307
-0.046849550959451
-0.046876378610068
-0.046903586676251
-0.046931175999121
-0.04695914743291
-0.046987501845044
-0.047016240116236
-0.04704536314057
-0.047074871825588
-0.047104767092391
-0.047135049875721
-0.047165721124067
-0.047196781799755
-0.047228232879048
-0.047260075352248
-0.0472923102238
-0.04732493851239
-0.04735796125106
-0.04739137948731
-0.047425194283208
-0.047459406715507
-0.047494017875754
-0.047529028870411
-0.04756444082097
-0.047600254864073
-0.047636472151639
-0.047673093850983
-0.047710121144949
-0.047747555232035
-0.047785397326528
-0.047823648658635
-0.047862310474622
-0.047901384036952
-0.047940870624425
-0.047980771532327
-0.048021088072568
-0.04806182157384
-0.048102973381763
-0.048144544859041
-0.048186537385622
-0.048228952358852
-0.048271791193645
-0.048315055322642
-0.048358746196386
-0.04840286528349
-0.04844741407081
-0.04849239406363
-0.048537806785835
-0.048583653780101
-0.04862993660808
-0.048676656850593
-0.048723816107821
-0.048771415999506
-0.048819458165153
-0.048867944264231
-0.048916875976386
-0.048966255001652
-0.049016083060666
-0.049066361894892
-0.04911709326684
-0.049168278960297
-0.049219920780562
-0.049272020554679
-0.049324580131677
-0.04937760138282
-0.049431086201853
-0.049485036505257
-0.049539454232509
-0.049594341346345
-0.049649699833029
-0.049705531702627
-0.049761838989283
-0.049818623751507
-0.049875888072458
-0.049933634060245
-0.049991863848221
-0.050050579595294
-0.050109783486231
-0.050169477731982
-0.050229664569997
-0.050290346264558
-0.050351525107113
-0.050413203416618
-0.050475383539884
-0.05053806785193
-0.050601258756348
-0.050664958685667
-0.05072917010173
-0.050793895496074
-0.050859137390321
-0.050924898336577
-0.050991180917832
-0.051057987748375
-0.051125321474212
-0.051193184773499
-0.051261580356975
-0.051330510968406
-0.051399979385045
-0.051469988418088
-0.051540540913149
-0.051611639750742
-0.051683287846771
-0.051755488153031
-0.051828243657715
-0.051901557385941
-0.051975432400276
-0.052049871801283
-0.05212487872807
-0.052200456358857
-0.052276607911545
-0.05235333664431
-0.052430645856197
-0.05250853888773
-0.052587019121538
-0.05266608998299
-0.052745754940842
-0.052826017507903
-0.052906881241707
-0.052988349745206
-0.053070426667472
-0.053153115704419
-0.053236420599533
-0.053320345144626
-0.053404893180597
-0.053490068598217
-0.053575875338923
-0.053662317395635
-0.053749398813589
-0.053837123691184
-0.053925496180853
-0.054014520489946
-0.05410420088164
-0.054194541675862
-0.054285547250233
-0.054377222041038
-0.054469570544206
-0.054562597316328
-0.054656306975679
-0.054750704203274
-0.054845793743949
-0.054941580407453
-0.055038069069581
-0.055135264673318
-0.055233172230018
-0.055331796820602
-0.055431143596793
-0.055531217782366
-0.055632024674437
-0.055733569644778
-0.055835858141155
-0.055938895688712
-0.056042687891368
-0.056147240433264
-0.056252559080227
-0.056358649681284
-0.056465518170193
-0.05657317056703
-0.056681612979796
-0.056790851606067
-0.056900892734692
-0.057011742747514
-0.057123408121145
-0.057235895428781
-0.057349211342053
-0.057463362632932
-0.057578356175672
-0.057694198948804
-0.057810898037176
-0.057928460634044
-0.058046894043213
-0.05816620568123
-0.058286403079629
-0.058407493887236
-0.058529485872523
-0.058652386926029
-0.058776205062836
-0.058900948425102
-0.059026625284669
-0.059153244045725
-0.059280813247538
-0.059409341567259
-0.059538837822795
-0.059669310975753
-0.059800770134462
-0.059933224557069
-0.06006668365472
-0.060201156994813
-0.060336654304346
-0.060473185473342
-0.060610760558369
-0.060749389786149
-0.060889083557262
-0.06102985244995
-0.061171707224011
-0.061314658824813
-0.061458718387396
-0.061603897240695
-0.061750206911871
-0.061897659130761
-0.062046265834444
-0.06219603917193
-0.06234699150898
-0.062499135433055
-0.062652483758397
-0.06280704953125
-0.062962846035227
-0.063119886796823
-0.063278185591081
-0.063437756447412
-0.063598613655579
-0.063760771771853
-0.06392424562533
-0.064089050324439
-0.064255201263623
-0.064422714130213
-0.064591604911502
-0.064761889902013
-0.064933585710978
-0.065106709270037
-0.065281277841151
-0.065457309024751
-0.065634820768115
-0.065813831374004
-0.065994359509533
-0.066176424215317
-0.066360044914879
-0.066545241424339
-0.066732033962392
-0.066920443160582
-0.067110490073881
-0.067302196191593
-0.067495583448579
-0.067690674236832
-0.067887491417389
-0.068086058332621
-0.068286398818894
-0.068488537219618
-0.068692498398696
-0.068898307754403
-0.069105991233679
-0.069315575346883
-0.069527087183001
-0.069740554425339
-0.069956005367707
-0.070173468931122
-0.070392974681035
-0.070614552845122
-0.070838234331633
-0.071064050748344
-0.071292034422118
-0.071522218419098
-0.071754636565571
-0.071989323469506
-0.072226314542807
-0.072465646024299
-0.072707355003478
-0.072951479445059
-0.073198058214335
-0.073447131103401
-0.073698738858256
-0.073952923206829
-0.074209726887958
-0.074469193681365
-0.074731368438653
-0.074996297115384
-0.075264026804266
-0.075534605769491
-0.075808083482282
-0.07608451065769
-0.076363939292684
-0.076646422705601
-0.076932015576994
-0.077220773991952
-0.077512755483934
-0.077808019080196
-0.078106625348856
-0.078408636447694
-0.078714116174724
-0.079023130020639
-0.079335745223197
-0.079652030823628
-0.079972057725148
-0.08029589875368
-0.080623628720858
-0.080955324489422
-0.08129106504112
-0.081630931547196
-0.081975007441602
-0.082323378497048
-0.082676132904004
-0.083033361352805
-0.083395157118969
-0.083761616151907
-0.084132837167149
-0.084508921742252
-0.08488997441658
-0.085276102795093
-0.085667417656373
-0.086064033065042
-0.086466066488825
-0.086873638920419
-0.08728687500445
-0.087705903169721
-0.088130855767023
-0.088561869212767
-0.08899908413873
-0.089442645548198
-0.089892702978831
-0.090349410672579
-0.09081292775299
-0.091283418410297
-0.091761052094652
-0.092246003717947
-0.092738453864625
-0.09323858901198
-0.093746601760403
-0.094262691074111
-0.094787062532897
-0.095319928595494
-0.095861508875151
-0.096412030428093
-0.096971728055542
-0.097540844620048
-0.098119631376901
-0.098708348321463
-0.099307264553293
-0.099916658658008
-0.10053681910788
-0.10116804468224
-0.10181064490877
-0.102464940527
-0.10313126397516
-0.10380995990182
-0.10450138570386
-0.10520591209219
-0.10592392368694
-0.10665581964398
-0.10740201431458
-0.10816293794033
-0.10893903738538
-0.10973077690854
-0.11053863897762
-0.11136312512864
-0.11220475687306
-0.11306407665583
-0.11394164886788
-0.1148380609164
-0.11575392435704
-0.11668987609195
-0.11764657963837
-0.11862472647247
-0.11962503745386
-0.12064826433617
-0.12169519137018
-0.12276663700579
-0.12386345570033
-0.12498653984072
-0.12613682178828
-0.12731527605504
-0.12852292162182
-0.12976082440891
-0.13103009991116
-0.13233191601049
-0.13366749597997
-0.13503812169499
-0.13644513706828
-0.13788995172764
-0.1393740449564
-0.14089896991933
-0.1424663581983
-0.14407792466505
-0.14573547272088
-0.14744089993626
-0.14919620412698
-0.15100348990734
-0.15286497576528
-0.15478300170937
-0.15676003754335
-0.15879869183028
-0.16090172161539
-0.16307204298554
-0.16531274255206
-0.16762708995493
-0.17001855149841
-0.17249080504262
-0.1750477562917
-0.17769355663817
-0.18043262274517
-0.18326965807334
-0.18620967658899
-0.18925802892483
-0.19242043130519
-0.19570299759558
-0.19911227489326
-0.20265528314257
-0.20633955933957
-0.21017320698613
-0.21416495157007
-0.21832420298791
-0.22266112599715
-0.22718671999414
-0.23191290967002
-0.23685264841546
-0.24202003674127
-0.24743045848005
-0.25310073816298
-0.25904932376836
-0.26529650006852
-0.27186463913592
-0.27877849631246
-0.28606556224276
-0.29375648462715
-0.30188557744984
-0.31049144099145
-0.31961772352889
-0.32931406610495
-0.33963728634419
-0.35065287779993
-0.36243693038698
-0.37507861900954
-0.38868346737509
-0.40337768094249
-0.41931397015004
-0.43667947240854
-0.45570665904251
-0.47668852747947
-0.49999999999998
