-0.49984640041973
-0.45945607130594
-0.42437083978322
-0.39372781527769
-0.36682771146231
-0.34309987079046
-0.32207550708408
-0.30336708582636
-0.28665232057214
-0.27166166524972
-0.25816847218137
-0.24598119655467
-0.23493718237741
-0.22489767853941
-0.21574381774216
-0.20737335376548
-0.19969799956275
-0.19264124415158
-0.18613655319091
-0.18012587869063
-0.17455841908357
-0.16938958307914
-0.16458012018331
-0.16009538816047
-0.15590473351344
-0.15198096563522
-0.14829990891463
-0.14484001997004
-0.14158205949979
-0.13850881009967
-0.13560483290119
-0.13285625710422
-0.13025059747087
-0.12777659565985
-0.12542408194757
-0.12318385443159
-0.12104757326633
-0.11900766785815
-0.11705725526052
-0.11519006827243
-0.11340039196235
-0.11168300752519
-0.11003314253464
-0.10844642678521
-0.1069188530291
-0.10544674200839
-0.10402671126283
-0.10265564726294
-0.1013306804767
-0.10004916302879
-0.098808648654569
-0.097606874688682
-0.096441745860263
-0.095311319694715
-0.094213793346307
-0.093147491706823
-0.092110856653807
-0.091102437317901
-0.090120881262709
-0.08916492648278
-0.088233394135966
-0.087325181935811
-0.086439258137797
-0.085574656060558
-0.084730469089512
-0.083905846116029
-0.083099987370201
-0.082312140609686
-0.081541597631022
-0.080787691073255
-0.080049791486775
-0.079327304643061
-0.078619669063377
-0.077926353746747
-0.077246856079348
-0.076580699909318
-0.075927433772439
-0.075286629255562
-0.074657879485952
-0.074040797735725
-0.073435016131664
-0.072840184461553
-0.072255969068979
-0.071682051829288
-0.071118129200071
-0.070563911340081
-0.070019121291105
-0.06948349421774
-0.068956776700461
-0.068438726077836
-0.067929109834005
-0.067427705027941
-0.066934297761294
-0.066448682681849
-0.065970662519925
-0.065500047655251
-0.065036655712038
-0.064580311180153
-0.064130845060511
-0.063688094532921
-0.063251902644732
-0.06282211801883
-0.0623985945796
-0.061981191295576
-0.061569771937629
-0.061164204851588
-0.060764362744351
-0.060370122482498
-0.059981364902619
-0.05959797463253
-0.059219839922673
-0.058846852487006
-0.058478907352784
-0.058115902718627
-0.057757739820358
-0.057404322804103
-0.057055558606189
-0.056711356839419
-0.056371629685323
-0.056036291792003
-0.055705260177241
-0.055378454136543
-0.055055795155806
-0.054737206828369
-0.05442261477613
-0.054111946574539
-0.053805131681211
-0.053502101367952
-0.053202788656018
-0.052907128254394
-0.052615056500943
-0.052326511306253
-0.052041432100045
-0.051759759779971
-0.051481436662708
-0.051206406437195
-0.050934614119903
-0.050666006012044
-0.050400529658601
-0.050138133809073
-0.049878768379888
-0.049622384418339
-0.049368934068017
-0.049118370535636
-0.048870648059177
-0.048625721877317
-0.048383548200036
-0.048144084180378
-0.047907287887298
-0.047673118279529
-0.047441535180449
-0.047212499253884
-0.04698597198079
-0.046761915636802
-0.046540293270592
-0.046321068682992
-0.04610420640688
-0.045889671687748
-0.045677430464962
-0.045467449353658
-0.045259695627271
-0.045054137200638
-0.044850742613669
-0.044649481015579
-0.044450322149604
-0.044253236338257
-0.04405819446902
-0.043865167980516
-0.04367412884912
-0.043485049575979
-0.043297903174447
-0.043112663157897
-0.04292930352792
-0.042747798762872
-0.042568123806767
-0.042390254058502
-0.042214165361405
-0.042039833993085
-0.041867236655577
-0.041696350465778
-0.04152715294615
-0.041359622015688
-0.04119373598115
-0.041029473528524
-0.04086681371474
-0.040705735959598
-0.040546220037933
-0.040388246071981
-0.040231794523961
-0.04007684618884
-0.039923382187312
-0.039771383958939
-0.039620833255496
-0.039471712134469
-0.039324002952732
-0.039177688360385
-0.03903275129475
-0.038889174974515
-0.038746942894032
-0.038606038817754
-0.038466446774809
-0.038328151053719
-0.038191136197228
-0.038055386997283
-0.037920888490114
-0.037787625951446
-0.037655584891823
-0.037524751052046
-0.037395110398708
-0.037266649119855
-0.037139353620731
-0.037013210519627
-0.036888206643836
-0.036764329025692
-0.036641564898694
-0.036519901693743
-0.036399327035434
-0.036279828738458
-0.036161394804071
-0.036044013416639
-0.035927672940282
-0.035812361915564
-0.035698069056276
-0.035584783246285
-0.035472493536445
-0.035361189141592
-0.035250859437584
-0.035141493958419
-0.035033082393413
-0.034925614584432
-0.034819080523193
-0.034713470348616
-0.034608774344231
-0.034504982935644
-0.034402086688057
-0.034300076303832
-0.034198942620116
-0.034098676606509
-0.033999269362782
-0.033900712116643
-0.033802996221546
-0.033706113154546
-0.033610054514205
-0.033514812018525
-0.033420377502936
-0.033326742918322
-0.033233900329085
-0.033141841911242
-0.033050559950575
-0.0329600468408
-0.032870295081789
-0.03278129727781
-0.03269304613582
-0.032605534463775
-0.032518755168985
-0.032432701256492
-0.03234736582749
-0.032262742077764
-0.032178823296163
-0.032095602863111
-0.032013074249139
-0.031931231013435
-0.031850066802446
-0.031769575348485
-0.031689750468374
-0.031610586062111
-0.031532076111564
-0.031454214679183
-0.031376995906746
-0.03130041401412
-0.031224463298049
-0.031149138130967
-0.031074432959822
-0.031000342304938
-0.030926860758885
-0.030853982985376
-0.03078170371818
-0.030710017760061
-0.03063891998173
-0.030568405320821
-0.030498468780881
-0.03042910543038
-0.030360310401744
-0.030292078890398
-0.030224406153827
-0.030157287510661
-0.030090718339765
-0.030024694079359
-0.029959210226138
-0.029894262334421
-0.029829846015308
-0.029765956935857
-0.029702590818265
-0.029639743439078
-0.029577410628402
-0.029515588269137
-0.029454272296216
-0.029393458695868
-0.029333143504883
-0.029273322809895
-0.029213992746677
-0.029155149499451
-0.029096789300199
-0.029038908428004
-0.028981503208381
-0.028924570012642
-0.028868105257248
-0.028812105403194
-0.028756566955391
-0.02870148646206
-0.028646860514143
-0.028592685744713
-0.028538958828409
-0.028485676480866
-0.02843283545816
-0.028380432556264
-0.028328464610516
-0.028276928495084
-0.028225821122453
-0.028175139442915
-0.028124880444066
-0.028075041150313
-0.028025618622388
-0.027976609956876
-0.027928012285744
-0.027879822775874
-0.027832038628617
-0.027784657079345
-0.027737675397009
-0.02769109088371
-0.027644900874277
-0.027599102735838
-0.027553693867427
-0.027508671699563
-0.027464033693861
-0.027419777342642
-0.02737590016854
-0.027332399724133
-0.027289273591564
-0.027246519382178
-0.027204134736157
-0.027162117322171
-0.027120464837025
-0.027079175005317
-0.027038245579095
-0.02699767433754
-0.026957459086611
-0.026917597658754
-0.026878087912565
-0.026838927732481
-0.026800115028482
-0.026761647735776
-0.026723523814513
-0.026685741249488
-0.026648298049851
-0.026611192248825
-0.026574421903433
-0.026537985094213
-0.026501879924958
-0.026466104522441
-0.026430657036162
-0.026395535638086
-0.026360738522389
-0.026326263905212
-0.026292110024409
-0.026258275139314
-0.026224757530498
-0.026191555499533
-0.026158667368769
-0.026126091481099
-0.02609382619974
-0.026061869908014
-0.026030221009129
-0.025998877925969
-0.025967839100882
-0.025937102995476
-0.025906668090414
-0.025876532885215
-0.025846695898059
-0.025817155665592
-0.025787910742732
-0.02575895970249
-0.025730301135778
-0.025701933651228
-0.025673855875022
-0.025646066450701
-0.025618564039005
-0.025591347317695
-0.025564414981393
-0.025537765741406
-0.025511398325573
-0.025485311478098
-0.0254595039594
-0.025433974545956
-0.025408722030143
-0.025383745220092
-0.025359042939544
-0.0253346140277
-0.025310457339081
-0.025286571743383
-0.025262956125348
-0.025239609384615
-0.025216530435597
-0.025193718207349
-0.025171171643429
-0.025148889701775
-0.025126871354593
-0.025105115588208
-0.025083621402969
-0.02506238781311
-0.025041413846645
-0.025020698545242
-0.025000240964124
-0.024980040171943
-0.024960095250681
-0.024940405295535
-0.024920969414816
-0.024901786729843
-0.024882856374839
-0.024864177496833
-0.024845749255561
-0.024827570823365
-0.024809641385108
-0.024791960138064
-0.024774526291838
-0.024757339068274
-0.024740397701363
-0.024723701437156
-0.024707249533682
-0.024691041260856
-0.024675075900409
-0.024659352745794
-0.024643871102112
-0.024628630286036
-0.02461362962573
-0.02459886846078
-0.024584346142109
-0.024570062031919
-0.024556015503606
-0.024542205941707
-0.02452863274181
-0.02451529531051
-0.024502193065327
-0.024489325434652
-0.024476691857675
-0.024464291784335
-0.024452124675245
-0.024440190001654
-0.024428487245365
-0.024417015898697
-0.024405775464424
-0.024394765455716
-0.024383985396097
-0.024373434819386
-0.024363113269646
-0.024353020301142
-0.024343155478285
-0.02433351837559
-0.024324108577633
-0.024314925679
-0.02430596928425
-0.024297239007865
-0.024288734474222
-0.024280455317541
-0.024272401181853
-0.024264571720959
-0.024256966598399
-0.024249585487405
-0.024242428070886
-0.024235494041373
-0.024228783101005
-0.024222294961486
-0.024216029344064
-0.024209985979492
-0.02420416460801
-0.024198564979318
-0.024193186852534
-0.024188029996195
-0.024183094188213
-0.024178379215861
-0.024173884875752
-0.024169610973811
-0.024165557325268
-0.024161723754626
-0.024158110095654
-0.024154716191363
-0.024151541893996
-0.024148587065008
-0.024145851575057
-0.024143335303991
-0.024141038140834
-0.024138959983778
-0.02413710074017
-0.024135460326507
-0.024134038668427
-0.024132835700703
-0.024131851367232
-0.024131085621043
-0.024130538424277
-0.024130209748198
-0.024130099573183
-0.024130207888725
-0.024130534693432
-0.02413107999503
-0.024131843810359
-0.024132826165384
-0.024134027095198
-0.024135446644019
-0.024137084865207
-0.024138941821263
-0.024141017583842
-0.02414331223376
-0.024145825861001
-0.024148558564735
-0.024151510453325
-0.02415468164434
-0.024158072264572
-0.024161682450047
-0.024165512346044
-0.024169562107113
-0.024173831897089
-0.024178321889111
-0.024183032265651
-0.02418796321852
-0.024193114948905
-0.024198487667384
-0.024204081593949
-0.024209896958035
-0.024215933998547
-0.024222192963885
-0.02422867411197
-0.024235377710278
-0.02424230403587
-0.024249453375422
-0.024256826025254
-0.02426442229137
-0.024272242489492
-0.024280286945094
-0.024288555993438
-0.024297049979611
-0.024305769258572
-0.024314714195183
-0.024323885164258
-0.024333282550598
-0.024342906749044
-0.024352758164511
-0.024362837212047
-0.02437314431687
-0.024383679914422
-0.024394444450413
-0.024405438380879
-0.024416662172236
-0.024428116301317
-0.024439801255448
-0.024451717532489
-0.024463865640901
-0.024476246099795
-0.024488859439
-0.024501706199118
-0.024514786931593
-0.024528102198765
-0.024541652573946
-0.02455543864148
-0.024569460996811
-0.024583720246553
-0.024598217008564
-0.024612951912014
-0.024627925597455
-0.024643138716903
-0.024658591933914
-0.024674285923656
-0.024690221372993
-0.024706398980564
-0.024722819456866
-0.024739483524339
-0.024756391917445
-0.024773545382768
-0.024790944679088
-0.024808590577481
-0.024826483861408
-0.024844625326809
-0.024863015782194
-0.024881656048747
-0.024900546960422
-0.024919689364039
-0.024939084119391
-0.024958732099349
-0.024978634189962
-0.024998791290569
-0.025019204313907
-0.025039874186226
-0.025060801847394
-0.025081988251019
-0.025103434364563
-0.025125141169462
-0.025147109661248
-0.025169340849672
-0.025191835758826
-0.025214595427273
-0.025237620908174
-0.025260913269427
-0.025284473593788
-0.025308302979018
-0.025332402538017
-0.025356773398961
-0.025381416705449
-0.025406333616647
-0.02543152530744
-0.025456992968569
-0.025482737806794
-0.025508761045047
-0.025535063922586
-0.025561647695161
-0.025588513635163
-0.025615663031806
-0.025643097191284
-0.02567081743694
-0.025698825109444
-0.025727121566968
-0.025755708185364
-0.025784586358344
-0.025813757497663
-0.025843223033309
-0.025872984413697
-0.025903043105852
-0.025933400595614
-0.025964058387832
-0.025995018006574
-0.026026280995322
-0.026057848917188
-0.026089723355131
-0.02612190591216
-0.026154398211563
-0.026187201897128
-0.026220318633368
-0.026253750105751
-0.02628749802093
-0.02632156410699
-0.026355950113676
-0.026390657812651
-0.026425688997734
-0.026461045485155
-0.026496729113819
-0.026532741745556
-0.02656908526539
-0.026605761581816
-0.026642772627056
-0.026680120357356
-0.026717806753254
-0.026755833819872
-0.026794203587206
-0.026832918110426
-0.026871979470167
-0.026911389772846
-0.026951151150963
-0.026991265763423
-0.02703173579585
-0.027072563460914
-0.027113750998666
-0.02715530067687
-0.027197214791345
-0.027239495666306
-0.027282145654732
-0.027325167138708
-0.027368562529793
-0.027412334269395
-0.027456484829141
-0.027501016711262
-0.02754593244898
-0.027591234606898
-0.02763692578141
-0.027683008601096
-0.027729485727145
-0.027776359853774
-0.027823633708651
-0.027871310053334
-0.02791939168371
-0.02796788143044
-0.028016782159426
-0.028066096772259
-0.028115828206705
-0.028165979437173
-0.02821655347521
-0.028267553369986
-0.028318982208808
-0.028370843117622
-0.028423139261537
-0.028475873845353
-0.028529050114101
-0.02858267135358
-0.028636740890923
-0.028691262095155
-0.02874623837777
-0.028801673193311
-0.028857570039968
-0.028913932460178
-0.028970764041239
-0.029028068415936
-0.029085849263174
-0.02914411030862
-0.029202855325368
-0.029262088134598
-0.029321812606255
-0.029382032659745
-0.029442752264632
-0.029503975441356
-0.029565706261957
-0.029627948850811
-0.029690707385393
-0.029753986097023
-0.029817789271664
-0.029882121250696
-0.029946986431737
-0.030012389269447
-0.030078334276371
-0.030144826023788
-0.030211869142563
-0.030279468324039
-0.03034762832092
-0.030416353948187
-0.030485650084018
-0.030555521670732
-0.030625973715749
-0.030697011292561
-0.03076863954173
-0.030840863671896
-0.030913688960808
-0.030987120756363
-0.031061164477685
-0.031135825616199
-0.031211109736745
-0.031287022478692
-0.031363569557096
-0.031440756763857
-0.031518589968913
-0.031597075121443
-0.031676218251101
-0.031756025469275
-0.031836502970362
-0.03191765703306
-0.03199949402171
-0.032082020387633
-0.032165242670509
-0.03224916749978
-0.032333801596077
-0.032419151772669
-0.032505224936951
-0.032592028091954
-0.032679568337875
-0.032767852873655
-0.032856888998572
-0.032946684113868
-0.033037245724411
-0.033128581440387
-0.033220698979025
-0.033313606166351
-0.033407310938986
-0.03350182134597
-0.033597145550625
-0.033693291832459
-0.033790268589098
-0.033888084338269
-0.033986747719805
-0.034086267497712
-0.03418665256226
-0.034287911932123
-0.034390054756561
-0.034493090317648
-0.034597028032544
-0.034701877455811
-0.034807648281784
-0.03491435034698
-0.035021993632571
-0.03513058826689
-0.035240144528011
-0.035350672846363
-0.035462183807411
-0.035574688154393
-0.035688196791112
-0.035802720784784
-0.03591827136896
-0.036034859946494
-0.036152498092595
-0.036271197557919
-0.036390970271765
-0.036511828345298
-0.036633784074887
-0.03675684994548
-0.036881038634084
-0.037006363013296
-0.037132836154943
-0.037260471333776
-0.037389282031271
-0.037519281939504
-0.037650484965127
-0.037782905233415
-0.037916557092438
-0.038051455117311
-0.03818761411454
-0.038325049126501
-0.038463775435984
-0.038603808570889
-0.038745164309001
-0.038887858682911
-0.039031907985038
-0.039177328772788
-0.039324137873826
-0.03947235239151
-0.039621989710425
-0.039773067502096
-0.039925603730821
-0.040079616659668
-0.040235124856623
-0.04039214720091
-0.040550702889463
-0.040710811443588
-0.040872492715799
-0.041035766896828
-0.041200654522851
-0.041367176482896
-0.041535354026462
-0.041705208771358
-0.041876762711761
-0.042050038226504
-0.042225058087607
-0.042401845469052
-0.042580423955833
-0.042760817553244
-0.042943050696485
-0.043127148260528
-0.043313135570297
-0.043501038411169
-0.043690883039795
-0.043882696195261
-0.04407650511061
-0.044272337524741
-0.044470221694669
-0.044670186408229
-0.04487226099716
-0.045076475350655
-0.045282859929362
-0.045491445779863
-0.045702264549661
-0.045915348502677
-0.046130730535318
-0.046348444193099
-0.046568523687871
-0.04679100391569
-0.047015920475336
-0.047243309687522
-0.047473208614834
-0.047705655082436
-0.047940687699568
-0.04817834588188
-0.048418669874667
-0.04866170077701
-0.048907480566903
-0.049156052127408
-0.049407459273889
-0.049661746782378
-0.049918960419145
-0.05017914697153
-0.050442354280112
-0.050708631272275
-0.050978027997258
-0.05125059566278
-0.051526386673311
-0.051805454670091
-0.052087854573004
-0.052373642624403
-0.052662876435006
-0.052955615031977
-0.053251918909343
-0.053551850080851
-0.053855472135452
-0.054162850295532
-0.054474051478094
-0.054789144359047
-0.055108199440802
-0.055431289123408
-0.055758487779388
-0.056089871832584
-0.05642551984123
-0.056765512585518
-0.057109933159966
-0.057458867070914
-0.057812402339463
-0.058170629610215
-0.058533642266255
-0.058901536550717
-0.059274411695464
-0.0596523700573
-0.060035517262297
-0.060423962358752
-0.060817817979409
-0.061217200513599
-0.061622230289986
-0.062033031770708
-0.062449733757722
-0.06287246961224
-0.063301377488218
-0.06373660058096
-0.064178287391925
-0.064626592010991
-0.065081674417479
-0.065543700801347
-0.06601284390618
-0.066489283395553
-0.066973206244688
-0.067464807159334
-0.067964289024063
-0.068471863382304
-0.068987750950688
-0.06951218217048
-0.070045397799126
-0.070587649545235
-0.071139200750594
-0.07170032712315
-0.072271317525273
-0.072852474822012
-0.073444116794471
-0.07404657712397
-0.074660206453147
-0.075285373530797
-0.075922466447856
-0.076571893972736
-0.077234086994944
-0.077909500086911
-0.078598613194844
-0.079301933470648
-0.080019997258103
-0.08075337224787
-0.081502659817509
-0.082268497574281
-0.083051562120534
-0.083852572063506
-0.084672291293873
-0.085511532559975
-0.086371161367683
-0.087252100239319
-0.088155333368728
-0.089081911714036
-0.090032958574364
-0.091009675702303
-0.092013350010133
-0.093045360934792
-0.094107188534584
-0.095200422399645
-0.096326771468577
-0.097488074855313
-0.09868631380385
-0.099923624903773
-0.10120231471721
-0.10252487598808
-0.10389400562788
-0.10531262469907
-0.10678390064836
-0.10831127207812
-0.10989847638591
-0.111549580651
-0.11326901620309
-0.11506161737528
-0.11693266502064
-0.11888793546332
-0.12093375566289
-0.12307706549779
-0.12532548822452
-0.12768741034893
-0.13017207235972
-0.13278967203055
-0.13555148230475
-0.13846998614768
-0.14155903120049
-0.14483400761424
-0.14831205310856
-0.15201229011371
-0.15595610085759
-0.16016744749902
-0.16467324594852
-0.169503803941
-0.17469333633911
-0.18028057369319
-0.18630948395276
-0.19283013216622
-0.19989970935586
-0.20758376997086
-0.21595772801926
-0.22510867600944
-0.23513760936282
-0.24616216361762
-0.25832000480671
-0.27177305807418
-0.2867128204613
-0.30336708738747
-0.32200853811772
-0.34296578718082
-0.36663773641453
-0.39351238580495
-0.42419172482802
-0.45942499602846
