-1.3348348676355
-1.0775935676885
-0.92943927670851
-0.83013455450677
-0.75645356206823
-0.69794713228337
-0.64928752446122
-0.6075676310105
-0.57107047997055
-0.53869695713621
-0.50969183438411
-0.48350583085464
-0.45972165424238
-0.4380116211635
-0.41811179572534
-0.39980531354088
-0.38291112213786
-0.36727608660944
-0.35276928078543
-0.33927775067742
-0.32670330014755
-0.31496000457332
-0.30397225445723
-0.29367319238909
-0.28400344717589
-0.27491009614991
-0.26634580533361
-0.2582681101751
-0.25063880881232
-0.24342344647448
-0.23659087448024
-0.23011287087824
-0.22396381246127
-0.21812038992248
-0.21256135948692
-0.20726732556729
-0.20222054994912
-0.19740478376983
-0.19280511916585
-0.18840785795574
-0.18420039513057
-0.18017111525522
-0.17630930015933
-0.17260504652667
-0.16904919218454
-0.16563325005737
-0.16234934888667
-0.15919017993693
-0.15614894900707
-0.15321933315334
-0.15039544160319
-0.14767178040357
-0.1450432204023
-0.14250496820879
-0.14005253982222
-0.13768173665115
-0.1353886236805
-0.13316950956914
-0.13102092848576
-0.1289396235117
-0.1269225314585
-0.12496676896382
-0.12306961974438
-0.12122852289712
-0.11944106215119
-0.11770495598334
-0.11601804851838
-0.11437830114411
-0.11278378477714
-0.11123267272256
-0.10972323407561
-0.10825382761884
-0.10682289617259
-0.10542896136045
-0.10407061875529
-0.10274653337435
-0.10145543549483
-0.10019611676428
-0.098967426581893
-0.097768268729535
-0.096597598232704
-0.095454418433662
-0.094337778260395
-0.093246769676481
-0.092180525298198
-0.091138216166418
-0.090119049661776
-0.089122267552646
-0.088147144166266
-0.087192984674115
-0.08625912348346
-0.085344922727492
-0.084449770847211
-0.083573081258649
-0.082714291099582
-0.081872860050306
-0.08104826922346
-0.080240020118305
-0.079447633635104
-0.078670649145767
-0.077908623616944
-0.07716113078228
-0.076427760360639
-0.075708117317349
-0.075001821165799
-0.074308505306815
-0.0736278164035
-0.072959413789344
-0.072302968907582
-0.071658164779885
-0.071024695502614
-0.070402265769059
-0.069790590416036
-0.069189393993483
-0.06859841035566
-0.068017382272762
-0.067446061061713
-0.066884206235101
-0.066331585167206
-0.065787972776156
-0.065253151221331
-0.064726909615165
-0.064209043748553
-0.063699355829126
-0.063197654231717
-0.062703753260314
-0.062217472920958
-0.061738638704947
-0.061267081381844
-0.060802636801756
-0.060345145706416
-0.05989445354861
-0.059450410319543
-0.059012870383688
-0.058581692320822
-0.058156738774821
-0.057737876308899
-0.057324975267019
-0.05691790964107
-0.05651655694365
-0.056120798086107
-0.055730517261602
-0.055345601832967
-0.054965942225118
-0.054591431821828
-0.054221966866618
-0.053857446367626
-0.053497772006228
-0.05314284804926
-0.052792581264673
-0.052446880840459
-0.052105658306722
-0.051768827460718
-0.051436304294768
-0.051108006926897
-0.050783855534076
-0.050463772287985
-0.05014768129313
-0.04983550852728
-0.049527181784071
-0.049222630617719
-0.048921786289722
-0.048624581717506
-0.048330951424903
-0.048040831494387
-0.047754159521006
-0.047470874567955
-0.047190917123684
-0.046914229060501
-0.046640753594625
-0.046370435247599
-0.046103219809027
-0.045839054300578
-0.045577886941224
-0.045319667113628
-0.045064345331662
-0.044811873209013
-0.044562203428831
-0.044315289714355
-0.04407108680053
-0.043829550406525
-0.04359063720916
-0.043354304817169
-0.043120511746306
-0.042889217395235
-0.042660382022186
-0.042433966722348
-0.042209933405971
-0.041988244777161
-0.041768864313306
-0.041551756245178
-0.041336885537606
-0.041124217870771
-0.040913719622056
-0.040705357848446
-0.040499100269454
-0.040294915250581
-0.040092771787238
-0.039892639489163
-0.039694488565297
-0.039498289809109
-0.039304014584325
-0.039111634811122
-0.038921122952658
-0.038732452002039
-0.03854559546965
-0.038360527370829
-0.038177222213916
-0.037995654988613
-0.037815801154704
-0.037637636631058
-0.03746113778497
-0.037286281421765
-0.037113044774722
-0.036941405495251
-0.036771341643347
-0.036602831678312
-0.036435854449711
-0.036270389188593
-0.036106415498931
-0.035943913349303
-0.035782863064782
-0.035623245319063
-0.035465041126762
-0.035308231835961
-0.035152799120915
-0.034998724974965
-0.034845991703626
-0.034694581917863
-0.034544478527538
-0.034395664734997
-0.034248124028909
-0.034101840178112
-0.033956797225779
-0.033812979483601
-0.033670371526196
-0.033528958185622
-0.033388724546032
-0.033249655938468
-0.033111737935778
-0.032974956347659
-0.032839297215821
-0.032704746809273
-0.032571291619717
-0.03243891835706
-0.032307613945026
-0.03217736551688
-0.032048160411259
-0.03191998616808
-0.031792830524575
-0.031666681411399
-0.031541526948836
-0.031417355443091
-0.03129415538268
-0.031171915434879
-0.031050624442297
-0.030930271419464
-0.030810845549577
-0.030692336181253
-0.03057473282539
-0.03045802515209
-0.030342202987656
-0.030227256311651
-0.030113175254031
-0.029999950092329
-0.02988757124892
-0.029776029288327
-0.029665314914606
-0.029555418968767
-0.029446332426283
-0.02933804639461
-0.029230552110809
-0.029123840939175
-0.02901790436896
-0.028912734012104
-0.028808321601047
-0.028704658986572
-0.028601738135697
-0.028499551129611
-0.028398090161653
-0.028297347535346
-0.028197315662451
-0.028097987061081
-0.027999354353841
-0.027901410266009
-0.027804147623772
-0.027707559352467
-0.02761163847489
-0.027516378109617
-0.027421771469367
-0.027327811859414
-0.027234492675989
-0.027141807404772
-0.027049749619366
-0.026958312979824
-0.0268674912312
-0.026777278202144
-0.026687667803486
-0.026598654026905
-0.026510230943564
-0.026422392702823
-0.026335133530945
-0.026248447729836
-0.026162329675825
-0.026076773818432
-0.02599177467921
-0.025907326850556
-0.02582342499459
-0.025740063842013
-0.025657238191044
-0.025574942906312
-0.025493172917819
-0.025411923219893
-0.02533118887018
-0.025250964988645
-0.025171246756593
-0.025092029415706
-0.025013308267111
-0.024935078670446
-0.024857336042956
-0.024780075858602
-0.024703293647192
-0.024626984993517
-0.024551145536514
-0.024475770968435
-0.024400857034038
-0.024326399529792
-0.02425239430309
-0.024178837251484
-0.024105724321933
-0.024033051510057
-0.023960814859412
-0.023889010460779
-0.023817634451454
-0.023746683014573
-0.023676152378411
-0.023606038815747
-0.023536338643187
-0.023467048220533
-0.023398163950148
-0.023329682276341
-0.023261599684753
-0.023193912701763
-0.023126617893896
-0.02305971186725
-0.022993191266923
-0.02292705277646
-0.022861293117299
-0.022795909048238
-0.022730897364896
-0.022666254899205
-0.022601978518886
-0.022538065126949
-0.022474511661201
-0.022411315093758
-0.02234847243056
-0.022285980710909
-0.022223837007005
-0.022162038423485
-0.022100582096977
-0.02203946519567
-0.021978684918863
-0.021918238496556
-0.021858123189018
-0.021798336286385
-0.021738875108248
-0.021679737003259
-0.021620919348733
-0.021562419550266
-0.021504235041358
-0.02144636328303
-0.021388801763465
-0.021331547997647
-0.021274599526991
-0.021217953919012
-0.021161608766965
-0.021105561689518
-0.021049810330403
-0.020994352358103
-0.020939185465514
-0.020884307369638
-0.020829715811262
-0.020775408554658
-0.020721383387263
-0.020667638119398
-0.020614170583961
-0.020560978636143
-0.020508060153138
-0.020455413033867
-0.020403035198699
-0.020350924589172
-0.020299079167738
-0.020247496917481
-0.020196175841875
-0.020145113964511
-0.020094309328861
-0.020043759998007
-0.019993464054419
-0.019943419599698
-0.019893624754347
-0.01984407765753
-0.019794776466843
-0.019745719358092
-0.019696904525057
-0.019648330179287
-0.019599994549866
-0.019551895883214
-0.01950403244286
-0.019456402509251
-0.019409004379531
-0.01936183636735
-0.01931489680266
-0.019268184031513
-0.019221696415881
-0.019175432333456
-0.019129390177464
-0.019083568356479
-0.01903796529424
-0.018992579429475
-0.018947409215713
-0.018902453121125
-0.018857709628334
-0.018813177234268
-0.018768854449958
-0.018724739800408
-0.018680831824412
-0.018637129074395
-0.018593630116259
-0.018550333529228
-0.018507237905686
-0.018464341851031
-0.018421643983528
-0.018379142934149
-0.018336837346447
-0.018294725876388
-0.01825280719223
-0.018211079974368
-0.01816954291521
-0.018128194719029
-0.018087034101835
-0.01804605979124
-0.018005270526326
-0.017964665057522
-0.017924242146474
-0.017884000565913
-0.01784393909954
-0.017804056541904
-0.017764351698275
-0.017724823384524
-0.017685470427017
-0.01764629166249
-0.017607285937937
-0.017568452110491
-0.017529789047337
-0.017491295625561
-0.017452970732076
-0.017414813263507
-0.017376822126078
-0.017338996235514
-0.017301334516931
-0.017263835904748
-0.017226499342572
-0.017189323783112
-0.017152308188068
-0.017115451528047
-0.01707875278246
-0.017042210939431
-0.017005824995704
-0.016969593956555
-0.016933516835694
-0.016897592655182
-0.016861820445336
-0.016826199244657
-0.016790728099723
-0.016755406065121
-0.016720232203357
-0.016685205584771
-0.016650325287463
-0.016615590397203
-0.016581000007356
-0.016546553218805
-0.016512249139871
-0.016478086886239
-0.016444065580871
-0.016410184353953
-0.016376442342799
-0.016342838691789
-0.016309372552299
-0.016276043082619
-0.016242849447898
-0.016209790820057
-0.016176866377738
-0.016144075306221
-0.016111416797367
-0.016078890049545
-0.016046494267574
-0.016014228662651
-0.015982092452294
-0.015950084860271
-0.015918205116542
-0.015886452457206
-0.015854826124419
-0.015823325366357
-0.015791949437139
-0.01576069759678
-0.015729569111125
-0.015698563251797
-0.015667679296139
-0.015636916527153
-0.015606274233457
-0.015575751709211
-0.015545348254088
-0.015515063173197
-0.015484895777042
-0.015454845381469
-0.015424911307613
-0.015395092881848
-0.015365389435736
-0.015335800305972
-0.015306324834351
-0.015276962367696
-0.01524771225783
-0.015218573861517
-0.01518954654042
-0.015160629661051
-0.01513182259473
-0.015103124717537
-0.01507453541026
-0.015046054058364
-0.015017680051939
-0.014989412785654
-0.014961251658724
-0.014933196074857
-0.014905245442218
-0.014877399173385
-0.014849656685311
-0.014822017399279
-0.014794480740865
-0.014767046139898
-0.01473971303042
-0.014712480850646
-0.014685349042933
-0.014658317053725
-0.014631384333536
-0.0146045503369
-0.014577814522338
-0.01455117635232
-0.014524635293235
-0.01449819081534
-0.014471842392752
-0.014445589503379
-0.014419431628919
-0.0143933682548
-0.014367398870161
-0.014341522967814
-0.014315740044212
-0.014290049599414
-0.014264451137057
-0.014238944164318
-0.014213528191891
-0.014188202733954
-0.01416296730812
-0.014137821435442
-0.014112764640346
-0.014087796450624
-0.014062916397399
-0.014038124015094
-0.014013418841399
-0.013988800417254
-0.013964268286808
-0.013939821997401
-0.013915461099527
-0.013891185146814
-0.013866993695994
-0.013842886306874
-0.013818862542315
-0.013794921968201
-0.013771064153409
-0.013747288669795
-0.013723595092159
-0.013699982998223
-0.013676451968601
-0.013653001586786
-0.013629631439111
-0.013606341114736
-0.013583130205618
-0.013559998306492
-0.013536945014837
-0.013513969930866
-0.013491072657499
-0.013468252800331
-0.013445509967623
-0.01342284377027
-0.013400253821782
-0.013377739738265
-0.013355301138392
-0.013332937643391
-0.013310648877015
-0.013288434465526
-0.013266294037672
-0.013244227224667
-0.013222233660174
-0.013200312980277
-0.013178464823468
-0.013156688830623
-0.013134984644988
-0.01311335191215
-0.013091790280028
-0.013070299398845
-0.013048878921116
-0.013027528501625
-0.013006247797413
-0.012985036467748
-0.012963894174119
-0.012942820580209
-0.012921815351883
-0.012900878157169
-0.012880008666233
-0.012859206551382
-0.012838471487025
-0.012817803149657
-0.012797201217866
-0.012776665372287
-0.012756195295607
-0.012735790672533
-0.012715451189789
-0.012695176536091
-0.012674966402138
-0.012654820480584
-0.012634738466043
-0.01261472005505
-0.012594764946065
-0.01257487283945
-0.012555043437448
-0.012535276444182
-0.012515571565628
-0.012495928509606
-0.012476346985768
-0.012456826705573
-0.012437367382291
-0.01241796873097
-0.012398630468431
-0.012379352313259
-0.012360133985777
-0.012340975208049
-0.012321875703848
-0.012302835198656
-0.012283853419647
-0.012264930095672
-0.012246064957253
-0.012227257736555
-0.012208508167394
-0.01218981598521
-0.012171180927057
-0.012152602731597
-0.012134081139072
-0.012115615891319
-0.012097206731729
-0.012078853405256
-0.012060555658391
-0.012042313239161
-0.012024125897112
-0.012005993383298
-0.011987915450275
-0.011969891852075
-0.011951922344219
-0.011934006683677
-0.011916144628882
-0.011898335939708
-0.011880580377457
-0.011862877704855
-0.011845227686036
-0.011827630086539
-0.011810084673283
-0.011792591214573
-0.011775149480083
-0.011757759240843
-0.011740420269234
-0.011723132338977
-0.011705895225116
-0.011688708704021
-0.011671572553374
-0.011654486552144
-0.011637450480605
-0.011620464120307
-0.011603527254071
-0.011586639665981
-0.011569801141375
-0.011553011466834
-0.011536270430179
-0.011519577820453
-0.011502933427917
-0.011486337044044
-0.011469788461506
-0.011453287474163
-0.011436833877064
-0.01142042746643
-0.011404068039648
-0.011387755395259
-0.011371489332961
-0.01135526965359
-0.011339096159115
-0.011322968652628
-0.011306886938345
-0.011290850821584
-0.01127486010877
-0.011258914607417
-0.011243014126131
-0.01122715847459
-0.011211347463547
-0.011195580904818
-0.01117985861127
-0.011164180396829
-0.01114854607645
-0.011132955466132
-0.011117408382892
-0.011101904644773
-0.011086444070829
-0.011071026481115
-0.011055651696692
-0.011040319539605
-0.011025029832889
-0.011009782400552
-0.010994577067581
-0.010979413659919
-0.010964292004471
-0.010949211929091
-0.010934173262583
-0.010919175834683
-0.010904219476059
-0.01088930401831
-0.01087442929395
-0.010859595136405
-0.010844801380014
-0.010830047860003
-0.01081533441251
-0.010800660874549
-0.01078602708402
-0.010771432879698
-0.010756878101231
-0.010742362589132
-0.010727886184768
-0.010713448730365
-0.010699050068992
-0.010684690044558
-0.010670368501816
-0.010656085286342
-0.010641840244539
-0.010627633223629
-0.010613464071651
-0.010599332637448
-0.010585238770667
-0.010571182321756
-0.01055716314195
-0.010543181083279
-0.010529235998548
-0.010515327741342
-0.010501456166017
-0.010487621127695
-0.010473822482263
-0.010460060086361
-0.010446333797382
-0.010432643473468
-0.010418988973497
-0.010405370157091
-0.0103917868846
-0.010378239017103
-0.0103647264164
-0.010351248945011
-0.01033780646617
-0.01032439884382
-0.010311025942605
-0.01029768762787
-0.010284383765656
-0.010271114222697
-0.010257878866408
-0.010244677564888
-0.010231510186917
-0.010218376601945
-0.010205276680087
-0.010192210292129
-0.010179177309514
-0.010166177604343
-0.010153211049367
-0.010140277517985
-0.010127376884241
-0.010114509022816
-0.010101673809029
-0.010088871118831
-0.010076100828794
-0.010063362816124
-0.01005065695864
-0.010037983134775
-0.010025341223579
-0.010012731104707
-0.010000152658419
-0.0099876057655749
-0.0099750903076305
-0.0099626061666381
-0.0099501532252298
-0.0099377313666398
-0.0099253404746667
-0.0099129804336987
-0.0099006511286929
-0.0098883524451793
-0.0098760842692575
-0.0098638464875866
-0.0098516389873905
-0.0098394616564486
-0.0098273143830929
-0.0098151970562081
-0.0098031095652242
-0.0097910518001136
-0.0097790236513918
-0.0097670250101059
-0.0097550557678442
-0.0097431158167208
-0.0097312050493738
-0.0097193233589712
-0.0097074706392045
-0.0096956467842652
-0.0096838516888835
-0.0096720852482817
-0.0096603473581987
-0.0096486379148776
-0.0096369568150608
-0.0096253039559951
-0.0096136792354182
-0.0096020825515637
-0.0095905138031528
-0.009578972889392
-0.0095674597099807
-0.0095559741650912
-0.0095445161553769
-0.0095330855819679
-0.0095216823464621
-0.0095103063509337
-0.0094989574979202
-0.0094876356904244
-0.0094763408319095
-0.0094650728262994
-0.0094538315779723
-0.0094426169917609
-0.0094314289729496
-0.0094202674272646
-0.0094091322608853
-0.0093980233804312
-0.0093869406929601
-0.0093758841059692
-0.0093648535273894
-0.0093538488655839
-0.0093428700293485
-0.0093319169279022
-0.0093209894708919
-0.0093100875683861
-0.0092992111308729
-0.0092883600692585
-0.0092775342948617
-0.0092667337194183
-0.0092559582550695
-0.009245207814368
-0.0092344823102702
-0.009223781656136
-0.0092131057657268
-0.0092024545532009
-0.0091918279331141
-0.009181225820415
-0.0091706481304466
-0.0091600947789379
-0.0091495656820066
-0.0091390607561524
-0.0091285799182653
-0.0091181230856076
-0.0091076901758233
-0.0090972811069346
-0.0090868957973339
-0.009076534165788
-0.0090661961314303
-0.0090558816137717
-0.0090455905326746
-0.0090353228083748
-0.0090250783614651
-0.0090148571128999
-0.0090046589839909
-0.0089944838964049
-0.0089843317721613
-0.0089742025336281
-0.0089640961035333
-0.0089540124049395
-0.0089439513612626
-0.0089339128962585
-0.0089238969340276
-0.0089139033990079
-0.0089039322159761
-0.0088939833100443
-0.0088840566066621
-0.0088741520316002
-0.0088642695109769
-0.0088544089712268
-0.0088445703391104
-0.0088347535417211
-0.0088249585064693
-0.0088151851610945
-0.008805433433642
-0.0087957032524849
-0.0087859945463118
-0.008776307244126
-0.0087666412752356
-0.0087569965692706
-0.0087473730561632
-0.0087377706661539
-0.0087281893297891
-0.0087186289779241
-0.0087090895417069
-0.0086995709525929
-0.0086900731423398
-0.0086805960429954
-0.0086711395869045
-0.0086617037067108
-0.0086522883353478
-0.0086428934060403
-0.0086335188523023
-0.0086241646079349
-0.0086148306070285
-0.0086055167839561
-0.0085962230733752
-0.0085869494102209
-0.008577695729716
-0.0085684619673548
-0.0085592480589146
-0.008550053940446
-0.0085408795482715
-0.0085317248189906
-0.0085225896894713
-0.0085134740968543
-0.008504377978546
-0.0084953012722173
-0.0084862439158144
-0.0084772058475368
-0.0084681870058525
-0.0084591873294926
-0.0084502067574422
-0.0084412452289494
-0.0084323026835199
-0.0084233790609111
-0.0084144743011397
-0.008405588344475
-0.0083967211314348
-0.0083878726027896
-0.0083790426995584
-0.0083702313630113
-0.0083614385346611
-0.008352664156267
-0.0083439081698334
-0.0083351705176056
-0.0083264511420717
-0.0083177499859618
-0.00830906699224
-0.0083004021041122
-0.008291755265022
-0.0082831264186424
-0.0082745155088858
-0.0082659224798966
-0.0082573472760484
-0.0082487898419476
-0.0082402501224283
-0.0082317280625547
-0.0082232236076149
-0.0082147367031258
-0.0082062672948259
-0.0081978153286816
-0.0081893807508752
-0.0081809635078149
-0.0081725635461275
-0.0081641808126587
-0.0081558152544717
-0.0081474668188446
-0.0081391354532758
-0.0081308211054735
-0.0081225237233597
-0.0081142432550732
-0.0081059796489576
-0.0080977328535705
-0.0080895028176773
-0.0080812894902515
-0.0080730928204727
-0.0080649127577282
-0.0080567492516102
-0.0080486022519099
-0.008040471708628
-0.0080323575719628
-0.0080242597923138
-0.0080161783202817
-0.0080081131066639
-0.0080000641024568
-0.0079920312588531
-0.0079840145272408
-0.007976013859203
-0.0079680292065192
-0.0079600605211557
