-9.55343 0.012223 0.893148
-8.73344 -4.28695e-07 0.746832
-8.04314 8.37065e-07 0.63376
-7.45398 -3.80433e-07 0.544569
-6.9452 -4.96631e-07 0.472977
-6.50139 1.28343e-06 0.414639
-6.11084 -1.45079e-06 0.366474
-5.76448 1.393e-06 0.326247
-5.4552 -8.83513e-07 0.292304
-5.17735 5.21985e-06 0.263401
-4.92636 -1.48707e-06 0.238587
-4.6985 -2.19675e-06 0.217125
-4.49072 1.29887e-05 0.198439
-4.30046 9.29385e-06 0.182068
-4.12561 -1.60711e-06 0.167647
-3.96435 -8.34924e-06 0.154876
-3.81515 9.88688e-06 0.143513
-3.67671 2.73492e-05 0.133359
-3.54791 5.27608e-05 0.124249
-3.42776 5.10183e-05 0.116043
-3.31543 9.79584e-08 0.108626
-3.21017 -3.06948e-06 0.1019
-3.11133 7.99106e-05 0.0957816
-3.01834 0.000477256 0.0902
-2.93069 0.00138041 0.085094
-2.84794 0.00304401 0.0804111
-2.76968 0.00576537 0.0761058
-2.69556 0.00971475 0.0721386
-2.62525 0.0150161 0.068475
-2.55847 0.0218098 0.0650848
-2.49496 0.0300323 0.0619414
-2.43447 0.0395189 0.0590214
-2.37681 0.0501352 0.0563042
-2.32177 0.0614636 0.0537715
-2.26918 0.0733517 0.0514068
-2.21888 0.0853676 0.0491957
-2.17072 0.0972061 0.047125
-2.12457 0.108568 0.0451833
-2.0803 0.119195 0.04336
-2.03779 0.128801 0.0416456
-1.99696 0.137295 0.0400317
-1.95769 0.14456 0.0385105
-1.91989 0.150506 0.0370751
-1.8835 0.155189 0.0357191
-1.84842 0.158584 0.0344369
-1.81459 0.160765 0.033223
-1.78194 0.161874 0.0320729
-1.75041 0.16204 0.030982
-1.71995 0.161371 0.0299465
-1.69049 0.159932 0.0289625
-1.662 0.157953 0.0280267
-1.63442 0.155509 0.0271361
-1.60771 0.15275 0.0262878
-1.58182 0.149792 0.0254791
-1.55673 0.146769 0.0247077
-1.53239 0.143732 0.0239711
-1.50877 0.140708 0.0232675
-1.48584 0.137955 0.0225949
-1.46357 0.135286 0.0219513
-1.44192 0.132997 0.0213353
-1.42088 0.130916 0.0207453
-1.40042 0.129286 0.0201798
-1.38051 0.12806 0.0196374
-1.36113 0.12718 0.019117
-1.34227 0.126818 0.0186174
-1.32389 0.126804 0.0181374
-1.30598 0.127343 0.0176761
-1.28853 0.128243 0.0172325
-1.27151 0.129631 0.0168057
-1.25491 0.131478 0.0163948
-1.23871 0.133745 0.0159992
-1.2229 0.136365 0.015618
-1.20747 0.139424 0.0152505
-1.19239 0.142768 0.0148962
-1.17767 0.146411 0.0145543
-1.16328 0.150337 0.0142243
-1.14922 0.154623 0.0139057
-1.13546 0.159105 0.0135979
-1.12201 0.163741 0.0133005
-1.10886 0.16859 0.0130129
-1.09598 0.173514 0.0127349
-1.08338 0.178682 0.0124659
-1.07105 0.183746 0.0122055
-1.05897 0.188927 0.0119535
-1.04714 0.194126 0.0117094
-1.03555 0.199272 0.0114729
-1.02419 0.204389 0.0112437
-1.01305 0.209353 0.0110215
-1.00214 0.214501 0.0108061
-0.99144 0.219361 0.0105971
-0.980944 0.224005 0.0103943
-0.970648 0.228731 0.0101974
-0.960546 0.233259 0.0100063
-0.950633 0.237614 0.0098207
-0.940902 0.241927 0.0096404
-0.931349 0.245854 0.00946519
-0.921969 0.250033 0.00929488
-0.912757 0.2537 0.00912931
-0.903708 0.257293 0.00896829
-0.894818 0.26072 0.00881166
-0.886083 0.263906 0.00865925
-0.877498 0.26711 0.00851093
-0.869059 0.269982 0.00836654
-0.860763 0.27305 0.00822596
-0.852605 0.275748 0.00808903
-0.844583 0.278036 0.00795565
-0.836692 0.280318 0.00782569
-0.82893 0.282685 0.00769903
-0.821293 0.284466 0.00757556
-0.813777 0.286322 0.00745518
-0.806381 0.288101 0.00733779
-0.7991 0.289559 0.00722328
-0.791933 0.2909 0.00711156
-0.784876 0.292141 0.00700255
-0.777927 0.293359 0.00689616
-0.771082 0.294177 0.0067923
-0.764341 0.294827 0.00669089
-0.757699 0.295322 0.00659186
-0.751156 0.295884 0.00649514
-0.744708 0.296247 0.00640065
-0.738353 0.295957 0.00630833
-0.73209 0.296026 0.00621811
-0.725916 0.29573 0.00612992
-0.719829 0.295374 0.00604371
-0.713828 0.294664 0.00595942
-0.70791 0.293942 0.00587699
-0.702073 0.293035 0.00579637
-0.696316 0.29201 0.0057175
-0.690637 0.290735 0.00564034
-0.685034 0.289479 0.00556484
-0.679507 0.287826 0.00549094
-0.674052 0.286396 0.00541861
-0.668669 0.284584 0.0053478
-0.663355 0.282572 0.00527847
-0.658111 0.280621 0.00521057
-0.652934 0.278242 0.00514408
-0.647822 0.276225 0.00507894
-0.642775 0.273907 0.00501513
-0.637791 0.271092 0.0049526
-0.632869 0.268484 0.00489134
-0.628008 0.265867 0.00483129
-0.623206 0.263327 0.00477243
-0.618463 0.260309 0.00471473
-0.613776 0.257881 0.00465815
-0.609146 0.254636 0.00460268
-0.60457 0.251883 0.00454827
-0.600049 0.248695 0.00449491
-0.59558 0.245615 0.00444257
-0.591163 0.242627 0.00439122
-0.586797 0.239454 0.00434084
-0.582481 0.2365 0.0042914
-0.578214 0.233609 0.00424288
-0.573995 0.230562 0.00419525
-0.569823 0.227603 0.0041485
-0.565697 0.224675 0.00410261
-0.561617 0.22169 0.00405755
-0.557582 0.218689 0.0040133
-0.55359 0.216115 0.00396985
-0.549642 0.213188 0.00392718
-0.545735 0.210333 0.00388526
-0.541871 0.207766 0.00384408
-0.538047 0.205075 0.00380363
-0.534263 0.202558 0.00376388
-0.530519 0.20007 0.00372482
-0.526813 0.19766 0.00368644
-0.523146 0.195371 0.00364871
-0.519515 0.19318 0.00361163
-0.515922 0.190738 0.00357518
-0.512365 0.188781 0.00353935
-0.508843 0.186621 0.00350411
-0.505356 0.184798 0.00346947
-0.501904 0.18248 0.0034354
-0.498485 0.181043 0.0034019
-0.4951 0.17892 0.00336894
-0.491747 0.177458 0.00333653
-0.488426 0.175669 0.00330464
-0.485137 0.174242 0.00327328
-0.48188 0.172673 0.00324241
-0.478652 0.171502 0.00321204
-0.475455 0.169958 0.00318216
-0.472288 0.168638 0.00315275
-0.469149 0.167417 0.00312381
-0.46604 0.166019 0.00309532
-0.462959 0.165167 0.00306728
-0.459905 0.16443 0.00303967
-0.456879 0.163299 0.00301249
-0.45388 0.162152 0.00298573
-0.450907 0.161356 0.00295938
-0.447961 0.160362 0.00293344
-0.44504 0.159527 0.00290789
-0.442145 0.15921 0.00288272
-0.439275 0.158636 0.00285794
-0.436429 0.157916 0.00283352
-0.433607 0.157561 0.00280947
-0.43081 0.157024 0.00278578
-0.428036 0.15654 0.00276244
-0.425285 0.156188 0.00273944
-0.422557 0.15581 0.00271678
-0.419851 0.155757 0.00269446
-0.417168 0.155126 0.00267245
-0.414506 0.155129 0.00265077
-0.411866 0.155077 0.00262939
-0.409247 0.155077 0.00260833
-0.406649 0.154682 0.00258756
-0.404072 0.154941 0.00256709
-0.401515 0.155257 0.00254691
-0.398978 0.155303 0.00252701
-0.396461 0.155408 0.0025074
-0.393963 0.155694 0.00248806
-0.391484 0.156332 0.00246899
-0.389025 0.156987 0.00245018
-0.386584 0.157101 0.00243163
-0.384161 0.157794 0.00241334
-0.381757 0.158692 0.0023953
-0.379371 0.159483 0.00237751
-0.377002 0.160406 0.00235995
-0.374651 0.161713 0.00234264
-0.372317 0.162377 0.00232556
-0.369999 0.163735 0.00230871
-0.367699 0.165367 0.00229208
-0.365415 0.166863 0.00227568
-0.363148 0.168295 0.00225949
-0.360896 0.170114 0.00224352
-0.35866 0.171407 0.00222776
-0.35644 0.173682 0.00221221
-0.354236 0.175306 0.00219686
-0.352047 0.177315 0.00218172
-0.349872 0.179925 0.00216676
-0.347713 0.182315 0.00215201
-0.345568 0.18441 0.00213744
-0.343438 0.187679 0.00212306
-0.341322 0.190336 0.00210887
-0.33922 0.193055 0.00209485
-0.337132 0.196519 0.00208102
-0.335058 0.19934 0.00206736
-0.332997 0.203211 0.00205387
-0.33095 0.206236 0.00204056
-0.328916 0.210562 0.00202741
-0.326895 0.21425 0.00201442
-0.324887 0.217741 0.0020016
-0.322892 0.222615 0.00198894
-0.320909 0.226458 0.00197644
-0.318939 0.231192 0.00196408
-0.316981 0.235414 0.00195189
-0.315035 0.240758 0.00193984
-0.313101 0.245745 0.00192794
-0.311179 0.250863 0.00191618
-0.309269 0.256536 0.00190457
-0.30737 0.260902 0.0018931
-0.305483 0.266767 0.00188177
-0.303606 0.272046 0.00187057
-0.301741 0.277838 0.00185951
-0.299887 0.283456 0.00184858
-0.298044 0.28931 0.00183779
-0.296212 0.295157 0.00182712
-0.29439 0.300904 0.00181658
-0.292578 0.307301 0.00180616
-0.290777 0.313966 0.00179587
-0.288987 0.319856 0.0017857
-0.287206 0.326159 0.00177565
-0.285435 0.333394 0.00176571
-0.283675 0.34043 0.0017559
-0.281923 0.346289 0.00174619
-0.280182 0.352747 0.0017366
-0.27845 0.359588 0.00172713
-0.276728 0.366163 0.00171776
-0.275015 0.373461 0.0017085
-0.273311 0.380228 0.00169934
-0.271616 0.386501 0.0016903
-0.26993 0.393255 0.00168135
-0.268253 0.400287 0.00167251
-0.266585 0.40678 0.00166377
-0.264926 0.413094 0.00165513
-0.263275 0.419584 0.00164659
-0.261632 0.426289 0.00163814
-0.259998 0.432561 0.00162979
-0.258373 0.43914 0.00162154
-0.256755 0.44543 0.00161337
-0.255146 0.451352 0.0016053
-0.253545 0.457891 0.00159732
-0.251951 0.463474 0.00158943
-0.250366 0.469865 0.00158163
-0.248788 0.475812 0.00157391
-0.247218 0.481244 0.00156628
-0.245655 0.486842 0.00155874
-0.2441 0.492125 0.00155128
-0.242553 0.496918 0.0015439
-0.241012 0.501913 0.0015366
-0.239479 0.506592 0.00152939
-0.237954 0.511014 0.00152225
-0.236435 0.515271 0.00151519
-0.234923 0.519431 0.00150821
-0.233418 0.522976 0.00150131
-0.231921 0.526626 0.00149448
-0.230429 0.530023 0.00148773
-0.228945 0.53309 0.00148105
-0.227467 0.53669 0.00147444
-0.225996 0.538585 0.0014679
-0.224531 0.540501 0.00146144
-0.223073 0.542803 0.00145504
-0.221621 0.54458 0.00144872
-0.220176 0.546373 0.00144246
-0.218736 0.547423 0.00143627
-0.217303 0.548175 0.00143015
-0.215876 0.548816 0.00142409
-0.214455 0.548916 0.0014181
-0.21304 0.549192 0.00141218
-0.211631 0.54855 0.00140631
-0.210227 0.548435 0.00140051
-0.20883 0.547371 0.00139477
-0.207438 0.546285 0.0013891
-0.206051 0.544195 0.00138348
-0.204671 0.542658 0.00137793
-0.203295 0.54003 0.00137243
-0.201926 0.537457 0.00136699
-0.200561 0.534542 0.00136161
-0.199202 0.531322 0.00135629
-0.197849 0.527891 0.00135103
-0.1965 0.524142 0.00134582
-0.195157 0.520398 0.00134066
-0.193819 0.515784 0.00133556
-0.192486 0.511408 0.00133052
-0.191158 0.505988 0.00132553
-0.189835 0.50061 0.00132059
-0.188517 0.496 0.0013157
-0.187203 0.490189 0.00131087
-0.185895 0.483932 0.00130609
-0.184591 0.477803 0.00130135
-0.183292 0.471358 0.00129667
-0.181998 0.464328 0.00129204
-0.180708 0.457123 0.00128746
-0.179423 0.450531 0.00128292
-0.178142 0.442278 0.00127844
-0.176866 0.435458 0.001274
-0.175594 0.42814 0.00126961
-0.174327 0.420151 0.00126526
-0.173064 0.411803 0.00126096
-0.171805 0.403759 0.00125671
-0.17055 0.395038 0.0012525
-0.1693 0.386022 0.00124834
-0.168054 0.378578 0.00124422
-0.166811 0.369305 0.00124015
-0.165573 0.360498 0.00123611
-0.164339 0.351904 0.00123212
-0.163109 0.343736 0.00122818
-0.161883 0.335218 0.00122427
-0.16066 0.325206 0.00122041
-0.159442 0.317228 0.00121659
-0.158227 0.307992 0.00121281
-0.157016 0.298601 0.00120907
-0.155809 0.291057 0.00120537
-0.154606 0.282903 0.00120171
-0.153406 0.274386 0.00119809
-0.152209 0.265626 0.00119451
-0.151017 0.25713 0.00119097
-0.149827 0.250182 0.00118746
-0.148642 0.241542 0.00118399
-0.147459 0.2338 0.00118056
-0.14628 0.225749 0.00117717
-0.145105 0.218443 0.00117382
-0.143933 0.211856 0.0011705
-0.142764 0.204342 0.00116721
-0.141598 0.198065 0.00116397
-0.140436 0.19187 0.00116075
-0.139277 0.185553 0.00115758
-0.138121 0.179842 0.00115444
-0.136968 0.17483 0.00115133
-0.135818 0.169695 0.00114826
-0.134671 0.164793 0.00114522
-0.133528 0.160684 0.00114221
-0.132387 0.156305 0.00113924
-0.131249 0.153159 0.0011363
-0.130114 0.149381 0.0011334
-0.128982 0.147061 0.00113052
-0.127853 0.144344 0.00112768
-0.126727 0.142656 0.00112487
-0.125604 0.140924 0.0011221
-0.124483 0.140185 0.00111935
-0.123365 0.139551 0.00111664
-0.12225 0.139725 0.00111395
-0.121137 0.140279 0.0011113
-0.120027 0.141566 0.00110868
-0.11892 0.143076 0.00110608
-0.117815 0.144873 0.00110352
-0.116712 0.147429 0.00110099
-0.115613 0.150627 0.00109849
-0.114516 0.154435 0.00109601
-0.113421 0.158107 0.00109357
-0.112328 0.162705 0.00109115
-0.111238 0.167661 0.00108877
-0.110151 0.173268 0.00108641
-0.109066 0.179408 0.00108408
-0.107983 0.185663 0.00108177
-0.106902 0.193286 0.0010795
-0.105824 0.200827 0.00107725
-0.104747 0.209147 0.00107503
-0.103674 0.216817 0.00107284
-0.102602 0.226616 0.00107067
-0.101532 0.23652 0.00106853
-0.100465 0.24712 0.00106642
-0.0993993 0.257151 0.00106433
-0.098336 0.268866 0.00106227
-0.0972748 0.280267 0.00106024
-0.0962155 0.290996 0.00105823
-0.0951583 0.303372 0.00105625
-0.094103 0.316404 0.00105429
-0.0930497 0.329397 0.00105236
-0.0919983 0.342751 0.00105046
-0.0909488 0.356139 0.00104858
-0.0899011 0.370397 0.00104672
-0.0888553 0.384258 0.00104489
-0.0878113 0.398852 0.00104308
-0.0867692 0.413495 0.0010413
-0.0857287 0.426942 0.00103954
-0.0846901 0.443559 0.00103781
-0.0836531 0.458342 0.0010361
-0.0826179 0.474522 0.00103441
-0.0815843 0.489273 0.00103275
-0.0805523 0.503821 0.00103111
-0.079522 0.519699 0.00102949
-0.0784933 0.534593 0.0010279
-0.0774662 0.549725 0.00102633
-0.0764407 0.565462 0.00102478
-0.0754167 0.58077 0.00102326
-0.0743941 0.595943 0.00102176
-0.0733731 0.610674 0.00102028
-0.0723536 0.624607 0.00101883
-0.0713355 0.639412 0.00101739
-0.0703188 0.653428 0.00101598
-0.0693035 0.667273 0.00101459
-0.0682896 0.680631 0.00101323
-0.067277 0.693398 0.00101188
-0.0662658 0.706058 0.00101056
-0.0652559 0.717781 0.00100926
-0.0642473 0.729491 0.00100798
-0.0632399 0.740539 0.00100672
-0.0622338 0.750838 0.00100548
-0.0612289 0.760565 0.00100427
-0.0602253 0.769521 0.00100307
-0.0592228 0.777871 0.0010019
-0.0582215 0.785719 0.00100075
-0.0572213 0.792535 0.000999618
-0.0562222 0.798893 0.000998507
-0.0552242 0.803645 0.000997418
-0.0542274 0.808336 0.000996349
-0.0532315 0.811656 0.0009953
-0.0522368 0.813847 0.000994273
-0.051243 0.816124 0.000993265
-0.0502502 0.816725 0.000992278
-0.0492584 0.816236 0.000991311
-0.0482676 0.814545 0.000990364
-0.0472777 0.812634 0.000989438
-0.0462887 0.8092 0.000988531
-0.0453006 0.805026 0.000987645
-0.0443134 0.799718 0.000986778
-0.043327 0.79344 0.000985931
-0.0423415 0.786147 0.000985104
-0.0413568 0.777356 0.000984297
-0.0403729 0.767789 0.000983509
-0.0393898 0.757155 0.000982741
-0.0384074 0.746646 0.000981992
-0.0374258 0.73487 0.000981263
-0.0364449 0.722288 0.000980553
-0.0354647 0.707947 0.000979862
-0.0344852 0.6928 0.000979191
-0.0335063 0.676738 0.000978539
-0.0325281 0.660258 0.000977906
-0.0315505 0.643173 0.000977292
-0.0305735 0.625659 0.000976698
-0.0295971 0.607877 0.000976122
-0.0286212 0.588464 0.000975566
-0.0276459 0.56894 0.000975028
-0.0266712 0.548187 0.000974509
-0.0256969 0.528665 0.000974009
-0.0247231 0.508197 0.000973528
-0.0237498 0.488163 0.000973066
-0.022777 0.466623 0.000972623
-0.0218046 0.446226 0.000972198
-0.0208326 0.425789 0.000971792
-0.019861 0.405252 0.000971405
-0.0188898 0.384721 0.000971036
-0.0179189 0.364325 0.000970686
-0.0169484 0.344988 0.000970354
-0.0159782 0.326 0.000970041
-0.0150083 0.307664 0.000969747
-0.0140387 0.288643 0.000969471
-0.0130693 0.272781 0.000969214
-0.0121002 0.255031 0.000968975
-0.0111314 0.239939 0.000968754
-0.0101627 0.226405 0.000968552
-0.00919427 0.213509 0.000968368
-0.00822598 0.201409 0.000968203
-0.00725785 0.190827 0.000968056
-0.00628986 0.181579 0.000967928
-0.00532199 0.172555 0.000967818
-0.00435422 0.164537 0.000967726
-0.00338653 0.159373 0.000967653
-0.0024189 0.154883 0.000967598
-0.00145132 0.151413 0.000967561
-0.000483771 0.151447 0.000967543
0.000483771 0.150663 0.000967543
0.00145132 0.151677 0.000967561
0.0024189 0.154357 0.000967598
0.00338653 0.157916 0.000967653
0.00435422 0.164918 0.000967726
0.00532199 0.171913 0.000967818
0.00628986 0.181413 0.000967928
0.00725785 0.18903 0.000968056
0.00822598 0.200861 0.000968203
0.00919427 0.213257 0.000968368
0.0101627 0.227599 0.000968552
0.0111314 0.24106 0.000968754
0.0121002 0.255188 0.000968975
0.0130693 0.272012 0.000969214
0.0140387 0.289566 0.000969471
0.0150083 0.308155 0.000969747
0.0159782 0.325543 0.000970041
0.0169484 0.344165 0.000970354
0.0179189 0.3648 0.000970686
0.0188898 0.384368 0.000971036
0.019861 0.405706 0.000971405
0.0208326 0.425595 0.000971792
0.0218046 0.445737 0.000972198
0.022777 0.466934 0.000972623
0.0237498 0.487236 0.000973066
0.0247231 0.509031 0.000973528
0.0256969 0.528552 0.000974009
0.0266712 0.54833 0.000974509
0.0276459 0.568981 0.000975028
0.0286212 0.588621 0.000975566
0.0295971 0.608072 0.000976122
0.0305735 0.624909 0.000976698
0.0315505 0.644192 0.000977292
0.0325281 0.661569 0.000977906
0.0335063 0.677363 0.000978539
0.0344852 0.692801 0.000979191
0.0354647 0.708061 0.000979862
0.0364449 0.722298 0.000980553
0.0374258 0.735153 0.000981263
0.0384074 0.746389 0.000981992
0.0393898 0.75827 0.000982741
0.0403729 0.767966 0.000983509
0.0413568 0.777986 0.000984297
0.0423415 0.787822 0.000985104
0.043327 0.793404 0.000985931
0.0443134 0.799335 0.000986778
0.0453006 0.804945 0.000987645
0.0462887 0.808315 0.000988531
0.0472777 0.81219 0.000989438
0.0482676 0.815265 0.000990364
0.0492584 0.816326 0.000991311
0.0502502 0.81555 0.000992278
0.051243 0.81671 0.000993265
0.0522368 0.81486 0.000994273
0.0532315 0.811149 0.0009953
0.0542274 0.808368 0.000996349
0.0552242 0.804225 0.000997418
0.0562222 0.798682 0.000998507
0.0572213 0.791982 0.000999618
0.0582215 0.786104 0.00100075
0.0592228 0.778215 0.0010019
0.0602253 0.769868 0.00100307
0.0612289 0.75989 0.00100427
0.0622338 0.752584 0.00100548
0.0632399 0.742672 0.00100672
0.0642473 0.729289 0.00100798
0.0652559 0.719133 0.00100926
0.0662658 0.705987 0.00101056
0.067277 0.693117 0.00101188
0.0682896 0.681019 0.00101323
0.0693035 0.666859 0.00101459
0.0703188 0.654118 0.00101598
0.0713355 0.639442 0.00101739
0.0723536 0.625457 0.00101883
0.0733731 0.610683 0.00102028
0.0743941 0.596771 0.00102176
0.0754167 0.58134 0.00102326
0.0764407 0.566231 0.00102478
0.0774662 0.550218 0.00102633
0.0784933 0.535679 0.0010279
0.079522 0.519726 0.00102949
0.0805523 0.50407 0.00103111
0.0815843 0.488407 0.00103275
0.0826179 0.474108 0.00103441
0.0836531 0.458447 0.0010361
0.0846901 0.443396 0.00103781
0.0857287 0.427753 0.00103954
0.0867692 0.412275 0.0010413
0.0878113 0.398189 0.00104308
0.0888553 0.384081 0.00104489
0.0899011 0.36963 0.00104672
0.0909488 0.355237 0.00104858
0.0919983 0.342408 0.00105046
0.0930497 0.329299 0.00105236
0.094103 0.316717 0.00105429
0.0951583 0.303978 0.00105625
0.0962155 0.292212 0.00105823
0.0972748 0.278908 0.00106024
0.098336 0.268524 0.00106227
0.0993993 0.257154 0.00106433
0.100465 0.245449 0.00106642
0.101532 0.236436 0.00106853
0.102602 0.226711 0.00107067
0.103674 0.217037 0.00107284
0.104747 0.208698 0.00107503
0.105824 0.201296 0.00107725
0.106902 0.194296 0.0010795
0.107983 0.185939 0.00108177
0.109066 0.17901 0.00108408
0.110151 0.173237 0.00108641
0.111238 0.167658 0.00108877
0.112328 0.162911 0.00109115
0.113421 0.158026 0.00109357
0.114516 0.153101 0.00109601
0.115613 0.150916 0.00109849
0.116712 0.147124 0.00110099
0.117815 0.145499 0.00110352
0.11892 0.143123 0.00110608
0.120027 0.140609 0.00110868
0.121137 0.140235 0.0011113
0.12225 0.140027 0.00111395
0.123365 0.139873 0.00111664
0.124483 0.140869 0.00111935
0.125604 0.142329 0.0011221
0.126727 0.144275 0.00112487
0.127853 0.14571 0.00112768
0.128982 0.147324 0.00113052
0.130114 0.14979 0.0011334
0.131249 0.152899 0.0011363
0.132387 0.157126 0.00113924
0.133528 0.160923 0.00114221
0.134671 0.164297 0.00114522
0.135818 0.169669 0.00114826
0.136968 0.176319 0.00115133
0.138121 0.179206 0.00115444
0.139277 0.185551 0.00115758
0.140436 0.191848 0.00116075
0.141598 0.198383 0.00116397
0.142764 0.20523 0.00116721
0.143933 0.211472 0.0011705
0.145105 0.218713 0.00117382
0.14628 0.225383 0.00117717
0.147459 0.23384 0.00118056
0.148642 0.240558 0.00118399
0.149827 0.249602 0.00118746
0.151017 0.257265 0.00119097
0.152209 0.265725 0.00119451
0.153406 0.273854 0.00119809
0.154606 0.282347 0.00120171
0.155809 0.291071 0.00120537
0.157016 0.299753 0.00120907
0.158227 0.30845 0.00121281
0.159442 0.317093 0.00121659
0.16066 0.325841 0.00122041
0.161883 0.334583 0.00122427
0.163109 0.343335 0.00122818
0.164339 0.352322 0.00123212
0.165573 0.360743 0.00123611
0.166811 0.369439 0.00124015
0.168054 0.37802 0.00124422
0.1693 0.386538 0.00124834
0.17055 0.394919 0.0012525
0.171805 0.403231 0.00125671
0.173064 0.41142 0.00126096
0.174327 0.419461 0.00126526
0.175594 0.427337 0.00126961
0.176866 0.435099 0.001274
0.178142 0.442684 0.00127844
0.179423 0.4501 0.00128292
0.180708 0.457321 0.00128746
0.181998 0.464312 0.00129204
0.183292 0.470894 0.00129667
0.184591 0.477573 0.00130135
0.185895 0.48332 0.00130609
0.187203 0.489729 0.00131087
0.188517 0.495581 0.0013157
0.189835 0.501256 0.00132059
0.191158 0.506271 0.00132553
0.192486 0.51122 0.00133052
0.193819 0.51584 0.00133556
0.195157 0.520185 0.00134066
0.1965 0.524275 0.00134582
0.197849 0.52806 0.00135103
0.199202 0.531514 0.00135629
0.200561 0.534639 0.00136161
0.201926 0.537506 0.00136699
0.203295 0.54 0.00137243
0.204671 0.542221 0.00137793
0.206051 0.544075 0.00138348
0.207438 0.545563 0.0013891
0.20883 0.546904 0.00139477
0.210227 0.547899 0.00140051
0.211631 0.548823 0.00140631
0.21304 0.549108 0.00141218
0.214455 0.549164 0.0014181
0.215876 0.548794 0.00142409
0.217303 0.548545 0.00143015
0.218736 0.547379 0.00143627
0.220176 0.546351 0.00144246
0.221621 0.54485 0.00144872
0.223073 0.543045 0.00145504
0.224531 0.540964 0.00146144
0.225996 0.538674 0.0014679
0.227467 0.536021 0.00147444
0.228945 0.533157 0.00148105
0.230429 0.530051 0.00148773
0.231921 0.526647 0.00149448
0.233418 0.523012 0.00150131
0.234923 0.519239 0.00150821
0.236435 0.515123 0.00151519
0.237954 0.51082 0.00152225
0.239479 0.506341 0.00152939
0.241012 0.501652 0.0015366
0.242553 0.496746 0.0015439
0.2441 0.491678 0.00155128
0.245655 0.486448 0.00155874
0.247218 0.481051 0.00156628
0.248788 0.475549 0.00157391
0.250366 0.469796 0.00158163
0.251951 0.463874 0.00158943
0.253545 0.457903 0.00159732
0.255146 0.451881 0.0016053
0.256755 0.445626 0.00161337
0.258373 0.4393 0.00162154
0.259998 0.432892 0.00162979
0.261632 0.426452 0.00163814
0.263275 0.419929 0.00164659
0.264926 0.41337 0.00165513
0.266585 0.406707 0.00166377
0.268253 0.400062 0.00167251
0.26993 0.393406 0.00168135
0.271616 0.386673 0.0016903
0.273311 0.379931 0.00169934
0.275015 0.373104 0.0017085
0.276728 0.366392 0.00171776
0.27845 0.35967 0.00172713
0.280182 0.353022 0.0017366
0.281923 0.346381 0.00174619
0.283675 0.339766 0.0017559
0.285435 0.333195 0.00176571
0.287206 0.326694 0.00177565
0.288987 0.320258 0.0017857
0.290777 0.313931 0.00179587
0.292578 0.307673 0.00180616
0.29439 0.301468 0.00181658
0.296212 0.29534 0.00182712
0.298044 0.289324 0.00183779
0.299887 0.283375 0.00184858
0.301741 0.277533 0.00185951
0.303606 0.271809 0.00187057
0.305483 0.266183 0.00188177
0.30737 0.260929 0.0018931
0.309269 0.255701 0.00190457
0.311179 0.250401 0.00191618
0.313101 0.245398 0.00192794
0.315035 0.240497 0.00193984
0.316981 0.235721 0.00195189
0.318939 0.23113 0.00196408
0.320909 0.226685 0.00197644
0.322892 0.222369 0.00198894
0.324887 0.217975 0.0020016
0.326895 0.214174 0.00201442
0.328916 0.21038 0.00202741
0.33095 0.206663 0.00204056
0.332997 0.203033 0.00205387
0.335058 0.199624 0.00206736
0.337132 0.196359 0.00208102
0.33922 0.193221 0.00209485
0.341322 0.190245 0.00210887
0.343438 0.187417 0.00212306
0.345568 0.184732 0.00213744
0.347713 0.182206 0.00215201
0.349872 0.179804 0.00216676
0.352047 0.177537 0.00218172
0.354236 0.175383 0.00219686
0.35644 0.17338 0.00221221
0.35866 0.171498 0.00222776
0.360896 0.169759 0.00224352
0.363148 0.168106 0.00225949
0.365415 0.166581 0.00227568
0.367699 0.165183 0.00229208
0.369999 0.163888 0.00230871
0.372317 0.162673 0.00232556
0.374651 0.161576 0.00234264
0.377002 0.160574 0.00235995
0.379371 0.159681 0.00237751
0.381757 0.158872 0.0023953
0.384161 0.15812 0.00241334
0.386584 0.157467 0.00243163
0.389025 0.156906 0.00245018
0.391484 0.156431 0.00246899
0.393963 0.156013 0.00248806
0.396461 0.155673 0.0025074
0.398978 0.155307 0.00252701
0.401515 0.155133 0.00254691
0.404072 0.15497 0.00256709
0.406649 0.154793 0.00258756
0.409247 0.154761 0.00260833
0.411866 0.154843 0.00262939
0.414506 0.154941 0.00265077
0.417168 0.155103 0.00267245
0.419851 0.155316 0.00269446
0.422557 0.155588 0.00271678
0.425285 0.155923 0.00273944
0.428036 0.156296 0.00276244
0.43081 0.156763 0.00278578
0.433607 0.157297 0.00280947
0.436429 0.15788 0.00283352
0.439275 0.158511 0.00285794
0.442145 0.159047 0.00288272
0.44504 0.159714 0.00290789
0.447961 0.160422 0.00293344
0.450907 0.161313 0.00295938
0.45388 0.162176 0.00298573
0.456879 0.163119 0.00301249
0.459905 0.164101 0.00303967
0.462959 0.165123 0.00306728
0.46604 0.166262 0.00309532
0.469149 0.167421 0.00312381
0.472288 0.168656 0.00315275
0.475455 0.169936 0.00318216
0.478652 0.171298 0.00321204
0.48188 0.172723 0.00324241
0.485137 0.17419 0.00327328
0.488426 0.17574 0.00330464
0.491747 0.177359 0.00333653
0.4951 0.179054 0.00336894
0.498485 0.180809 0.0034019
0.501904 0.182643 0.0034354
0.505356 0.18454 0.00346947
0.508843 0.186525 0.00350411
0.512365 0.188568 0.00353935
0.515922 0.190684 0.00357518
0.519515 0.193014 0.00361163
0.523146 0.195346 0.00364871
0.526813 0.197597 0.00368644
0.530519 0.200079 0.00372482
0.534263 0.202617 0.00376388
0.538047 0.205209 0.00380363
0.541871 0.207782 0.00384408
0.545735 0.210518 0.00388526
0.549642 0.213304 0.00392718
0.55359 0.216096 0.00396985
0.557582 0.218965 0.0040133
0.561617 0.221823 0.00405755
0.565697 0.224753 0.00410261
0.569823 0.227706 0.0041485
0.573995 0.230693 0.00419525
0.578214 0.233675 0.00424288
0.582481 0.236689 0.0042914
0.586797 0.239691 0.00434084
0.591163 0.242697 0.00439122
0.59558 0.245718 0.00444257
0.600049 0.248701 0.00449491
0.60457 0.251672 0.00454827
0.609146 0.254593 0.00460268
0.613776 0.257474 0.00465815
0.618463 0.260309 0.00471473
0.623206 0.263077 0.00477243
0.628008 0.265807 0.00483129
0.632869 0.268428 0.00489134
0.637791 0.27099 0.0049526
0.642775 0.273476 0.00501513
0.647822 0.275838 0.00507894
0.652934 0.278096 0.00514408
0.658111 0.280512 0.00521057
0.663355 0.282437 0.00527847
0.668669 0.284395 0.0053478
0.674052 0.286204 0.00541861
0.679507 0.287871 0.00549094
0.685034 0.289388 0.00556484
0.690637 0.290775 0.00564034
0.696316 0.292017 0.0057175
0.702073 0.29313 0.00579637
0.70791 0.294029 0.00587699
0.713828 0.294773 0.00595942
0.719829 0.295325 0.00604371
0.725916 0.29572 0.00612992
0.73209 0.29596 0.00621811
0.738353 0.296079 0.00630833
0.744708 0.296072 0.00640065
0.751156 0.295807 0.00649514
0.757699 0.295426 0.00659186
0.764341 0.294888 0.00669089
0.771082 0.294195 0.0067923
0.777927 0.293295 0.00689616
0.784876 0.29224 0.00700255
0.791933 0.291024 0.00711156
0.7991 0.289642 0.00722328
0.806381 0.288132 0.00733779
0.813777 0.286463 0.00745518
0.821293 0.284639 0.00757556
0.82893 0.282584 0.00769903
0.836692 0.280455 0.00782569
0.844583 0.278084 0.00795565
0.852605 0.27553 0.00808903
0.860763 0.2729 0.00822596
0.869059 0.270087 0.00836654
0.877498 0.267112 0.00851093
0.886083 0.263994 0.00865925
0.894818 0.260726 0.00881166
0.903708 0.257236 0.00896829
0.912757 0.253633 0.00912931
0.921969 0.249853 0.00929488
0.931349 0.245903 0.00946519
0.940902 0.241814 0.0096404
0.950633 0.237597 0.0098207
0.960546 0.233223 0.0100063
0.970648 0.22871 0.0101974
0.980944 0.224057 0.0103943
0.99144 0.2193 0.0105971
1.00214 0.214392 0.0108061
1.01305 0.209378 0.0110215
1.02419 0.204308 0.0112437
1.03555 0.199198 0.0114729
1.04714 0.194032 0.0117094
1.05897 0.188892 0.0119535
1.07105 0.183733 0.0122055
1.08338 0.178612 0.0124659
1.09598 0.173601 0.0127349
1.10886 0.168641 0.0130129
1.12201 0.163776 0.0133005
1.13546 0.159255 0.0135979
1.14922 0.154701 0.0139057
1.16328 0.150458 0.0142243
1.17767 0.146439 0.0145543
1.19239 0.142796 0.0148962
1.20747 0.139379 0.0152505
1.2229 0.136386 0.015618
1.23871 0.133726 0.0159992
1.25491 0.131544 0.0163948
1.27151 0.129685 0.0168057
1.28853 0.128224 0.0172325
1.30598 0.127306 0.0176761
1.32389 0.126905 0.0181374
1.34227 0.126783 0.0186174
1.36113 0.127191 0.019117
1.38051 0.128026 0.0196374
1.40042 0.129243 0.0201798
1.42088 0.130911 0.0207453
1.44192 0.13294 0.0213353
1.46357 0.135239 0.0219513
1.48584 0.13793 0.0225949
1.50877 0.140703 0.0232675
1.53239 0.143738 0.0239711
1.55673 0.146775 0.0247077
1.58182 0.149805 0.0254791
1.60771 0.152745 0.0262878
1.63442 0.155471 0.0271361
1.662 0.157942 0.0280267
1.69049 0.159936 0.0289625
1.71995 0.16139 0.0299465
1.75041 0.162027 0.030982
1.78194 0.161868 0.0320729
1.81459 0.160745 0.033223
1.84842 0.158555 0.0344369
1.8835 0.155179 0.0357191
1.91989 0.150532 0.0370751
1.95769 0.144532 0.0385105
1.99696 0.137275 0.0400317
2.03779 0.128813 0.0416456
2.0803 0.119189 0.04336
2.12457 0.108577 0.0451833
2.17072 0.0972113 0.047125
2.21888 0.0853811 0.0491957
2.26918 0.0733723 0.0514068
2.32177 0.0614981 0.0537715
2.37681 0.0500993 0.0563042
2.43447 0.0394974 0.0590214
2.49496 0.0300238 0.0619414
2.55847 0.0218056 0.0650848
2.62525 0.0150458 0.068475
2.69556 0.00970087 0.0721386
2.76968 0.00577196 0.0761058
2.84794 0.00306513 0.0804111
2.93069 0.00138132 0.085094
3.01834 0.000488002 0.0902
3.11133 8.43066e-05 0.0957816
3.21017 -1.12153e-05 0.1019
3.31543 1.37121e-05 0.108626
3.42776 4.44296e-05 0.116043
3.54791 4.90109e-05 0.124249
3.67671 3.36429e-05 0.133359
3.81515 1.92983e-06 0.143513
3.96435 -4.04284e-06 0.154876
4.12561 2.92658e-07 0.167647
4.30046 1.03525e-06 0.182068
4.49072 2.51977e-06 0.198439
4.6985 -6.37122e-07 0.217125
4.92636 -4.66284e-07 0.238587
5.17735 -3.43603e-06 0.263401
5.4552 3.74794e-06 0.292304
5.76448 -1.32679e-06 0.326247
6.11084 1.83056e-07 0.366474
6.50139 -4.45509e-07 0.414639
6.9452 2.38704e-07 0.472977
7.45398 4.2217e-07 0.544569
8.04314 -8.40474e-07 0.63376
8.73344 6.92354e-07 0.746832
9.55343 0.0122226 0.893148
