-0.5000000169436
-0.47937959354799
-0.46011097247067
-0.44208931926118
-0.42521883420262
-0.40941190938453
-0.39458836968628
-0.38067478882699
-0.36760387262408
-0.35531390247095
-0.34374823281111
-0.33285483706378
-0.32258589705554
-0.31289743154426
-0.30374895989256
-0.2951031973665
-0.2869257789071
-0.27918500855263
-0.2718516319843
-0.26489862992962
-0.25830103039174
-0.25203573788129
-0.24608137801332
-0.24041815599804
-0.23502772770268
-0.22989308209442
-0.22499843399338
-0.22032912617083
-0.21587153992338
-0.21161301333902
-0.20754176654796
-0.20364683331954
-0.1999179984286
-0.19634574027007
-0.19292117825037
-0.18963602452914
-0.18648253972529
-0.18345349223746
-0.18054212086208
-0.17774210042148
-0.17504751014126
-0.17245280454009
-0.16995278661696
-0.16754258314024
-0.16521762186101
-0.1629736104886
-0.16080651728148
-0.15871255311901
-0.15668815493212
-0.15472997038128
-0.15283484368015
-0.15099980247211
-0.14922204567477
-0.14749893221523
-0.14582797058494
-0.14420680914969
-0.14263322715519
-0.14110512637401
-0.1396205233442
-0.13817754215381
-0.13677440772965
-0.13540943959176
-0.13408104603845
-0.1327877187294
-0.13152802763726
-0.13030061634014
-0.12910419763007
-0.12793754941403
-0.1267995108864
-0.12568897895304
-0.1246049048889
-0.1235462912126
-0.12251218876224
-0.12150169395854
-0.12051394624198
-0.11954812567175
-0.11860345067549
-0.11767917593913
-0.11677459042752
-0.11588901552673
-0.11502180329989
-0.11417233484889
-0.11334001877487
-0.11252428973094
-0.11172460706105
-0.11094045351929
-0.11017133406444
-0.10941677472491
-0.1086763215294
-0.10794953949919
-0.10723601169818
-0.10653533833677
-0.10584713592653
-0.10517103648223
-0.10450668676836
-0.10385374758747
-0.10321189310761
-0.10258081022662
-0.10196019797093
-0.10134976692687
-0.10074923870246
-0.10015834541793
-0.099576829223229
-0.099004441840939
-0.098440944133087
-0.097886105690507
-0.097339704443407
-0.096801526291931
-0.096271364755572
-0.095749020640363
-0.095234301722837
-0.094727022449815
-0.094227003653136
-0.09373407227849
-0.093248061127593
-0.092768808612942
-0.092296158524484
-0.091829959807553
-0.09137006635144
-0.090916336788053
-0.09046863430011
-0.090026826438367
-0.089590784947395
-0.089160385599469
-0.088735508036126
-0.088316035617014
-0.087901855275641
-0.087492857381674
-0.087088935609451
-0.086689986812394
-0.086295910903022
-0.085906610738277
-0.085521992009913
-0.08514196313967
-0.084766435179031
-0.084395321713299
-0.084028538769813
-0.083666004730082
-0.083307640245662
-0.082953368157581
-0.08260311341915
-0.082256803022005
-0.081914365925212
-0.081575732987301
-0.081240836901091
-0.080909612131174
-0.080581994853927
-0.080257922899959
-0.079937335698843
-0.079620174226076
-0.079306380952116
-0.078995899793448
-0.078688676065551
-0.078384656437706
-0.078083788889547
-0.077786022669294
-0.077491308253572
-0.07719959730877
-0.076910842653857
-0.076624998224596
-0.076342019039101
-0.076061861164671
-0.075784481685849
-0.075509838673665
-0.07523789115599
-0.07496859908898
-0.074701923329543
-0.074437825608802
-0.074176268506505
-0.073917215426339
-0.073660630572127
-0.073406478924853
-0.073154726220492
-0.072905338928612
-0.072658284231714
-0.072413530005285
-0.072171044798523
-0.071930797815735
-0.071692758898341
-0.071456898507506
-0.071223187707329
-0.070991598148616
-0.070762102053164
-0.070534672198581
-0.070309281903595
-0.070085905013836
-0.069864515888086
-0.069645089384968
-0.069427600850057
-0.069212026103408
-0.068998341427471
-0.068786523555393
-0.068576549659683
-0.068368397341226
-0.068162044618645
-0.067957469917986
-0.067754652062716
-0.067553570264033
-0.067354204111462
-0.067156533563742
-0.066960538939977
-0.066766200911057
-0.066573500491337
-0.066382419030552
-0.066192938205972
-0.066005040014795
-0.065818706766745
-0.065633921076901
-0.065450665858716
-0.065268924317246
-0.065088679942571
-0.064909916503395
-0.064732618040833
-0.064556768862368
-0.06438235353598
-0.064209356884433
-0.064037763979721
-0.063867560137669
-0.06369873091268
-0.063531262092619
-0.063365139693846
-0.063200349956371
-0.063036879339147
-0.062874714515481
-0.062713842368575
-0.062554249987177
-0.062395924661348
-0.062238853878339
-0.062083025318579
-0.06192842685176
-0.061775046533025
-0.061622872599258
-0.061471893465459
-0.06132209772122
-0.061173474127283
-0.061026011612187
-0.060879699269001
-0.060734526352131
-0.060590482274213
-0.060447556603078
-0.060305739058795
-0.060165019510779
-0.060025387974978
-0.059886834611119
-0.059749349720029
-0.059612923741012
-0.05947754724929
-0.05934321095351
-0.059209905693303
-0.059077622436904
-0.058946352278824
-0.058816086437582
-0.05868681625348
-0.05855853318644
-0.058431228813884
-0.05830489482866
-0.058179523037023
-0.058055105356654
-0.057931633814729
-0.057809100546026
-0.057687497791077
-0.057566817894364
-0.057447053302549
-0.057328196562745
-0.057210240320827
-0.057093177319778
-0.056977000398068
-0.056861702488075
-0.056747276614534
-0.056633715893017
-0.056521013528457
-0.056409162813691
-0.056298157128039
-0.056187989935912
-0.056078654785451
-0.055970145307191
-0.055862455212757
-0.05575557829358
-0.055649508419649
-0.055544239538282
-0.055439765672922
-0.055336080921961
-0.055233179457584
-0.055131055524642
-0.055029703439539
-0.054929117589152
-0.054829292429759
-0.054730222486006
-0.054631902349874
-0.054534326679686
-0.054437490199117
-0.054341387696234
-0.054246014022555
-0.054151364092113
-0.054057432880556
-0.053964215424256
-0.053871706819426
-0.053779902221276
-0.05368879684316
-0.053598385955759
-0.05350866488627
-0.053419629017607
-0.053331273787631
-0.053243594688376
-0.053156587265303
-0.053070247116566
-0.052984569892284
-0.052899551293834
-0.052815187073154
-0.05273147303206
-0.052648405021575
-0.052565978941266
-0.052484190738603
-0.05240303640832
-0.052322511991789
-0.052242613576411
-0.052163337295013
-0.052084679325256
-0.052006635889055
-0.051929203252006
-0.051852377722832
-0.051776155652825
-0.051700533435311
-0.051625507505114
-0.051551074338039
-0.051477230450355
-0.051403972398291
-0.051331296777544
-0.051259200222789
-0.0511876794072
-0.051116731041983
-0.051046351875912
-0.050976538694872
-0.050907288321417
-0.050838597614329
-0.050770463468185
-0.050702882812934
-0.050635852613478
-0.050569369869266
-0.050503431613887
-0.050438034914672
-0.050373176872309
-0.050308854620454
-0.05024506532536
-0.050181806185499
-0.050119074431201
-0.050056867324298
-0.049995182157763
-0.049934016255372
-0.049873366971356
-0.049813231690068
-0.049753607825652
-0.049694492821717
-0.04963588415102
-0.049577779315148
-0.049520175844211
-0.049463071296536
-0.049406463258368
-0.049350349343575
-0.04929472719336
-0.049239594475973
-0.04918494888643
-0.049130788146238
-0.049077110003124
-0.049023912230765
-0.048971192628529
-0.048918949021209
-0.048867179258773
-0.048815881216115
-0.048765052792802
-0.048714691912835
-0.048664796524409
-0.048615364599678
-0.048566394134521
-0.048517883148319
-0.048469829683725
-0.048422231806446
-0.048375087605026
-0.04832839519063
-0.048282152696836
-0.048236358279426
-0.048191010116182
-0.048146106406685
-0.048101645372121
-0.048057625255081
-0.048014044319372
-0.047970900849829
-0.047928193152131
-0.047885919552616
-0.0478440783981
-0.047802668055704
-0.04776168691268
-0.047721133376236
-0.047681005873369
-0.047641302850702
-0.047602022774318
-0.047563164129598
-0.047524725421066
-0.047486705172234
-0.047449101925444
-0.047411914241724
-0.047375140700633
-0.047338779900121
-0.047302830456381
-0.047267291003713
-0.047232160194379
-0.04719743669847
-0.047163119203772
-0.047129206415632
-0.047095697056828
-0.047062589867444
-0.047029883604738
-0.046997577043025
-0.046965668973552
-0.046934158204377
-0.046903043560255
-0.046872323882519
-0.046841998028966
-0.04681206487375
-0.046782523307264
-0.046753372236041
-0.046724610582639
-0.046696237285544
-0.046668251299061
-0.046640651593218
-0.046613437153665
-0.046586606981576
-0.046560160093555
-0.046534095521539
-0.04650841231271
-0.046483109529403
-0.046458186249012
-0.046433641563912
-0.046409474581366
-0.046385684423443
-0.046362270226936
-0.046339231143279
-0.046316566338473
-0.046294274993
-0.046272356301753
-0.046250809473959
-0.046229633733104
-0.046208828316862
-0.046188392477028
-0.046168325479442
-0.046148626603927
-0.04612929514422
-0.046110330407909
-0.046091731716366
-0.04607349840469
-0.046055629821642
-0.046038125329586
-0.046020984304433
-0.046004206135584
-0.045987790225872
-0.045971735991511
-0.045956042862041
-0.045940710280275
-0.045925737702255
-0.045911124597195
-0.045896870447438
-0.045882974748409
-0.045869437008569
-0.045856256749371
-0.045843433505215
-0.04583096682341
-0.045818856264133
-0.045807101400387
-0.045795701817965
-0.045784657115413
-0.045773966903992
-0.04576363080765
-0.045753648462978
-0.045744019519189
-0.045734743638077
-0.045725820493996
-0.045717249773825
-0.04570903117694
-0.045701164415193
-0.045693649212881
-0.045686485306725
-0.045679672445846
-0.04567321039174
-0.045667098918261
-0.045661337811601
-0.045655926870268
-0.045650865905071
-0.045646154739101
-0.045641793207719
-0.045637781158537
-0.04563411845141
-0.045630804958418
-0.045627840563861
-0.04562522516424
-0.045622958668259
-0.045621040996809
-0.045619472082963
-0.04561825187197
-0.045617380321254
-0.045616857400403
-0.045616683091173
-0.045616857387483
-0.045617380295415
-0.045618251833215
-0.045619472031296
-0.045621040932236
-0.045622958590786
-0.045625225073876
-0.045627840460614
-0.045630804842302
-0.045634118322435
-0.045637781016717
-0.045641793053069
-0.045646154571639
-0.045650865724814
-0.045655926677235
-0.045661337605813
-0.04566709869974
-0.045673210160508
-0.045679672201929
-0.04568648505015
-0.045693648943674
-0.045701164133383
-0.045709030882558
-0.045717249466902
-0.045725820174566
-0.045734743306173
-0.045744019174846
-0.045753648106235
-0.045763630438544
-0.045773966522565
-0.045784656721703
-0.045795701412017
-0.045807100982244
-0.045818855833841
-0.045830966381015
-0.045843433050765
-0.045856256282915
-0.045869436530159
-0.045882974258097
-0.045896869945276
-0.045911124083238
-0.04592573717656
-0.0459407097429
-0.045956042313044
-0.045971735430954
-0.045987789653815
-0.04600420555209
-0.046020983709566
-0.046038124723412
-0.046055629204229
-0.046073497776106
-0.046091731076681
-0.046110329757193
-0.046129294482547
-0.046148625931369
-0.046168324796076
-0.046188391782929
-0.04620882761211
-0.046229633017776
-0.046250808748137
-0.046272355565518
-0.046294274246436
-0.046316565581664
-0.046339230376311
-0.046362269449896
-0.04638568363642
-0.04640947378445
-0.046433640757194
-0.046458185432585
-0.046483108703359
-0.046508411477147
-0.046534094676552
-0.046560159239242
-0.046586606118037
-0.046613436281
-0.046640650711528
-0.04666825040845
-0.046696236386116
-0.046724609674501
-0.046753371319298
-0.046782522382026
-0.046812063940126
-0.046841997087067
-0.046872322932457
-0.046903042602145
-0.046934157238333
-0.04696566799969
-0.046997576061462
-0.047029882615593
-0.047062588870837
-0.047095696052881
-0.047129205404467
-0.047163118185513
-0.047197435673241
-0.047232159162307
-0.047267289964926
-0.047302829411008
-0.047338778848291
-0.047375139642478
-0.047411913177377
-0.047449100855039
-0.047486704095905
-0.04752472433895
-0.047563163041831
-0.047602021681041
-0.047641301752054
-0.047681004769491
-0.04772113226727
-0.04776168579877
-0.047802666936995
-0.047844077274737
-0.047885918424747
-0.047928192019905
-0.047970899713395
-0.048014043178879
-0.048057624110683
-0.04810164422397
-0.048146105254936
-0.048191008960988
-0.048236357120945
-0.048282151535226
-0.048328394026049
-0.048375086437633
-0.048422230636403
-0.048469828511194
-0.048517881973463
-0.048566392957503
-0.048615363420664
-0.048664795343566
-0.048714690730329
-0.048765051608803
-0.048815880030791
-0.048867178072296
-0.048918947833748
-0.048971191440259
-0.049023911041859
-0.049077108813756
-0.049130786956583
-0.049184947696666
-0.049239593286277
-0.049294726003911
-0.049350348154551
-0.049406462069949
-0.049463070108904
-0.049520174657549
-0.049577778129639
-0.049635882966848
-0.049694491639066
-0.049753606644707
-0.049813230511017
-0.049873365794386
-0.049934015080671
-0.049995180985521
-0.050056866154703
-0.050119073264445
-0.050181805021773
-0.050245064164856
-0.050308853463366
-0.050373175718829
-0.050438033764995
-0.050503430468208
-0.050569368727782
-0.050635851476384
-0.050702881680427
-0.050770462340464
-0.050838596491592
-0.050907287203862
-0.050976537582698
-0.05104635076932
-0.051116729941173
-0.051187678312374
-0.051259199134147
-0.05133129569529
-0.051403971322627
-0.051477229381483
-0.051551073276164
-0.051625506450439
-0.05170053238804
-0.051776154613163
-0.051852376690984
-0.051929202228177
-0.05200663487345
-0.052084678318082
-0.052163336296475
-0.052242612586715
-0.052322511011141
-0.052403035436928
-0.052484189776674
-0.052565977989006
-0.05264840407919
-0.052731472099759
-0.052815186151143
-0.05289955038232
-0.052984568991474
-0.053070246226667
-0.053156586386522
-0.053243593820919
-0.053331272931706
-0.05341962817342
-0.053508664054027
-0.053598385135666
-0.053688796035423
-0.0537799014261
-0.053871706037017
-0.053964214654817
-0.054057432124293
-0.054151363349228
-0.054246013293252
-0.054341386980717
-0.054437489497587
-0.054534325992345
-0.054631901676924
-0.054730221827646
-0.05482929178619
-0.054929116960571
-0.055029702826146
-0.055131054926633
-0.055233178875156
-0.055336080355308
-0.05543976512224
-0.055544239003764
-0.055649507901487
-0.055755577791965
-0.05586245472788
-0.055970144839241
-0.056078654334614
-0.056187989502375
-0.056298156711987
-0.056409162415308
-0.056521013147925
-0.056633715530516
-0.056747276270243
-0.056861702162174
-0.05697700009073
-0.057093177031177
-0.057210240051135
-0.057328196312132
-0.057447053071184
-0.057566817682413
-0.057687497598704
-0.057809100373393
-0.057931633661997
-0.058055105223981
-0.058179522924564
-0.058304894736568
-0.05843122874231
-0.058558533135532
-0.058686816223383
-0.05881608642844
-0.058946352290778
-0.05907762247009
-0.059209905747857
-0.059343211029563
-0.059477547346971
-0.059612923860446
-0.05974934986134
-0.059886834774426
-0.060025388160396
-0.060165019718422
-0.060305739288772
-0.060447556855494
-0.06059048254917
-0.060734526649727
-0.060879699589331
-0.061026011955341
-0.061173474493348
-0.061322098110278
-0.061471893877589
-0.061622873034533
-0.061775046991515
-0.06192842733353
-0.06208302582369
-0.062238854406847
-0.062395925213304
-0.062554250562627
-0.06271384296756
-0.062874715138038
-0.063036879985307
-0.063200350626161
-0.063365140387285
-0.063531262809723
-0.063698731653457
-0.063867560902123
-0.06403776476785
-0.06420935769623
-0.06438235437143
-0.06455676972145
-0.064732618923521
-0.064909917409655
-0.065088680872364
-0.065268925270526
-0.065450666835429
-0.065633922076987
-0.065818707790138
-0.066005041061419
-0.066192939275747
-0.066382420123387
-0.066573501607137
-0.066766202049717
-0.066960540101384
-0.067156534747777
-0.067354205317996
-0.067553571492929
-0.067754653313828
-0.067957471191161
-0.06816204591372
-0.06836839865803
-0.068576550998035
-0.068786524915103
-0.06899834280834
-0.069212027505227
-0.069427602272609
-0.069645090828023
-0.069864517351407
-0.070085906497174
-0.070309283406691
-0.070534673721166
-0.070762103594957
-0.070991599709328
-0.071223189286657
-0.071456900105137
-0.071692760513951
-0.071930799448986
-0.072171046449069
-0.072413531672765
-0.072658285915757
-0.072905340628832
-0.073154727936494
-0.073406480656226
-0.07366063231845
-0.073917217187175
-0.074176270281405
-0.074437827397305
-0.074701925131172
-0.074968600903245
-0.075237892982387
-0.075509840511675
-0.075784483534939
-0.076061863024293
-0.076342020908694
-0.076625000103581
-0.07691084454164
-0.077199599204743
-0.07749131015711
-0.077786024579756
-0.078083790806277
-0.078384658360029
-0.078688677992778
-0.078995901724871
-0.07930638288701
-0.0796201761637
-0.079937337638438
-0.080257924840747
-0.080581996795115
-0.080909614071945
-0.081240838840615
-0.081575734924726
-0.081914367859669
-0.082256804952605
-0.082603115344984
-0.082953370077721
-0.08330764215916
-0.08366600663597
-0.084028540667101
-0.08439532360098
-0.084766437056073
-0.085141965005024
-0.085521993862505
-0.085906612577015
-0.086295912726789
-0.086689988620054
-0.087088937399845
-0.087492859153621
-0.087901857027937
-0.088316037348433
-0.088735509745419
-0.089160387285364
-0.089590786608598
-0.090026828073559
-0.090468635907951
-0.090916338367177
-0.091370067900461
-0.091829961325058
-0.092296160009039
-0.092768810063087
-0.093248062541848
-0.093734073655347
-0.094227004991065
-0.094727023747265
-0.09523430297823
-0.095749021852101
-0.096271365922031
-0.096801527411466
-0.09733970551435
-0.097886106711166
-0.09844094510175
-0.099004442755872
-0.099576830082675
-0.10015834622011
-0.10074923944558
-0.10134976760912
-0.10196019859048
-0.10258081078161
-0.10321189359617
-0.10385374800772
-0.1045066871184
-0.10517103676015
-0.10584713613041
-0.10653533846467
-0.10723601174816
-0.1079495394693
-0.10867632141768
-0.10941677452942
-0.11017133378322
-0.11094045315039
-0.11172460660253
-0.11252428918086
-0.1133400181313
-0.11417233410994
-0.11502180246367
-0.11588901459139
-0.11677458939123
-0.1176791748001
-0.11860344943198
-0.11954812432207
-0.12051394478448
-0.12150169239166
-0.12251218708447
-0.12354628942254
-0.12460490298523
-0.12568897693452
-0.12679950875195
-0.12793754716267
-0.12910419526096
-0.13030061385262
-0.13152802503083
-0.13278771600377
-0.13408104319351
-0.13540943662768
-0.13677440464682
-0.13817753895292
-0.13962052002625
-0.14110512294034
-0.14263322360751
-0.14420680549012
-0.14582796681604
-0.14749892834006
-0.14922204169692
-0.15099979839574
-0.15283483951007
-0.15472996612296
-0.15668815059181
-0.15871254870378
-0.16080651279927
-0.16297360594833
-0.16521761727264
-0.1675425785149
-0.16995278196699
-0.17245279987919
-0.17504750548458
-0.17774209578574
-0.18054211626569
-0.18345348770069
-0.18648253527037
-0.18963602018042
-0.19292117403447
-0.19634573621606
-0.19991799456811
-0.20364682968696
-0.20754176318059
-0.21161301027716
-0.2158715372105
-0.22032912385366
-0.22499843212192
-0.22989308072195
-0.23502772688564
-0.24041815579584
-0.24608137848793
-0.25203573909669
-0.25830103241302
-0.26489863282177
-0.27185163581046
-0.27918501337175
-0.28692578477072
-0.29510320431447
-0.30374896794725
-0.312897440703
-0.32258590728047
-0.33285484826858
-0.34374824484344
-0.3553139150894
-0.36760388546789
-0.38067480137619
-0.3945883812094
-0.4094119188699
-0.42521884026798
-0.44208932003486
-0.46011096543507
-0.47937957533345
-0.49999998305636
