-0.49961853498856
-0.47894653231809
-0.45967178823875
-0.44167592664977
-0.42485253705007
-0.4091057889478
-0.39434922229627
-0.38050469024679
-0.36750143382336
-0.35527527096378
-0.34376788480447
-0.33292619817306
-0.32270182304271
-0.31305057523959
-0.30393204601498
-0.29530922322876
-0.28714815586737
-0.27941765645942
-0.27208903667605
-0.26513587202665
-0.25853379209845
-0.2522602932526
-0.24629457109009
-0.24061737034738
-0.23521085018096
-0.23005846305948
-0.22514484570647
-0.22045572073145
-0.21597780775606
-0.21169874298853
-0.20760700632713
-0.2036918551843
-0.19994326431956
-0.19635187105351
-0.19290892530866
-0.18960624398696
-0.18643616924993
-0.18339153031641
-0.18046560843606
-0.17765210473424
-0.17494511065735
-0.17233908077678
-0.16982880773515
-0.1674093991414
-0.16507625624123
-0.16282505420713
-0.16065172390762
-0.15855243502982
-0.15652358044114
-0.1545617616874
-0.15266377553407
-0.15082660146641
-0.14904739007178
-0.14732345223455
-0.14565224908021
-0.14403138261096
-0.14245858698012
-0.14093172035701
-0.13944875733848
-0.13800778186652
-0.13660698061508
-0.13524463681199
-0.13391912446482
-0.13262890296185
-0.13137251202181
-0.1301485669678
-0.12895575430302
-0.12779282756744
-0.12665860345609
-0.12555195818142
-0.124471824063
-0.12341718632939
-0.12238708011814
-0.12138058766057
-0.12039683563937
-0.11943499270751
-0.11849426715804
-0.11757390473499
-0.11667318657613
-0.11579142727937
-0.11492797308458
-0.11408220016375
-0.11325351301242
-0.11244134293613
-0.11164514662583
-0.11086440481669
-0.11009862102512
-0.10934732035917
-0.10861004839768
-0.10788637013401
-0.10717586898037
-0.10647814582902
-0.10579281816685
-0.10511951924015
-0.10445789726645
-0.1038076146907
-0.10316834748295
-0.10253978447519
-0.10192162673499
-0.10131358697361
-0.10071538898671
-0.10012676712559
-0.099547465797288
-0.09897723899166
-0.098415849834051
-0.097863070161921
-0.0973186801241
-0.096782467801326
-0.096254228846853
-0.09573376614596
-0.095220889493272
-0.094715415286886
-0.094217166238327
-0.093725971097438
-0.093241664391366
-0.09276408617683
-0.092293081804943
-0.091828501697869
-0.09137020113666
-0.090918040059645
-0.090471882870801
-0.090031598257533
-0.08959705901736
-0.089168141893021
-0.088744727415525
-0.08832669975473
-0.087913946577039
-0.087506358909826
-0.087103831012226
-0.086706260251972
-0.086313546987924
-0.085925594458017
-0.085542308672328
-0.085163598310995
-0.084789374626741
-0.084419551351757
-0.08405404460872
-0.08369277282574
-0.083335656655024
-0.082982618895077
-0.082633584416256
-0.082288480089511
-0.081947234718149
-0.081609778972481
-0.081276045327192
-0.080945968001317
-0.080619482900684
-0.080296527562712
-0.07997704110344
-0.079660964166697
-0.079348238875282
-0.079038808784095
-0.078732618835094
-0.078429615314012
-0.078129745808749
-0.077832959169349
-0.077539205469509
-0.077248435969537
-0.076960603080687
-0.076675660330836
-0.076393562331403
-0.076114264745495
-0.075837724257199
-0.075563898541974
-0.075292746238111
-0.075024226919189
-0.074758301067511
-0.074494930048457
-0.074234076085727
-0.073975702237431
-0.073719772372999
-0.073466251150863
-0.073215103996893
-0.072966297083547
-0.072719797309714
-0.072475572281217
-0.072233590291942
-0.071993820305593
-0.071756231938018
-0.071520795440105
-0.071287481681218
-0.07105626213315
-0.070827108854585
-0.070599994476031
-0.070374892185224
-0.070151775712974
-0.069930619319446
-0.069711397780849
-0.069494086376528
-0.069278660876441
-0.069065097529002
-0.068853373049288
-0.068643464607586
-0.068435349818278
-0.06822900672904
-0.068024413810359
-0.067821549945346
-0.067620394419839
-0.067420926912783
-0.067223127486884
-0.067026976579524
-0.066832454993927
-0.06663954389057
-0.066448224778829
-0.066258479508856
-0.06607029026368
-0.06588363955151
-0.065698510198262
-0.065514885340278
-0.065332748417236
-0.065152083165257
-0.064972873610192
-0.064795104061081
-0.064618759103791
-0.064443823594818
-0.064270282655245
-0.064098121664868
-0.063927326256459
-0.063757882310194
-0.063589775948207
-0.063422993529295
-0.063257521643751
-0.063093347108331
-0.062930456961349
-0.062768838457891
-0.062608479065156
-0.062449366457904
-0.062291488514026
-0.062134833310221
-0.061979389117777
-0.061825144398463
-0.061672087800511
-0.06152020815471
-0.061369494470584
-0.06121993593267
-0.06107152189688
-0.060924241886963
-0.060778085591034
-0.060633042858207
-0.060489103695292
-0.060346258263581
-0.060204496875707
-0.060063809992578
-0.059924188220385
-0.059785622307681
-0.059648103142524
-0.059511621749698
-0.059376169287987
-0.059241737047522
-0.059108316447184
-0.058975899032074
-0.058844476471036
-0.058714040554238
-0.058584583190814
-0.058456096406557
-0.058328572341662
-0.058202003248528
-0.058076381489605
-0.057951699535295
-0.057827949961892
-0.057705125449581
-0.057583218780475
-0.057462222836695
-0.057342130598503
-0.057222935142463
-0.057104629639659
-0.056987207353938
-0.056870661640208
-0.05675498594276
-0.056640173793631
-0.056526218811016
-0.0564131146977
-0.056300855239528
-0.056189434303914
-0.056078845838382
-0.055969083869132
-0.055860142499653
-0.055752015909344
-0.05564469835219
-0.055538184155446
-0.055432467718365
-0.055327543510945
-0.055223406072706
-0.055120050011494
-0.055017470002312
-0.054915660786171
-0.054814617168974
-0.054714334020418
-0.054614806272921
-0.054516028920574
-0.054417997018112
-0.054320705679912
-0.054224150079008
-0.054128325446128
-0.054033227068752
-0.053938850290194
-0.053845190508693
-0.053752243176535
-0.053660003799189
-0.053568467934456
-0.053477631191644
-0.053387489230757
-0.053298037761699
-0.053209272543501
-0.053121189383553
-0.053033784136866
-0.052947052705337
-0.052860991037037
-0.052775595125513
-0.052690861009098
-0.052606784770243
-0.052523362534861
-0.052440590471681
-0.05235846479162
-0.052276981747161
-0.052196137631756
-0.052115928779224
-0.052036351563179
-0.051957402396459
-0.051879077730564
-0.051801374055118
-0.051724287897332
-0.051647815821476
-0.051571954428372
-0.051496700354888
-0.051422050273443
-0.051348000891532
-0.051274548951243
-0.051201691228802
-0.051129424534112
-0.051057745710312
-0.05098665163334
-0.050916139211502
-0.050846205385057
-0.050776847125804
-0.050708061436678
-0.050639845351359
-0.05057219593388
-0.050505110278252
-0.050438585508088
-0.050372618776243
-0.050307207264451
-0.050242348182978
-0.050178038770279
-0.050114276292657
-0.050051058043939
-0.049988381345143
-0.04992624354417
-0.049864642015485
-0.049803574159816
-0.049743037403852
-0.049683029199949
-0.049623547025844
-0.049564588384372
-0.049506150803186
-0.049448231834488
-0.049390829054762
-0.049333940064512
-0.049277562488005
-0.049221693973022
-0.049166332190606
-0.049111474834827
-0.049057119622537
-0.049003264293145
-0.048949906608381
-0.048897044352077
-0.048844675329946
-0.048792797369364
-0.048741408319163
-0.048690506049419
-0.04864008845125
-0.048590153436618
-0.048540698938129
-0.048491722908847
-0.048443223322099
-0.048395198171293
-0.048347645469737
-0.04830056325046
-0.048253949566038
-0.048207802488422
-0.048162120108771
-0.048116900537283
-0.048072141903041
-0.048027842353847
-0.047984000056071
-0.047940613194496
-0.047897679972167
-0.047855198610248
-0.047813167347876
-0.047771584442017
-0.047730448167333
-0.04768975681604
-0.04764950869778
-0.047609702139486
-0.047570335485256
-0.047531407096226
-0.04749291535045
-0.047454858642773
-0.047417235384718
-0.047380044004367
-0.047343282946249
-0.047306950671226
-0.047271045656383
-0.047235566394925
-0.047200511396068
-0.047165879184935
-0.047131668302459
-0.047097877305282
-0.047064504765656
-0.047031549271351
-0.046999009425562
-0.046966883846813
-0.046935171168876
-0.046903870040675
-0.046872979126206
-0.046842497104451
-0.046812422669298
-0.046782754529457
-0.046753491408385
-0.046724632044208
-0.046696175189645
-0.046668119611936
-0.046640464092769
-0.04661320742821
-0.046586348428634
-0.046559885918658
-0.046533818737077
-0.046508145736798
-0.046482865784779
-0.046457977761964
-0.04643348056323
-0.046409373097323
-0.046385654286806
-0.046362323068
-0.046339378390931
-0.04631681921928
-0.046294644530326
-0.046272853314906
-0.046251444577356
-0.04623041733547
-0.046209770620454
-0.046189503476878
-0.046169614962639
-0.046150104148911
-0.046130970120111
-0.046112211973857
-0.046093828820929
-0.046075819785233
-0.046058184003766
-0.04604092062658
-0.04602402881675
-0.046007507750339
-0.045991356616371
-0.045975574616798
-0.045960160966473
-0.045945114893123
-0.045930435637318
-0.045916122452452
-0.045902174604715
-0.045888591373071
-0.045875372049236
-0.045862515937655
-0.045850022355488
-0.045837890632583
-0.045826120111465
-0.045814710147318
-0.045803660107967
-0.045792969373867
-0.045782637338085
-0.045772663406293
-0.045763046996753
-0.045753787540309
-0.045744884480374
-0.045736337272928
-0.045728145386504
-0.045720308302187
-0.045712825513605
-0.04570569652693
-0.045698920860868
-0.045692498046662
-0.04568642762809
-0.045680709161463
-0.045675342215628
-0.045670326371969
-0.045665661224408
-0.045661346379414
-0.045657381456002
-0.045653766085742
-0.045650499912767
-0.045647582593776
-0.045645013798048
-0.045642793207449
-0.045640920516446
-0.045639395432112
-0.045638217674146
-0.045637386974883
-0.045636903079311
-0.045636765745083
-0.045636974742537
-0.045637529854713
-0.045638430877373
-0.045639677619015
-0.045641269900902
-0.045643207557077
-0.04564549043439
-0.045648118392518
-0.045651091303993
-0.045654409054226
-0.045658071541533
-0.045662078677164
-0.045666430385332
-0.045671126603241
-0.045676167281119
-0.045681552382247
-0.045687281882994
-0.04569335577285
-0.045699774054462
-0.045706536743666
-0.045713643869529
-0.045721095474383
-0.045728891613869
-0.045737032356968
-0.045745517786052
-0.045754347996921
-0.045763523098846
-0.045773043214616
-0.04578290848058
-0.045793119046697
-0.04580367507658
-0.045814576747547
-0.045825824250671
-0.045837417790829
-0.045849357586756
-0.045861643871095
-0.045874276890455
-0.045887256905465
-0.045900584190827
-0.045914259035381
-0.045928281742154
-0.045942652628432
-0.045957372025808
-0.045972440280254
-0.045987857752182
-0.046003624816506
-0.046019741862712
-0.046036209294919
-0.046053027531955
-0.046070197007421
-0.046087718169765
-0.04610559148235
-0.046123817423533
-0.046142396486733
-0.046161329180514
-0.046180616028655
-0.046200257570235
-0.046220254359707
-0.046240606966984
-0.046261315977517
-0.046282381992382
-0.046303805628366
-0.046325587518047
-0.046347728309892
-0.046370228668335
-0.046393089273879
-0.046416310823178
-0.046439894029139
-0.046463839621009
-0.046488148344478
-0.046512820961776
-0.046537858251767
-0.046563261010058
-0.046589030049094
-0.046615166198268
-0.046641670304021
-0.046668543229955
-0.046695785856938
-0.046723399083212
-0.046751383824513
-0.046779741014177
-0.046808471603255
-0.046837576560639
-0.046867056873167
-0.046896913545757
-0.046927147601517
-0.046957760081878
-0.046988752046714
-0.047020124574471
-0.047051878762297
-0.047084015726171
-0.047116536601037
-0.047149442540939
-0.047182734719157
-0.047216414328343
-0.047250482580667
-0.047284940707955
-0.047319789961832
-0.047355031613874
-0.047390666955751
-0.047426697299379
-0.047463123977075
-0.047499948341707
-0.047537171766853
-0.047574795646963
-0.047612821397513
-0.047651250455175
-0.047690084277979
-0.047729324345479
-0.047768972158929
-0.047809029241451
-0.047849497138209
-0.047890377416589
-0.047931671666378
-0.047973381499944
-0.048015508552424
-0.048058054481905
-0.048101020969623
-0.048144409720146
-0.048188222461572
-0.048232460945732
-0.048277126948379
-0.048322222269402
-0.048367748733026
-0.04841370818802
-0.048460102507912
-0.0485069335912
-0.048554203361572
-0.048601913768124
-0.048650066785586
-0.048698664414544
-0.048747708681675
-0.048797201639976
-0.048847145369
-0.0488975419751
-0.048948393591663
-0.048999702379365
-0.049051470526413
-0.049103700248804
-0.049156393790577
-0.049209553424075
-0.049263181450208
-0.049317280198723
-0.049371852028469
-0.04942689932768
-0.049482424514248
-0.049538430036008
-0.049594918371026
-0.04965189202789
-0.049709353546001
-0.049767305495879
-0.049825750479464
-0.049884691130422
-0.049944130114461
-0.050004070129648
-0.05006451390673
-0.050125464209458
-0.050186923834925
-0.050248895613897
-0.050311382411157
-0.05037438712585
-0.050437912691834
-0.050501962078041
-0.050566538288834
-0.050631644364378
-0.050697283381012
-0.050763458451628
-0.050830172726058
-0.05089742939146
-0.050965231672719
-0.051033582832849
-0.051102486173401
-0.051171945034877
-0.051241962797156
-0.051312542879919
-0.051383688743087
-0.051455403887261
-0.051527691854173
-0.05160055622714
-0.051674000631532
-0.05174802873524
-0.051822644249157
-0.051897850927661
-0.051973652569117
-0.052050053016373
-0.052127056157274
-0.052204665925182
-0.052282886299507
-0.052361721306237
-0.052441175018494
-0.052521251557082
-0.052601955091058
-0.052683289838301
-0.052765260066103
-0.05284787009176
-0.052931124283181
-0.0530150270595
-0.053099582891704
-0.053184796303275
-0.053270671870835
-0.053357214224809
-0.053444428050097
-0.05353231808676
-0.05362088913072
-0.053710146034465
-0.05380009370778
-0.053890737118478
-0.053982081293154
-0.054074131317949
-0.05416689233933
-0.054260369564885
-0.054354568264131
-0.05444949376934
-0.054545151476381
-0.054641546845575
-0.05473868540257
-0.054836572739235
-0.054935214514566
-0.055034616455615
-0.055134784358435
-0.055235724089045
-0.055337441584415
-0.055439942853471
-0.055543233978118
-0.055647321114289
-0.055752210493014
-0.055857908421506
-0.05596442128428
-0.056071755544286
-0.056179917744075
-0.056288914506979
-0.056398752538327
-0.056509438626685
-0.056620979645115
-0.056733382552475
-0.056846654394735
-0.056960802306332
-0.057075833511547
-0.057191755325922
-0.057308575157701
-0.057426300509308
-0.057544938978857
-0.057664498261701
-0.05778498615201
-0.057906410544389
-0.05802877943554
-0.05815210092595
-0.058276383221634
-0.058401634635906
-0.058527863591202
-0.058655078620946
-0.058783288371453
-0.058912501603891
-0.059042727196281
-0.059173974145552
-0.059306251569643
-0.059439568709666
-0.059573934932109
-0.059709359731109
-0.059845852730773
-0.059983423687566
-0.060122082492754
-0.060261839174912
-0.060402703902498
-0.060544686986495
-0.060687798883123
-0.060832050196616
-0.06097745168208
-0.061124014248431
-0.061271748961393
-0.061420667046602
-0.061570779892775
-0.061722099054975
-0.06187463625796
-0.062028403399631
-0.062183412554565
-0.06233967597766
-0.062497206107868
-0.062656015572043
-0.062816117188894
-0.062977523973046
-0.063140249139225
-0.06330430610656
-0.063469708503
-0.063636470169877
-0.063804605166581
-0.063974127775389
-0.064145052506425
-0.064317394102767
-0.064491167545715
-0.0646663880602
-0.064843071120368
-0.065021232455328
-0.065200888055066
-0.065382054176551
-0.065564747350018
-0.065748984385443
-0.065934782379222
-0.06612215872105
-0.066311131101021
-0.066501717516938
-0.066693936281864
-0.066887806031898
-0.067083345734202
-0.067280574695288
-0.067479512569553
-0.067680179368101
-0.067882595467842
-0.06808678162088
-0.068292758964214
-0.068500549029747
-0.068710173754617
-0.068921655491882
-0.069135017021536
-0.069350281561904
-0.069567472781409
-0.069786614810726
-0.070007732255352
-0.070230850208588
-0.070455994264963
-0.070683190534111
-0.070912465655121
-0.07114384681137
-0.071377361745873
-0.07161303877715
-0.071850906815651
-0.072090995380739
-0.072333334618275
-0.072577955318807
-0.072824888936405
-0.073074167608152
-0.07332582417433
-0.073579892199316
-0.073836405993233
-0.074095400634362
-0.074356911992374
-0.074620976752387
-0.074887632439904
-0.075156917446654
-0.075428871057381
-0.075703533477609
-0.075980945862437
-0.076261150346398
-0.076544190074424
-0.076830109233974
-0.077118953088359
-0.077410768011326
-0.077705601522952
-0.078003502326897
-0.078304520349082
-0.078608706777848
-0.078916114105667
-0.07922679617246
-0.079540808210605
-0.0798582068917
-0.080179050375164
-0.080503398358751
-0.080831312131076
-0.081162854626219
-0.081498090480531
-0.081837086091715
-0.082179909680298
-0.082526631353613
-0.082877323172383
-0.083232059220049
-0.083590915674964
-0.083953970885583
-0.084321305448798
-0.084693002291561
-0.085069146755965
-0.085449826687927
-0.085835132529685
-0.086225157416252
-0.086619997276061
-0.087019750935984
-0.087424520230957
-0.08783441011844
-0.088249528797953
-0.088669987835959
-0.089095902296356
-0.089527390876879
-0.089964576051724
-0.090407584220707
-0.090856545865328
-0.091311595712087
-0.091772872903465
-0.092240521176972
-0.09271468905271
-0.09319553002993
-0.093683202793066
-0.094177871427803
-0.094679705647727
-0.095188881032177
-0.095705579275934
-0.096229988451443
-0.096762303284298
-0.097302725442774
-0.097851463842246
-0.098408734965382
-0.09897476319908
-0.09954978118915
-0.10013403021386
-0.10072776057747
-0.1013312320251
-0.10194471418015
-0.10256848700578
-0.10320284129208
-0.10384807917032
-0.10450451465639
-0.1051724742251
-0.10585229741744
-0.1065443374831
-0.10724896206043
-0.10796655389661
-0.10869751161057
-0.1094422505017
-0.11020120340756
-0.11097482161389
-0.11176357582071
-0.11256795716848
-0.11338847832848
-0.11422567466224
-0.11508010545478
-0.11595235522723
-0.11684303513457
-0.1177527844548
-0.11868227217625
-0.1196321986906
-0.12060329759927
-0.12159633764205
-0.12261212475713
-0.12365150428266
-0.12471536331076
-0.12580463320585
-0.12692029230013
-0.12806336878004
-0.12923494377896
-0.13043615469234
-0.13166819873322
-0.13293233674724
-0.13422989730829
-0.1355622811174
-0.13693096572967
-0.13833751063621
-0.13978356273007
-0.14127086218826
-0.14280124880412
-0.14437666880791
-0.14599918221642
-0.14767097075615
-0.14939434640873
-0.1511717606313
-0.15300581430952
-0.15489926850589
-0.15685505607198
-0.15887629419884
-0.16096629798726
-0.16312859512635
-0.16536694177736
-0.16768533976839
-0.17008805521513
-0.17257963869378
-0.17516494710335
-0.17784916736768
-0.1806378421411
-0.1835368976971
-0.1865526741958
-0.18969195854445
-0.19296202008518
-0.19637064936604
-0.19992620027551
-0.203637635847
-0.20751457806876
-0.21156736206629
-0.21580709505924
-0.22024572053274
-0.22489608810534
-0.22977202962121
-0.23488844204532
-0.24026137779522
-0.24590814320421
-0.25184740587742
-0.25809931177584
-0.26468561294398
-0.27162980688563
-0.27895728868945
-0.28669551711376
-0.29487419595722
-0.30352547217213
-0.31268415231951
-0.32238793912204
-0.3326776900435
-0.34359770001356
-0.35519601062566
-0.36752474836647
-0.38064049468845
-0.39460469101716
-0.40948408209211
-0.42535120137959
-0.44228490266962
-0.46037094238118
-0.47970261755468
-0.5003814650114
