-0.5014354
-0.47868092
-0.46002365
-0.44086229
-0.42495726
-0.41038446
-0.39339555
-0.38112946
-0.36734259
-0.35525802
-0.34410728
-0.33235557
-0.32163016
-0.31451478
-0.30305015
-0.29514858
-0.28887941
-0.28024731
-0.27224258
-0.2645707
-0.25624007
-0.25063368
-0.24680064
-0.23953437
-0.23638843
-0.22945415
-0.22460123
-0.22190078
-0.21569177
-0.21286354
-0.20919118
-0.20454398
-0.20003543
-0.19675724
-0.19241108
-0.18948225
-0.18665088
-0.18317121
-0.18055134
-0.17746302
-0.17605552
-0.17332191
-0.17059461
-0.16534492
-0.16378987
-0.16272718
-0.15909955
-0.15828798
-0.1555364
-0.15393388
-0.15209646
-0.15345395
-0.14891231
-0.14635051
-0.14479994
-0.14338997
-0.14337878
-0.14058605
-0.13895859
-0.13848097
-0.13942256
-0.13542348
-0.13472813
-0.13300506
-0.13012387
-0.13013289
-0.12767458
-0.1271833
-0.12639786
-0.1253126
-0.12354188
-0.12371752
-0.12297064
-0.12121691
-0.12063854
-0.12138137
-0.11843316
-0.11706507
-0.11742073
-0.11613037
-0.11535394
-0.11531884
-0.11196592
-0.11230116
-0.11097895
-0.11009052
-0.11057324
-0.10948983
-0.10775585
-0.10880527
-0.10562589
-0.10691823
-0.10626794
-0.10485889
-0.1048821
-0.10427635
-0.10414611
-0.10207067
-0.10325221
-0.10190099
-0.10051686
-0.10017733
-0.098856706
-0.098067539
-0.098121404
-0.099012232
-0.097104473
-0.096113527
-0.096680671
-0.09668367
-0.095510067
-0.095489203
-0.094506215
-0.092008262
-0.09328621
-0.092191784
-0.091112599
-0.091800457
-0.09192961
-0.090213168
-0.0911392
-0.091222695
-0.089327004
-0.089389781
-0.088054007
-0.088027563
-0.086537259
-0.08764008
-0.088162848
-0.086606334
-0.086276633
-0.084872266
-0.084879593
-0.084431452
-0.084916611
-0.085936593
-0.083745904
-0.083392208
-0.084571943
-0.083303239
-0.082739664
-0.082750919
-0.080464892
-0.08086672
-0.081546678
-0.082450248
-0.079663122
-0.080910455
-0.079983752
-0.079716092
-0.078711889
-0.078464318
-0.079247339
-0.07931833
-0.078500913
-0.077584843
-0.079730813
-0.076545795
-0.076712002
-0.075608944
-0.075252657
-0.077818602
-0.077422414
-0.074551103
-0.077494644
-0.074757404
-0.072086395
-0.074142633
-0.073723254
-0.073724473
-0.07204908
-0.075419613
-0.072581588
-0.072847801
-0.073733889
-0.071834337
-0.071920224
-0.07271739
-0.070308596
-0.072307287
-0.068883711
-0.072553458
-0.072300228
-0.070882696
-0.070806596
-0.068517723
-0.068475026
-0.070421255
-0.068848361
-0.069562231
-0.069497843
-0.067210164
-0.068420676
-0.068433877
-0.069841235
-0.068708307
-0.066606382
-0.068810414
-0.067181761
-0.065327262
-0.066256062
-0.06646716
-0.067094425
-0.068281709
-0.067423257
-0.066634879
-0.066268367
-0.064282321
-0.065074325
-0.064143606
-0.064682101
-0.065152169
-0.063524412
-0.065714366
-0.063481104
-0.064174542
-0.063589569
-0.064750639
-0.064777756
-0.062365617
-0.062708935
-0.062616973
-0.064444202
-0.063645709
-0.063311622
-0.063507341
-0.060668369
-0.061481578
-0.061841104
-0.059130861
-0.063175757
-0.063612729
-0.063120615
-0.061656773
-0.061580942
-0.06130001
-0.062172031
-0.061052375
-0.063007503
-0.059774251
-0.059237517
-0.060360116
-0.059231282
-0.060666245
-0.060144593
-0.059296938
-0.05953979
-0.058567209
-0.060190779
-0.056953061
-0.059169431
-0.059153422
-0.059541092
-0.058787891
-0.05876261
-0.059594421
-0.057242699
-0.056549918
-0.058627272
-0.05925901
-0.05661509
-0.056369044
-0.057839743
-0.056559405
-0.059057177
-0.057608954
-0.055417144
-0.057237059
-0.057828419
-0.057534859
-0.056111862
-0.054771398
-0.056386795
-0.056881743
-0.05555142
-0.054105651
-0.057925216
-0.055833864
-0.056831121
-0.053212078
-0.05519282
-0.055568656
-0.056088044
-0.056418271
-0.055441236
-0.055273687
-0.054946223
-0.055907588
-0.05534609
-0.054961126
-0.054664592
-0.054369621
-0.054651648
-0.053397674
-0.05459151
-0.056091883
-0.054389975
-0.053435408
-0.053103078
-0.05307178
-0.053158386
-0.054759721
-0.053177308
-0.052369181
-0.053108894
-0.051530658
-0.054211934
-0.05383509
-0.052688871
-0.05194047
-0.052711397
-0.052982168
-0.052974381
-0.052928414
-0.051433517
-0.051213386
-0.051499791
-0.0511154
-0.052859759
-0.051940171
-0.050569671
-0.052501551
-0.051978489
-0.052160523
-0.051816771
-0.052008466
-0.052203655
-0.050303455
-0.050775485
-0.051329494
-0.048637497
-0.051335673
-0.050097795
-0.051440752
-0.050699805
-0.050580582
-0.04981317
-0.051032937
-0.050600895
-0.051928053
-0.049274168
-0.051878012
-0.049303423
-0.049789647
-0.049967288
-0.050951505
-0.049241152
-0.051187835
-0.048983236
-0.049706738
-0.050619508
-0.050835347
-0.050434376
-0.050117191
-0.046206512
-0.048737012
-0.049261701
-0.049243062
-0.048620941
-0.049449331
-0.04950227
-0.047935611
-0.049073395
-0.050807815
-0.049792652
-0.049379351
-0.048089356
-0.04952721
-0.048527289
-0.049143877
-0.046162947
-0.047808713
-0.046965995
-0.046604823
-0.048210431
-0.047865665
-0.048257203
-0.047817765
-0.04789437
-0.047499062
-0.047052116
-0.045566546
-0.050982901
-0.049306309
-0.047933564
-0.047725114
-0.044724752
-0.048673677
-0.047198418
-0.048636861
-0.048144597
-0.046017156
-0.045115512
-0.047936907
-0.046305401
-0.048711371
-0.047990623
-0.04816872
-0.047669945
-0.04889438
-0.048201299
-0.046612501
-0.047314433
-0.048444468
-0.047021792
-0.046252229
-0.047929152
-0.047368423
-0.046957751
-0.046250417
-0.046652776
-0.04672549
-0.047011295
-0.047425777
-0.045596927
-0.048541613
-0.046718976
-0.046473488
-0.044755284
-0.047489261
-0.046462443
-0.046797616
-0.046327892
-0.047061608
-0.04806802
-0.045508745
-0.048769974
-0.046553178
-0.046818936
-0.046304665
-0.046654817
-0.045042631
-0.047810995
-0.045654175
-0.047578137
-0.046723219
-0.046570648
-0.046645672
-0.045851608
-0.045744707
-0.046835744
-0.044415257
-0.045685373
-0.046937513
-0.046385296
-0.046637667
-0.046203099
-0.045997142
-0.047444442
-0.044784696
-0.043975955
-0.044730728
-0.045472603
-0.04668055
-0.047395085
-0.046455821
-0.045236512
-0.04613862
-0.044969857
-0.046968052
-0.046297895
-0.046066242
-0.045396868
-0.046039263
-0.046733751
-0.04681847
-0.046421179
-0.046381588
-0.043922382
-0.04583004
-0.046345839
-0.047244225
-0.045419182
-0.044555403
-0.046111881
-0.045687946
-0.044323926
-0.045683177
-0.044805769
-0.045477784
-0.045954862
-0.045824991
-0.045901084
-0.044163348
-0.04538714
-0.046644398
-0.046789403
-0.044337794
-0.045662186
-0.045881205
-0.045856959
-0.047083992
-0.046340768
-0.044366075
-0.045547681
-0.046452847
-0.046307917
-0.047149865
-0.045703152
-0.045758197
-0.046077968
-0.04507406
-0.045970257
-0.044738883
-0.046731674
-0.046074247
-0.046376783
-0.043803125
-0.045524002
-0.046844222
-0.046001588
-0.046457762
-0.047418285
-0.046191552
-0.046363598
-0.044250812
-0.04718802
-0.046463944
-0.044890755
-0.045508506
-0.044896315
-0.04597746
-0.044687838
-0.046311173
-0.046298492
-0.047036212
-0.046586233
-0.046067306
-0.046276552
-0.045315301
-0.045121917
-0.045507515
-0.044329052
-0.044894637
-0.045719772
-0.044487831
-0.046522488
-0.046980019
-0.043838453
-0.046656311
-0.047464375
-0.046214103
-0.045942415
-0.045484929
-0.04500854
-0.045968585
-0.045591628
-0.045343398
-0.04614903
-0.046056653
-0.04575823
-0.045870957
-0.046709586
-0.046827869
-0.04692569
-0.046732559
-0.045895859
-0.044976843
-0.04596811
-0.045476735
-0.046484068
-0.04569155
-0.046389197
-0.046242695
-0.046085686
-0.046208805
-0.048501737
-0.046727406
-0.046243562
-0.045773804
-0.045737987
-0.045811975
-0.048360672
-0.046120366
-0.048111274
-0.045033115
-0.047363395
-0.04768419
-0.046905941
-0.047686406
-0.048205441
-0.047712762
-0.048223644
-0.046967621
-0.046125535
-0.045164383
-0.048306827
-0.047719538
-0.045303656
-0.047589271
-0.047224297
-0.046656214
-0.046804483
-0.04687974
-0.04787879
-0.049629288
-0.047094573
-0.049335998
-0.048160623
-0.046369558
-0.047795739
-0.048196337
-0.047048057
-0.048037827
-0.046384562
-0.047276452
-0.04665245
-0.047367886
-0.048384813
-0.047631122
-0.047605169
-0.046288188
-0.048641462
-0.046906184
-0.049794312
-0.046659247
-0.047368658
-0.046857469
-0.049313511
-0.048291518
-0.049713306
-0.048789559
-0.049146972
-0.049821689
-0.047030795
-0.049106146
-0.04732481
-0.049203124
-0.046541945
-0.050652399
-0.047724017
-0.048589538
-0.049647148
-0.049415077
-0.048754315
-0.049337231
-0.048512777
-0.050594775
-0.048808449
-0.048245622
-0.048602399
-0.049276137
-0.048276044
-0.049859257
-0.049952271
-0.048458884
-0.049271269
-0.050040267
-0.047853586
-0.04913452
-0.050847516
-0.048820608
-0.049281868
-0.050412585
-0.051581957
-0.051212061
-0.05255728
-0.051340606
-0.049605717
-0.049609219
-0.051662028
-0.050340355
-0.051383533
-0.050185593
-0.04860518
-0.050083704
-0.050336594
-0.049919896
-0.051403721
-0.051480602
-0.049978327
-0.051042716
-0.051741112
-0.051454904
-0.0515412
-0.05191297
-0.050940307
-0.051051903
-0.05114772
-0.050465556
-0.051044879
-0.051409777
-0.053123246
-0.052312491
-0.053141604
-0.052247889
-0.05256865
-0.051807659
-0.053438573
-0.052493391
-0.052299534
-0.052843487
-0.052223494
-0.054043728
-0.053592284
-0.051680988
-0.051867245
-0.053521265
-0.054047207
-0.054327966
-0.053200229
-0.054219468
-0.053882903
-0.052919749
-0.054040861
-0.054756848
-0.053570025
-0.053486543
-0.054370622
-0.052977307
-0.05420129
-0.055244499
-0.055556848
-0.055210694
-0.055381406
-0.055764564
-0.055573567
-0.054216677
-0.056076164
-0.054789585
-0.055724858
-0.055640149
-0.056647841
-0.056264834
-0.055434953
-0.058034761
-0.057093195
-0.056239982
-0.057475637
-0.057908878
-0.057253409
-0.055424422
-0.055341669
-0.057398438
-0.05621834
-0.05646287
-0.056810041
-0.056789593
-0.05691389
-0.057175561
-0.058011475
-0.05706659
-0.057616148
-0.058674236
-0.057859704
-0.060973121
-0.058366135
-0.057475964
-0.059046377
-0.059418146
-0.058568112
-0.061056341
-0.05950501
-0.057889883
-0.060528626
-0.058729902
-0.060682975
-0.059441279
-0.059962059
-0.060890841
-0.059834763
-0.059037601
-0.061238617
-0.059660212
-0.060481161
-0.061138594
-0.060039136
-0.061133787
-0.06094671
-0.062011622
-0.062002022
-0.060403391
-0.061374682
-0.060500055
-0.062723051
-0.062388009
-0.064034262
-0.061555556
-0.063211353
-0.064220244
-0.061527475
-0.064149663
-0.064426572
-0.062996879
-0.063761962
-0.064056486
-0.066146964
-0.063937894
-0.065493557
-0.064008492
-0.064725721
-0.065452079
-0.065175903
-0.064130361
-0.064889812
-0.066162201
-0.066286969
-0.065280679
-0.065569261
-0.067743564
-0.067219349
-0.06762396
-0.068319005
-0.068450905
-0.068020021
-0.068456825
-0.069469535
-0.068136335
-0.069169909
-0.068961664
-0.069539376
-0.068681086
-0.069074407
-0.069522577
-0.069685162
-0.07066007
-0.070480896
-0.071150542
-0.072409588
-0.070160005
-0.072559261
-0.072365988
-0.070464996
-0.070463926
-0.072139774
-0.071543295
-0.072422565
-0.074786481
-0.071722975
-0.07388798
-0.073565356
-0.073245725
-0.072443036
-0.072666945
-0.073634135
-0.075816002
-0.074900948
-0.076398201
-0.075949694
-0.074515742
-0.075503019
-0.076615912
-0.077053461
-0.077721277
-0.078304937
-0.077469023
-0.078451423
-0.077725003
-0.079104051
-0.078529622
-0.079701199
-0.079995684
-0.080210218
-0.080155807
-0.078021598
-0.081850417
-0.081498773
-0.081611268
-0.080214512
-0.083308953
-0.081843114
-0.081232336
-0.083172606
-0.082062113
-0.083718347
-0.083620538
-0.084226869
-0.08728731
-0.08573702
-0.086494616
-0.085536365
-0.086623892
-0.088601788
-0.087510517
-0.088722589
-0.089150875
-0.088603631
-0.087423587
-0.088728916
-0.090124825
-0.092080849
-0.09009111
-0.09176088
-0.090389306
-0.09245443
-0.093092615
-0.091257679
-0.094852062
-0.092510579
-0.09572505
-0.096074985
-0.096651008
-0.096015073
-0.096295048
-0.096557039
-0.099545632
-0.099354687
-0.099092478
-0.1003515
-0.10109371
-0.099961591
-0.10127003
-0.10287926
-0.10028425
-0.10310216
-0.10232999
-0.10543874
-0.10566043
-0.1061036
-0.1064536
-0.10650477
-0.10619728
-0.11027088
-0.10888413
-0.11056485
-0.11093297
-0.11204605
-0.11382841
-0.11476209
-0.11311456
-0.11563489
-0.11337123
-0.11883285
-0.11672344
-0.12036229
-0.12082372
-0.12094179
-0.12083251
-0.1228076
-0.12475042
-0.12501715
-0.12480009
-0.12599645
-0.12682058
-0.12958422
-0.13035367
-0.13083995
-0.1332709
-0.13357884
-0.13351742
-0.13721686
-0.13919037
-0.13995733
-0.14076102
-0.14340332
-0.14456183
-0.14536156
-0.15030015
-0.14944113
-0.15027712
-0.15218311
-0.15299622
-0.1573875
-0.15822188
-0.16031138
-0.16469748
-0.16431955
-0.16871764
-0.17038019
-0.17208129
-0.17559304
-0.17642869
-0.1814769
-0.18497812
-0.18730069
-0.19002906
-0.19281438
-0.19407717
-0.20072135
-0.20564092
-0.20839161
-0.21145984
-0.21477474
-0.22122809
-0.22556113
-0.22898983
-0.23430584
-0.23926319
-0.24494903
-0.25132639
-0.25814514
-0.26530945
-0.27309241
-0.27819575
-0.28775834
-0.29419757
-0.30295231
-0.31202578
-0.32442408
-0.33401161
-0.3421861
-0.35242221
-0.36849784
-0.37981747
-0.39350026
-0.40988183
-0.42609101
-0.44330775
-0.46283202
-0.47940703
-0.50028184
