-1.3347084471624
-1.079174541357
-0.92661335134829
-0.82880001431642
-0.75698320886002
-0.69947190421769
-0.65108408303524
-0.60920747781575
-0.5723429377471
-0.5395265094574
-0.51008046915477
-0.48349653114938
-0.45937610507596
-0.4373969894837
-0.41729322326299
-0.39884197481479
-0.38185447316678
-0.36616942289538
-0.35164804144764
-0.33817021309225
-0.32563144502474
-0.31394041961457
-0.30301700155251
-0.2927905992977
-0.28319880690816
-0.27418627057695
-0.26570373709691
-0.25770725086598
-0.25015747304086
-0.24301910175842
-0.23626037644073
-0.22985265239884
-0.22377003447512
-0.21798906047408
-0.21248842674432
-0.20724874957637
-0.20225235713867
-0.19748310753748
-0.19292622929478
-0.18856818112198
-0.18439652834976
-0.18039983377569
-0.17656756102527
-0.17288998880157
-0.16935813463323
-0.165963686928
-0.16269894430551
-0.15955676132445
-0.15653049983873
-0.15361398531945
-0.15080146756666
-0.1480875853092
-0.14546733425492
-0.14293603820876
-0.14048932292313
-0.13812309238637
-0.13583350729028
-0.13361696544848
-0.13147008396408
-0.12938968296845
-0.12737277077327
-0.12541653029549
-0.12351830663075
-0.12167559566436
-0.11988603362068
-0.11814738746285
-0.11645754606345
-0.11481451207563
-0.11321639444096
-0.11166140147701
-0.11014783449337
-0.10867408188987
-0.1072386136952
-0.10583997650853
-0.10447678880983
-0.10314773660827
-0.10185156940073
-0.10058709641504
-0.099353183115099
-0.098148747946758
-0.096972759305616
-0.095824232709274
-0.094702228158277
-0.093605847671285
-0.092534232981266
-0.091486563380666
-0.09046205370447
-0.089459952441037
-0.08847953996142
-0.087520126858619
-0.086581052388943
-0.085661683008273
-0.084761410996564
-0.083879653164496
-0.083015849636633
-0.082169462705875
-0.081339975754405
-0.080526892236718
-0.079729734720561
-0.078948043982102
-0.078181378151661
-0.07742931190687
-0.076691435710178
-0.075967355087899
-0.075256689948219
-0.074559073935701
-0.073874153820099
-0.073201588917317
-0.072541050540614
-0.071892221480224
-0.071254795509647
-0.070628476917148
-0.070012980060867
-0.069408028946238
-0.068813356824388
-0.068228705810359
-0.067653826519986
-0.067088477724395
-0.066532426021149
-0.065985445521095
-0.065447317550055
-0.064917830364566
-0.064396778880881
-0.063883964416531
-0.063379194443785
-0.062882282354351
-0.062393047234759
-0.061911313651833
-0.061436911447763
-0.060969675544255
-0.060509445755301
-0.060056066608148
-0.059609387172031
-0.05916926089428
-0.058735545443465
-0.058308102559198
-0.057886797908257
-0.057471500946797
-0.057062084788232
-0.056658426076632
-0.056260404865314
-0.055867904500375
-0.055480811508961
-0.055099015492029
-0.054722409021417
-0.054350887540983
-0.053984349271671
-0.053622695120297
-0.053265828591896
-0.052913655705457
-0.052566084912917
-0.052223027021255
-0.051884395117534
-0.051550104496804
-0.051220072592686
-0.050894218910571
-0.050572464963291
-0.050254734209159
-0.04994095199229
-0.04963104548509
-0.049324943632843
-0.049022577100277
-0.048723878220058
-0.048428780943116
-0.048137220790727
-0.047849134808275
-0.047564461520654
-0.047283140889208
-0.047005114270145
-0.046730324374427
-0.046458715228988
-0.046190232139295
-0.045924821653163
-0.045662431525814
-0.045403010686074
-0.045146509203711
-0.044892878257854
-0.044642070106457
-0.044394038056746
-0.04414873643665
-0.043906120567142
-0.04366614673549
-0.043428772169332
-0.043193955011625
-0.042961654296353
-0.042731829925007
-0.042504442643823
-0.042279454021709
-0.042056826428881
-0.041836523016129
-0.041618507694754
-0.041402745117099
-0.041189200657678
-0.040977840394881
-0.040768631093228
-0.040561540186154
-0.040356535759312
-0.040153586534374
-0.039952661853301
-0.039753731663085
-0.03955676650095
-0.039361737479943
-0.039168616275005
-0.038977375109383
-0.038787986741473
-0.038600424452027
-0.038414662031717
-0.038230673769077
-0.038048434438736
-0.037867919290044
-0.037689104035963
-0.037511964842302
-0.037336478317229
-0.037162621501085
-0.036990371856469
-0.036819707258601
-0.036650605985944
-0.036483046711078
-0.036317008491824
-0.036152470762602
-0.035989413326032
-0.035827816344735
-0.03566766033338
-0.035508926150912
-0.035351594993011
-0.035195648384727
-0.035041068173327
-0.034887836521297
-0.034735935899565
-0.034585349080867
-0.034436059133277
-0.034288049413969
-0.034141303563015
-0.033995805497477
-0.033851539405536
-0.03370848974084
-0.033566641216958
-0.033425978801982
-0.033286487713263
-0.03314815341228
-0.033010961599623
-0.032874898210112
-0.032739949408029
-0.03260610158247
-0.032473341342801
-0.03234165551423
-0.032211031133483
-0.032081455444592
-0.03195291589476
-0.031825400130353
-0.031698895992968
-0.0315733915156
-0.03144887491889
-0.031325334607481
-0.031202759166435
-0.031081137357752
-0.03096045811695
-0.030840710549744
-0.030721883928793
-0.030603967690513
-0.03048695143197
-0.030370824907849
-0.030255578027479
-0.030141200851939
-0.030027683591207
-0.029915016601403
-0.029803190382065
-0.029692195573503
-0.029582022954199
-0.029472663438283
-0.029364108073038
-0.029256348036484
-0.029149374634998
-0.029043179300994
-0.028937753590654
-0.028833089181694
-0.028729177871205
-0.028626011573506
-0.028523582318078
-0.028421882247502
-0.028320903615489
-0.028220638784905
-0.02812108022587
-0.028022220513878
-0.027924052327961
-0.027826568448904
-0.027729761757471
-0.027633625232697
-0.027538151950193
-0.027443335080487
-0.027349167887427
-0.027255643726568
-0.027162756043638
-0.02707049837301
-0.026978864336209
-0.026887847640447
-0.026797442077204
-0.026707641520805
-0.026618439927067
-0.026529831331927
-0.026441809850138
-0.026354369673968
-0.026267505071921
-0.026181210387512
-0.026095480038018
-0.026010308513309
-0.025925690374655
-0.025841620253581
-0.02575809285073
-0.025675102934778
-0.025592645341315
-0.025510714971809
-0.025429306792543
-0.025348415833594
-0.025268037187825
-0.025188166009906
-0.025108797515333
-0.02502992697949
-0.024951549736707
-0.024873661179344
-0.024796256756902
-0.024719331975135
-0.024642882395179
-0.024566903632715
-0.024491391357124
-0.024416341290674
-0.024341749207715
-0.024267610933885
-0.024193922345347
-0.024120679368011
-0.024047877976802
-0.023975514194918
-0.023903584093112
-0.02383208378898
-0.023761009446276
-0.023690357274211
-0.023620123526805
-0.023550304502209
-0.023480896542066
-0.023411896030871
-0.023343299395357
-0.02327510310386
-0.023207303665739
-0.023139897630763
-0.023072881588546
-0.023006252167956
-0.022940006036571
-0.022874139900111
-0.022808650501901
-0.022743534622334
-0.02267878907835
-0.022614410722914
-0.02255039644451
-0.022486743166646
-0.022423447847357
-0.022360507478724
-0.022297919086402
-0.022235679729152
-0.022173786498382
-0.022112236517694
-0.022051026942445
-0.021990154959305
-0.02192961778583
-0.02186941267004
-0.021809536890006
-0.021749987753433
-0.021690762597271
-0.021631858787306
-0.021573273717779
-0.021515004811007
-0.021457049516992
-0.021399405313066
-0.021342069703518
-0.021285040219233
-0.021228314417349
-0.021171889880897
-0.02111576421847
-0.021059935063881
-0.021004400075829
-0.020949156937579
-0.020894203356636
-0.020839537064431
-0.020785155816018
-0.020731057389747
-0.020677239586984
-0.020623700231804
-0.020570437170699
-0.020517448272292
-0.020464731427053
-0.020412284547025
-0.020360105565536
-0.020308192436947
-0.020256543136364
-0.020205155659399
-0.020154028021891
-0.020103158259669
-0.020052544428282
-0.020002184602772
-0.019952076877416
-0.019902219365495
-0.019852610199054
-0.019803247528668
-0.019754129523222
-0.019705254369667
-0.019656620272822
-0.019608225455132
-0.019560068156471
-0.01951214663391
-0.01946445916153
-0.019417004030193
-0.019369779547355
-0.019322784036859
-0.019276015838732
-0.019229473309001
-0.019183154819496
-0.019137058757655
-0.019091183526349
-0.019045527543689
-0.019000089242847
-0.018954867071879
-0.018909859493547
-0.018865064985145
-0.018820482038335
-0.018776109158962
-0.018731944866906
-0.018687987695906
-0.018644236193403
-0.018600688920376
-0.018557344451193
-0.018514201373447
-0.018471258287805
-0.018428513807868
-0.01838596656
-0.018343615183207
-0.018301458328971
-0.018259494661118
-0.018217722855677
-0.01817614160074
-0.018134749596321
-0.018093545554225
-0.018052528197919
-0.018011696262385
-0.017971048494011
-0.017930583650452
-0.017890300500496
-0.017850197823955
-0.017810274411537
-0.017770529064719
-0.017730960595629
-0.017691567826937
-0.017652349591727
-0.017613304733391
-0.017574432105501
-0.017535730571731
-0.017497199005692
-0.017458836290876
-0.01742064132052
-0.017382612997508
-0.017344750234265
-0.017307051952647
-0.017269517083853
-0.017232144568314
-0.017194933355595
-0.017157882404296
-0.017120990681962
-0.017084257164977
-0.017047680838477
-0.017011260696254
-0.016974995740667
-0.016938884982544
-0.016902927441103
-0.016867122143849
-0.016831468126504
-0.016795964432904
-0.016760610114924
-0.016725404232392
-0.016690345853004
-0.016655434052243
-0.016620667913297
-0.016586046526979
-0.016551568991652
-0.016517234413143
-0.016483041904674
-0.016448990586778
-0.016415079587232
-0.016381308040977
-0.016347675090044
-0.016314179883489
-0.016280821577309
-0.016247599334387
-0.016214512324404
-0.016181559723788
-0.016148740715632
-0.016116054489634
-0.016083500242027
-0.016051077175515
-0.01601878449921
-0.015986621428565
-0.015954587185306
-0.01592268099738
-0.015890902098888
-0.015859249730019
-0.015827723136998
-0.015796321572022
-0.015765044293196
-0.015733890564489
-0.015702859655659
-0.01567195084221
-0.015641163405327
-0.015610496631826
-0.015579949814092
-0.015549522250038
-0.015519213243034
-0.015489022101866
-0.015458948140682
-0.015428990678934
-0.015399149041334
-0.015369422557801
-0.015339810563407
-0.015310312398335
-0.015280927407824
-0.015251654942122
-0.015222494356438
-0.015193445010899
-0.015164506270498
-0.015135677505049
-0.015106958089144
-0.015078347402103
-0.015049844827934
-0.015021449755289
-0.014993161577413
-0.014964979692114
-0.014936903501705
-0.014908932412975
-0.01488106583714
-0.014853303189803
-0.014825643890916
-0.014798087364734
-0.014770633039781
-0.014743280348811
-0.014716028728758
-0.014688877620716
-0.01466182646988
-0.014634874725527
-0.014608021840969
-0.014581267273513
-0.014554610484434
-0.014528050938933
-0.014501588106099
-0.014475221458881
-0.014448950474048
-0.014422774632155
-0.01439669341751
-0.014370706318136
-0.014344812825748
-0.014319012435705
-0.014293304646993
-0.01426768896218
-0.014242164887387
-0.014216731932265
-0.014191389609954
-0.01416613743705
-0.014140974933586
-0.014115901622991
-0.014090917032063
-0.014066020690944
-0.014041212133085
-0.014016490895214
-0.013991856517318
-0.013967308542605
-0.013942846517481
-0.013918469991518
-0.01389417851743
-0.013869971651044
-0.013845848951272
-0.013821809980089
-0.013797854302497
-0.01377398148651
-0.013750191103122
-0.013726482726281
-0.013702855932865
-0.013679310302656
-0.01365584541832
-0.013632460865372
-0.013609156232163
-0.013585931109847
-0.013562785092365
-0.013539717776412
-0.013516728761422
-0.013493817649544
-0.01347098404561
-0.013448227557127
-0.01342554779424
-0.013402944369721
-0.01338041689894
-0.013357964999846
-0.013335588292946
-0.013313286401281
-0.013291058950409
-0.01326890556838
-0.013246825885715
-0.013224819535393
-0.013202886152819
-0.013181025375815
-0.01315923684459
-0.013137520201731
-0.013115875092174
-0.01309430116319
-0.013072798064362
-0.013051365447574
-0.013030002966981
-0.013008710278998
-0.012987487042283
-0.01296633291771
-0.01294524756836
-0.012924230659499
-0.012903281858562
-0.012882400835131
-0.012861587260925
-0.012840840809778
-0.012820161157618
-0.012799547982465
-0.012779000964393
-0.012758519785535
-0.012738104130049
-0.012717753684112
-0.012697468135903
-0.012677247175583
-0.012657090495281
-0.012636997789081
-0.012616968753004
-0.01259700308499
-0.012577100484892
-0.012557260654449
-0.01253748329728
-0.012517768118868
-0.012498114826539
-0.01247852312946
-0.012458992738605
-0.012439523366765
-0.012420114728516
-0.012400766540209
-0.012381478519962
-0.012362250387639
-0.012343081864845
-0.012323972674901
-0.012304922542839
-0.012285931195392
-0.012266998360966
-0.012248123769646
-0.012229307153168
-0.012210548244917
-0.012191846779907
-0.012173202494771
-0.012154615127753
-0.012136084418686
-0.012117610108991
-0.012099191941654
-0.012080829661226
-0.0120625230138
-0.012044271747007
-0.012026075610001
-0.012007934353445
-0.011989847729512
-0.011971815491851
-0.011953837395605
-0.011935913197368
-0.0119180426552
-0.01190022552861
-0.011882461578531
-0.011864750567328
-0.011847092258776
-0.011829486418057
-0.011811932811737
-0.011794431207774
-0.011776981375492
-0.011759583085577
-0.011742236110071
-0.011724940222357
-0.011707695197144
-0.011690500810469
-0.011673356839684
-0.011656263063434
-0.011639219261668
-0.011622225215615
-0.011605280707779
-0.011588385521925
-0.011571539443084
-0.011554742257523
-0.011537993752756
-0.011521293717523
-0.011504641941782
-0.011488038216704
-0.011471482334667
-0.011454974089237
-0.011438513275168
-0.011422099688392
-0.011405733126008
-0.011389413386277
-0.01137314026861
-0.011356913573563
-0.01134073310283
-0.011324598659225
-0.011308510046692
-0.011292467070279
-0.011276469536141
-0.011260517251527
-0.011244610024777
-0.011228747665309
-0.011212929983616
-0.011197156791255
-0.011181427900839
-0.01116574312604
-0.011150102281561
-0.011134505183154
-0.011118951647587
-0.011103441492657
-0.011087974537177
-0.011072550600961
-0.011057169504827
-0.011041831070588
-0.011026535121041
-0.01101128147996
-0.010996069972102
-0.01098090042318
-0.010965772659869
-0.010950686509802
-0.010935641801554
-0.010920638364641
-0.010905676029511
-0.010890754627543
-0.010875873991034
-0.010861033953196
-0.010846234348155
-0.010831475010922
-0.010816755777428
-0.010802076484478
-0.010787436969764
-0.010772837071858
-0.010758276630203
-0.01074375548511
-0.010729273477746
-0.010714830450139
-0.01070042624516
-0.010686060706523
-0.010671733678788
-0.010657445007337
-0.010643194538382
-0.010628982118956
-0.01061480759691
-0.010600670820903
-0.010586571640393
-0.010572509905645
-0.010558485467715
-0.010544498178449
-0.010530547890474
-0.010516634457197
-0.010502757732797
-0.010488917572223
-0.010475113831187
-0.010461346366153
-0.010447615034349
-0.010433919693742
-0.010420260203045
-0.01040663642171
-0.010393048209924
-0.010379495428599
-0.010365977939373
-0.010352495604604
-0.010339048287364
-0.010325635851437
-0.010312258161308
-0.010298915082165
-0.010285606479895
-0.010272332221074
-0.010259092172965
-0.010245886203516
-0.010232714181352
-0.010219575975774
-0.010206471456751
-0.010193400494917
-0.010180362961572
-0.010167358728668
-0.010154387668813
-0.010141449655262
-0.010128544561916
-0.010115672263317
-0.010102832634641
-0.010090025551701
-0.010077250890931
-0.010064508529399
-0.010051798344787
-0.010039120215395
-0.010026474020138
-0.010013859638538
-0.010001276950722
-0.0099887258374192
-0.0099762061799561
-0.0099637178602532
-0.0099512607608169
-0.0099388347647533
-0.009926439755734
-0.0099140756180221
-0.0099017422364501
-0.009889439496424
-0.0098771672839199
-0.0098649254854786
-0.009852713988199
-0.0098405326797424
-0.009828381448321
-0.0098162601827013
-0.0098041687721955
-0.0097921071066602
-0.0097800750764944
-0.0097680725726311
-0.0097560994865431
-0.0097441557102322
-0.0097322411362257
-0.0097203556575754
-0.0097084991678655
-0.0096966715611773
-0.0096848727321295
-0.0096731025758382
-0.0096613609879337
-0.0096496478645524
-0.0096379631023327
-0.0096263065984106
-0.0096146782504235
-0.0096030779565
-0.0095915056152579
-0.0095799611258017
-0.0095684443877289
-0.0095569553011109
-0.0095454937664997
-0.0095340596849271
-0.0095226529578924
-0.0095112734873705
-0.0094999211758024
-0.0094885959260938
-0.0094772976416116
-0.009466026226185
-0.0094547815840964
-0.0094435636200852
-0.0094323722393415
-0.0094212073474999
-0.0094100688506476
-0.0093989566553114
-0.0093878706684591
-0.0093768107974977
-0.0093657769502684
-0.0093547690350457
-0.009343786960536
-0.0093328306358723
-0.0093218999706133
-0.0093109948747409
-0.0093001152586578
-0.0092892610331836
-0.0092784321095547
-0.0092676283994209
-0.0092568498148403
-0.0092460962682825
-0.009235367672622
-0.0092246639411361
-0.0092139849875052
-0.0092033307258077
-0.0091927010705178
-0.009182095936505
-0.0091715152390329
-0.0091609588937528
-0.0091504268167034
-0.0091399189243079
-0.0091294351333786
-0.0091189753611009
-0.0091085395250447
-0.0090981275431544
-0.0090877393337492
-0.0090773748155209
-0.0090670339075299
-0.0090567165292113
-0.0090464226003565
-0.0090361520411285
-0.0090259047720483
-0.0090156807139984
-0.0090054797882201
-0.0089953019163094
-0.0089851470202155
-0.0089750150222375
-0.0089649058450328
-0.0089548194115972
-0.0089447556452776
-0.0089347144697617
-0.0089246958090833
-0.0089146995876135
-0.0089047257300621
-0.008894774161476
-0.0088848448072385
-0.0088749375930559
-0.0088650524449813
-0.008855189289385
-0.0088453480529644
-0.0088355286627494
-0.008825731046088
-0.0088159551306539
-0.0088062008444343
-0.008796468115738
-0.0087867568731946
-0.0087770670457442
-0.0087673985626352
-0.0087577513534374
-0.0087481253480235
-0.0087385204765743
-0.0087289366695783
-0.0087193738578291
-0.0087098319724204
-0.0087003109447475
-0.0086908107065113
-0.0086813311897022
-0.0086718723266089
-0.0086624340498184
-0.008653016292208
-0.0086436189869466
-0.0086342420674928
-0.008624885467595
-0.0086155491212863
-0.0086062329628863
-0.0085969369269988
-0.0085876609485057
-0.0085784049625759
-0.0085691689046524
-0.0085599527104576
-0.0085507563159918
-0.0085415796575249
-0.0085324226716055
-0.008523285295049
-0.008514167464947
-0.008505069118654
-0.0084959901937919
-0.0084869306282559
-0.0084778903601967
-0.0084688693280322
-0.008459867470445
-0.0084508847263719
-0.0084419210350124
-0.0084329763358239
-0.0084240505685159
-0.0084151436730589
-0.0084062555896726
-0.0083973862588303
-0.0083885356212554
-0.0083797036179209
-0.0083708901900498
-0.0083620952791096
-0.0083533188268142
-0.0083445607751229
-0.0083358210662365
-0.0083270996425981
-0.0083183964468939
-0.0083097114220434
-0.0083010445112094
-0.0082923956577912
-0.0082837648054196
-0.0082751518979632
-0.0082665568795243
-0.008257979694434
-0.0082494202872565
-0.0082408786027838
-0.0082323545860384
-0.0082238481822677
-0.008215359336947
-0.0082068879957741
-0.0081984341046735
-0.008189997609789
-0.0081815784574881
-0.0081731765943571
-0.0081647919672024
-0.0081564245230483
-0.0081480742091332
-0.0081397409729165
-0.0081314247620683
-0.0081231255244714
-0.0081148432082274
-0.0081065777616405
-0.0080983291332313
-0.0080900972717278
-0.008081882126066
-0.0080736836453887
-0.008065501779046
-0.0080573364765926
-0.0080491876877855
-0.0080410553625872
-0.0080329394511612
-0.0080248399038707
-0.0080167566712809
-0.008008689704154
-0.008000638953451
-0.0079926043703299
-0.0079845859061441
-0.0079765835124423
-0.0079685971409683
-0.0079606267436564
