-100 -0.0100048 0
-99.9 -0.0100148 0
-99.8 -0.0100249 0
-99.7 -0.0100349 0
-99.6 -0.010045 0
-99.5 -0.0100551 0
-99.4 -0.0100652 0
-99.3 -0.0100754 0
-99.2 -0.0100855 0
-99.1 -0.0100957 0
-99 -0.0101059 0
-98.9 -0.0101162 0
-98.8 -0.0101264 0
-98.7 -0.0101367 0
-98.6 -0.010147 0
-98.5 -0.0101573 0
-98.4 -0.0101676 0
-98.3 -0.010178 0
-98.2 -0.0101883 0
-98.1 -0.0101987 0
-98 -0.0102091 0
-97.9 -0.0102196 0
-97.8 -0.01023 0
-97.7 -0.0102405 0
-97.6 -0.010251 0
-97.5 -0.0102615 0
-97.4 -0.0102721 0
-97.3 -0.0102826 0
-97.2 -0.0102932 0
-97.1 -0.0103038 0
-97 -0.0103145 0
-96.9 -0.0103251 0
-96.8 -0.0103358 0
-96.7 -0.0103465 0
-96.6 -0.0103572 0
-96.5 -0.010368 0
-96.4 -0.0103787 0
-96.3 -0.0103895 0
-96.2 -0.0104003 0
-96.1 -0.0104112 0
-96 -0.010422 0
-95.9 -0.0104329 0
-95.8 -0.0104438 0
-95.7 -0.0104547 0
-95.6 -0.0104657 0
-95.5 -0.0104766 0
-95.4 -0.0104876 0
-95.3 -0.0104986 0
-95.2 -0.0105097 0
-95.1 -0.0105207 0
-95 -0.0105318 0
-94.9 -0.0105429 0
-94.8 -0.0105541 0
-94.7 -0.0105652 0
-94.6 -0.0105764 0
-94.5 -0.0105876 0
-94.4 -0.0105988 0
-94.3 -0.0106101 0
-94.2 -0.0106213 0
-94.1 -0.0106326 0
-94 -0.010644 0
-93.9 -0.0106553 0
-93.8 -0.0106667 0
-93.7 -0.0106781 0
-93.6 -0.0106895 0
-93.5 -0.0107009 0
-93.4 -0.0107124 0
-93.3 -0.0107239 0
-93.2 -0.0107354 0
-93.1 -0.0107469 0
-93 -0.0107585 0
-92.9 -0.0107701 0
-92.8 -0.0107817 0
-92.7 -0.0107934 0
-92.6 -0.010805 0
-92.5 -0.0108167 0
-92.4 -0.0108284 0
-92.3 -0.0108402 0
-92.2 -0.0108519 0
-92.1 -0.0108637 0
-92 -0.0108756 0
-91.9 -0.0108874 0
-91.8 -0.0108993 0
-91.7 -0.0109112 0
-91.6 -0.0109231 0
-91.5 -0.010935 0
-91.4 -0.010947 0
-91.3 -0.010959 0
-91.2 -0.0109711 0
-91.1 -0.0109831 0
-91 -0.0109952 0
-90.9 -0.0110073 0
-90.8 -0.0110194 0
-90.7 -0.0110316 0
-90.6 -0.0110438 0
-90.5 -0.011056 0
-90.4 -0.0110682 0
-90.3 -0.0110805 0
-90.2 -0.0110928 0
-90.1 -0.0111051 0
-90 -0.0111175 0
-89.9 -0.0111299 0
-89.8 -0.0111423 0
-89.7 -0.0111547 0
-89.6 -0.0111672 0
-89.5 -0.0111796 0
-89.4 -0.0111922 0
-89.3 -0.0112047 0
-89.2 -0.0112173 0
-89.1 -0.0112299 0
-89 -0.0112425 0
-88.9 -0.0112552 0
-88.8 -0.0112679 0
-88.7 -0.0112806 0
-88.6 -0.0112933 0
-88.5 -0.0113061 0
-88.4 -0.0113189 0
-88.3 -0.0113317 0
-88.2 -0.0113446 0
-88.1 -0.0113575 0
-88 -0.0113704 0
-87.9 -0.0113834 0
-87.8 -0.0113963 0
-87.7 -0.0114093 0
-87.6 -0.0114224 0
-87.5 -0.0114354 0
-87.4 -0.0114485 0
-87.3 -0.0114617 0
-87.2 -0.0114748 0
-87.1 -0.011488 0
-87 -0.0115012 0
-86.9 -0.0115145 0
-86.8 -0.0115278 0
-86.7 -0.0115411 0
-86.6 -0.0115544 0
-86.5 -0.0115678 0
-86.4 -0.0115812 0
-86.3 -0.0115946 0
-86.2 -0.0116081 0
-86.1 -0.0116216 0
-86 -0.0116351 0
-85.9 -0.0116487 0
-85.8 -0.0116623 0
-85.7 -0.0116759 0
-85.6 -0.0116895 0
-85.5 -0.0117032 0
-85.4 -0.0117169 0
-85.3 -0.0117307 0
-85.2 -0.0117445 0
-85.1 -0.0117583 0
-85 -0.0117721 0
-84.9 -0.011786 0
-84.8 -0.0117999 0
-84.7 -0.0118139 0
-84.6 -0.0118279 0
-84.5 -0.0118419 0
-84.4 -0.0118559 0
-84.3 -0.01187 0
-84.2 -0.0118841 0
-84.1 -0.0118983 0
-84 -0.0119125 0
-83.9 -0.0119267 0
-83.8 -0.0119409 0
-83.7 -0.0119552 0
-83.6 -0.0119695 0
-83.5 -0.0119839 0
-83.4 -0.0119982 0
-83.3 -0.0120127 0
-83.2 -0.0120271 0
-83.1 -0.0120416 0
-83 -0.0120561 0
-82.9 -0.0120707 0
-82.8 -0.0120853 0
-82.7 -0.0120999 0
-82.6 -0.0121146 0
-82.5 -0.0121293 0
-82.4 -0.012144 0
-82.3 -0.0121588 0
-82.2 -0.0121736 0
-82.1 -0.0121885 0
-82 -0.0122033 0
-81.9 -0.0122183 0
-81.8 -0.0122332 0
-81.7 -0.0122482 0
-81.6 -0.0122632 0
-81.5 -0.0122783 0
-81.4 -0.0122934 0
-81.3 -0.0123085 0
-81.2 -0.0123237 0
-81.1 -0.0123389 0
-81 -0.0123542 0
-80.9 -0.0123695 0
-80.8 -0.0123848 0
-80.7 -0.0124002 0
-80.6 -0.0124156 0
-80.5 -0.012431 0
-80.4 -0.0124465 0
-80.3 -0.012462 0
-80.2 -0.0124776 0
-80.1 -0.0124932 0
-80 -0.0125088 0
-79.9 -0.0125245 0
-79.8 -0.0125402 0
-79.7 -0.0125559 0
-79.6 -0.0125717 0
-79.5 -0.0125876 0
-79.4 -0.0126034 0
-79.3 -0.0126194 0
-79.2 -0.0126353 0
-79.1 -0.0126513 0
-79 -0.0126673 0
-78.9 -0.0126834 0
-78.8 -0.0126995 0
-78.7 -0.0127157 0
-78.6 -0.0127319 0
-78.5 -0.0127481 0
-78.4 -0.0127644 0
-78.3 -0.0127807 0
-78.2 -0.0127971 0
-78.1 -0.0128135 0
-78 -0.01283 0
-77.9 -0.0128464 0
-77.8 -0.012863 0
-77.7 -0.0128796 0
-77.6 -0.0128962 0
-77.5 -0.0129128 0
-77.4 -0.0129295 0
-77.3 -0.0129463 0
-77.2 -0.0129631 0
-77.1 -0.0129799 0
-77 -0.0129968 0
-76.9 -0.0130137 0
-76.8 -0.0130307 0
-76.7 -0.0130477 0
-76.6 -0.0130648 0
-76.5 -0.0130819 0
-76.4 -0.013099 0
-76.3 -0.0131162 0
-76.2 -0.0131334 0
-76.1 -0.0131507 0
-76 -0.013168 0
-75.9 -0.0131854 0
-75.8 -0.0132028 0
-75.7 -0.0132203 0
-75.6 -0.0132378 0
-75.5 -0.0132554 0
-75.4 -0.013273 0
-75.3 -0.0132906 0
-75.2 -0.0133083 0
-75.1 -0.0133261 0
-75 -0.0133439 0
-74.9 -0.0133617 0
-74.8 -0.0133796 0
-74.7 -0.0133975 0
-74.6 -0.0134155 0
-74.5 -0.0134336 0
-74.4 -0.0134516 0
-74.3 -0.0134698 0
-74.2 -0.0134879 0
-74.1 -0.0135062 0
-74 -0.0135245 0
-73.9 -0.0135428 0
-73.8 -0.0135612 0
-73.7 -0.0135796 0
-73.6 -0.0135981 0
-73.5 -0.0136166 0
-73.4 -0.0136352 0
-73.3 -0.0136538 0
-73.2 -0.0136725 0
-73.1 -0.0136912 0
-73 -0.01371 0
-72.9 -0.0137288 0
-72.8 -0.0137477 0
-72.7 -0.0137667 0
-72.6 -0.0137856 0
-72.5 -0.0138047 0
-72.4 -0.0138238 0
-72.3 -0.0138429 0
-72.2 -0.0138621 0
-72.1 -0.0138814 0
-72 -0.0139007 0
-71.9 -0.0139201 0
-71.8 -0.0139395 0
-71.7 -0.013959 0
-71.6 -0.0139785 0
-71.5 -0.0139981 0
-71.4 -0.0140177 0
-71.3 -0.0140374 0
-71.2 -0.0140571 0
-71.1 -0.0140769 0
-71 -0.0140968 0
-70.9 -0.0141167 0
-70.8 -0.0141367 0
-70.7 -0.0141567 0
-70.6 -0.0141768 0
-70.5 -0.0141969 0
-70.4 -0.0142171 0
-70.3 -0.0142374 0
-70.2 -0.0142577 0
-70.1 -0.0142781 0
-70 -0.0142985 0
-69.9 -0.014319 0
-69.8 -0.0143395 0
-69.7 -0.0143601 0
-69.6 -0.0143808 0
-69.5 -0.0144015 0
-69.4 -0.0144223 0
-69.3 -0.0144432 0
-69.2 -0.0144641 0
-69.1 -0.014485 0
-69 -0.0145061 0
-68.9 -0.0145272 0
-68.8 -0.0145483 0
-68.7 -0.0145695 0
-68.6 -0.0145908 0
-68.5 -0.0146121 0
-68.4 -0.0146335 0
-68.3 -0.014655 0
-68.2 -0.0146765 0
-68.1 -0.0146981 0
-68 -0.0147198 0
-67.9 -0.0147415 0
-67.8 -0.0147633 0
-67.7 -0.0147851 0
-67.6 -0.014807 0
-67.5 -0.014829 0
-67.4 -0.014851 0
-67.3 -0.0148731 0
-67.2 -0.0148953 0
-67.1 -0.0149175 0
-67 -0.0149399 0
-66.9 -0.0149622 0
-66.8 -0.0149847 0
-66.7 -0.0150072 0
-66.6 -0.0150297 0
-66.5 -0.0150524 0
-66.4 -0.0150751 0
-66.3 -0.0150979 0
-66.2 -0.0151207 0
-66.1 -0.0151436 0
-66 -0.0151666 0
-65.9 -0.0151897 0
-65.8 -0.0152128 0
-65.7 -0.015236 0
-65.6 -0.0152593 0
-65.5 -0.0152826 0
-65.4 -0.015306 0
-65.3 -0.0153295 0
-65.2 -0.0153531 0
-65.1 -0.0153767 0
-65 -0.0154004 0
-64.9 -0.0154242 0
-64.8 -0.015448 0
-64.7 -0.0154719 0
-64.6 -0.0154959 0
-64.5 -0.01552 0
-64.4 -0.0155442 0
-64.3 -0.0155684 0
-64.2 -0.0155927 0
-64.1 -0.015617 0
-64 -0.0156415 0
-63.9 -0.015666 0
-63.8 -0.0156906 0
-63.7 -0.0157153 0
-63.6 -0.0157401 0
-63.5 -0.0157649 0
-63.4 -0.0157898 0
-63.3 -0.0158148 0
-63.2 -0.0158399 0
-63.1 -0.015865 0
-63 -0.0158903 0
-62.9 -0.0159156 0
-62.8 -0.015941 0
-62.7 -0.0159665 0
-62.6 -0.015992 0
-62.5 -0.0160177 0
-62.4 -0.0160434 0
-62.3 -0.0160692 0
-62.2 -0.0160951 0
-62.1 -0.016121 0
-62 -0.0161471 0
-61.9 -0.0161732 0
-61.8 -0.0161995 0
-61.7 -0.0162258 0
-61.6 -0.0162522 0
-61.5 -0.0162787 0
-61.4 -0.0163052 0
-61.3 -0.0163319 0
-61.2 -0.0163586 0
-61.1 -0.0163855 0
-61 -0.0164124 0
-60.9 -0.0164394 0
-60.8 -0.0164665 0
-60.7 -0.0164937 0
-60.6 -0.0165209 0
-60.5 -0.0165483 0
-60.4 -0.0165758 0
-60.3 -0.0166033 0
-60.2 -0.016631 0
-60.1 -0.0166587 0
-60 -0.0166865 0
-59.9 -0.0167144 0
-59.8 -0.0167424 0
-59.7 -0.0167706 0
-59.6 -0.0167988 0
-59.5 -0.0168271 0
-59.4 -0.0168554 0
-59.3 -0.0168839 0
-59.2 -0.0169125 0
-59.1 -0.0169412 0
-59 -0.01697 0
-58.9 -0.0169989 0
-58.8 -0.0170278 0
-58.7 -0.0170569 0
-58.6 -0.0170861 0
-58.5 -0.0171154 0
-58.4 -0.0171447 0
-58.3 -0.0171742 0
-58.2 -0.0172038 0
-58.1 -0.0172335 0
-58 -0.0172633 0
-57.9 -0.0172931 0
-57.8 -0.0173231 0
-57.7 -0.0173532 0
-57.6 -0.0173834 0
-57.5 -0.0174137 0
-57.4 -0.0174442 0
-57.3 -0.0174747 0
-57.2 -0.0175053 0
-57.1 -0.017536 0
-57 -0.0175669 0
-56.9 -0.0175978 0
-56.8 -0.0176289 0
-56.7 -0.01766 0
-56.6 -0.0176913 0
-56.5 -0.0177227 0
-56.4 -0.0177542 0
-56.3 -0.0177858 0
-56.2 -0.0178176 0
-56.1 -0.0178494 0
-56 -0.0178814 0
-55.9 -0.0179134 0
-55.8 -0.0179456 0
-55.7 -0.0179779 0
-55.6 -0.0180103 0
-55.5 -0.0180429 0
-55.4 -0.0180755 0
-55.3 -0.0181083 0
-55.2 -0.0181412 0
-55.1 -0.0181742 0
-55 -0.0182073 0
-54.9 -0.0182406 0
-54.8 -0.018274 0
-54.7 -0.0183075 0
-54.6 -0.0183411 0
-54.5 -0.0183748 0
-54.4 -0.0184087 0
-54.3 -0.0184427 0
-54.2 -0.0184768 0
-54.1 -0.018511 0
-54 -0.0185454 0
-53.9 -0.0185799 0
-53.8 -0.0186146 0
-53.7 -0.0186493 0
-53.6 -0.0186842 0
-53.5 -0.0187192 0
-53.4 -0.0187544 0
-53.3 -0.0187897 0
-53.2 -0.0188251 0
-53.1 -0.0188606 0
-53 -0.0188963 0
-52.9 -0.0189321 0
-52.8 -0.0189681 0
-52.7 -0.0190042 0
-52.6 -0.0190404 0
-52.5 -0.0190768 0
-52.4 -0.0191133 0
-52.3 -0.01915 0
-52.2 -0.0191868 0
-52.1 -0.0192237 0
-52 -0.0192608 0
-51.9 -0.019298 0
-51.8 -0.0193354 0
-51.7 -0.0193729 0
-51.6 -0.0194105 0
-51.5 -0.0194483 0
-51.4 -0.0194863 0
-51.3 -0.0195244 0
-51.2 -0.0195627 0
-51.1 -0.0196011 0
-51 -0.0196396 0
-50.9 -0.0196783 0
-50.8 -0.0197172 0
-50.7 -0.0197562 0
-50.6 -0.0197953 0
-50.5 -0.0198347 0
-50.4 -0.0198741 0
-50.3 -0.0199138 0
-50.2 -0.0199536 0
-50.1 -0.0199935 0
-50 -0.0200336 0
-49.9 -0.0200739 0
-49.8 -0.0201144 0
-49.7 -0.020155 0
-49.6 -0.0201957 0
-49.5 -0.0202367 0
-49.4 -0.0202778 0
-49.3 -0.020319 0
-49.2 -0.0203605 0
-49.1 -0.0204021 0
-49 -0.0204439 0
-48.9 -0.0204858 0
-48.8 -0.0205279 0
-48.7 -0.0205702 0
-48.6 -0.0206127 0
-48.5 -0.0206553 0
-48.4 -0.0206982 0
-48.3 -0.0207412 0
-48.2 -0.0207843 0
-48.1 -0.0208277 0
-48 -0.0208712 0
-47.9 -0.020915 0
-47.8 -0.0209589 0
-47.7 -0.021003 0
-47.6 -0.0210472 0
-47.5 -0.0210917 0
-47.4 -0.0211364 0
-47.3 -0.0211812 0
-47.2 -0.0212263 0
-47.1 -0.0212715 0
-47 -0.0213169 0
-46.9 -0.0213625 0
-46.8 -0.0214083 0
-46.7 -0.0214544 0
-46.6 -0.0215006 0
-46.5 -0.021547 0
-46.4 -0.0215936 0
-46.3 -0.0216404 0
-46.2 -0.0216874 0
-46.1 -0.0217346 0
-46 -0.0217821 0
-45.9 -0.0218297 0
-45.8 -0.0218775 0
-45.7 -0.0219256 0
-45.6 -0.0219739 0
-45.5 -0.0220224 0
-45.4 -0.0220711 0
-45.3 -0.02212 0
-45.2 -0.0221691 0
-45.1 -0.0222184 0
-45 -0.022268 0
-44.9 -0.0223178 0
-44.8 -0.0223678 0
-44.7 -0.0224181 0
-44.6 -0.0224685 0
-44.5 -0.0225192 0
-44.4 -0.0225702 0
-44.3 -0.0226213 0
-44.2 -0.0226727 0
-44.1 -0.0227243 0
-44 -0.0227762 0
-43.9 -0.0228283 0
-43.8 -0.0228806 0
-43.7 -0.0229332 0
-43.6 -0.022986 0
-43.5 -0.0230391 0
-43.4 -0.0230924 0
-43.3 -0.023146 0
-43.2 -0.0231998 0
-43.1 -0.0232538 0
-43 -0.0233082 0
-42.9 -0.0233627 0
-42.8 -0.0234175 0
-42.7 -0.0234726 0
-42.6 -0.023528 0
-42.5 -0.0235836 0
-42.4 -0.0236395 0
-42.3 -0.0236956 0
-42.2 -0.023752 0
-42.1 -0.0238087 0
-42 -0.0238656 0
-41.9 -0.0239228 0
-41.8 -0.0239803 0
-41.7 -0.0240381 0
-41.6 -0.0240962 0
-41.5 -0.0241545 0
-41.4 -0.0242131 0
-41.3 -0.024272 0
-41.2 -0.0243312 0
-41.1 -0.0243907 0
-41 -0.0244505 0
-40.9 -0.0245105 0
-40.8 -0.0245709 0
-40.7 -0.0246316 0
-40.6 -0.0246925 0
-40.5 -0.0247538 0
-40.4 -0.0248154 0
-40.3 -0.0248773 0
-40.2 -0.0249395 0
-40.1 -0.025002 0
-40 -0.0250648 0
-39.9 -0.0251279 0
-39.8 -0.0251914 0
-39.7 -0.0252552 0
-39.6 -0.0253193 0
-39.5 -0.0253837 0
-39.4 -0.0254484 0
-39.3 -0.0255135 0
-39.2 -0.025579 0
-39.1 -0.0256447 0
-39 -0.0257108 0
-38.9 -0.0257773 0
-38.8 -0.0258441 0
-38.7 -0.0259112 0
-38.6 -0.0259787 0
-38.5 -0.0260466 0
-38.4 -0.0261148 0
-38.3 -0.0261833 0
-38.2 -0.0262522 0
-38.1 -0.0263215 0
-38 -0.0263912 0
-37.9 -0.0264612 0
-37.8 -0.0265316 0
-37.7 -0.0266024 0
-37.6 -0.0266735 0
-37.5 -0.0267451 0
-37.4 -0.026817 0
-37.3 -0.0268893 0
-37.2 -0.026962 0
-37.1 -0.0270351 0
-37 -0.0271086 0
-36.9 -0.0271825 0
-36.8 -0.0272568 0
-36.7 -0.0273315 0
-36.6 -0.0274067 0
-36.5 -0.0274822 0
-36.4 -0.0275582 0
-36.3 -0.0276346 0
-36.2 -0.0277114 0
-36.1 -0.0277886 0
-36 -0.0278663 0
-35.9 -0.0279444 0
-35.8 -0.0280229 0
-35.7 -0.0281019 0
-35.6 -0.0281814 0
-35.5 -0.0282613 0
-35.4 -0.0283416 0
-35.3 -0.0284224 0
-35.2 -0.0285037 0
-35.1 -0.0285855 0
-35 -0.0286677 0
-34.9 -0.0287504 0
-34.8 -0.0288335 0
-34.7 -0.0289172 0
-34.6 -0.0290013 0
-34.5 -0.029086 0
-34.4 -0.0291711 0
-34.3 -0.0292567 0
-34.2 -0.0293429 0
-34.1 -0.0294295 0
-34 -0.0295167 0
-33.9 -0.0296044 0
-33.8 -0.0296926 0
-33.7 -0.0297813 0
-33.6 -0.0298706 0
-33.5 -0.0299604 0
-33.4 -0.0300507 0
-33.3 -0.0301416 0
-33.2 -0.0302331 0
-33.1 -0.0303251 0
-33 -0.0304177 0
-32.9 -0.0305108 0
-32.8 -0.0306046 0
-32.7 -0.0306989 0
-32.6 -0.0307938 0
-32.5 -0.0308892 0
-32.4 -0.0309853 0
-32.3 -0.031082 0
-32.2 -0.0311793 0
-32.1 -0.0312772 0
-32 -0.0313757 0
-31.9 -0.0314748 0
-31.8 -0.0315746 0
-31.7 -0.031675 0
-31.6 -0.0317761 0
-31.5 -0.0318778 0
-31.4 -0.0319801 0
-31.3 -0.0320832 0
-31.2 -0.0321869 0
-31.1 -0.0322912 0
-31 -0.0323963 0
-30.9 -0.032502 0
-30.8 -0.0326084 0
-30.7 -0.0327156 0
-30.6 -0.0328234 0
-30.5 -0.032932 0
-30.4 -0.0330413 0
-30.3 -0.0331513 0
-30.2 -0.033262 0
-30.1 -0.0333735 0
-30 -0.0334858 0
-29.9 -0.0335988 0
-29.8 -0.0337126 0
-29.7 -0.0338271 0
-29.6 -0.0339425 0
-29.5 -0.0340586 0
-29.4 -0.0341756 0
-29.3 -0.0342933 0
-29.2 -0.0344119 0
-29.1 -0.0345313 0
-29 -0.0346515 0
-28.9 -0.0347726 0
-28.8 -0.0348945 0
-28.7 -0.0350173 0
-28.6 -0.035141 0
-28.5 -0.0352655 0
-28.4 -0.0353909 0
-28.3 -0.0355173 0
-28.2 -0.0356445 0
-28.1 -0.0357727 0
-28 -0.0359018 0
-27.9 -0.0360318 0
-27.8 -0.0361628 0
-27.7 -0.0362947 0
-27.6 -0.0364277 0
-27.5 -0.0365616 0
-27.4 -0.0366964 0
-27.3 -0.0368323 0
-27.2 -0.0369693 0
-27.1 -0.0371072 0
-27 -0.0372462 0
-26.9 -0.0373862 0
-26.8 -0.0375273 0
-26.7 -0.0376695 0
-26.6 -0.0378127 0
-26.5 -0.0379571 0
-26.4 -0.0381026 0
-26.3 -0.0382492 0
-26.2 -0.0383969 0
-26.1 -0.0385458 0
-26 -0.0386958 0
-25.9 -0.0388471 0
-25.8 -0.0389995 0
-25.7 -0.0391532 0
-25.6 -0.039308 0
-25.5 -0.0394641 0
-25.4 -0.0396215 0
-25.3 -0.0397801 0
-25.2 -0.03994 0
-25.1 -0.0401012 0
-25 -0.0402637 0
-24.9 -0.0404276 0
-24.8 -0.0405928 0
-24.7 -0.0407593 0
-24.6 -0.0409273 0
-24.5 -0.0410966 0
-24.4 -0.0412674 0
-24.3 -0.0414396 0
-24.2 -0.0416133 0
-24.1 -0.0417884 0
-24 -0.041965 0
-23.9 -0.0421431 0
-23.8 -0.0423228 0
-23.7 -0.042504 0
-23.6 -0.0426868 0
-23.5 -0.0428712 0
-23.4 -0.0430571 0
-23.3 -0.0432448 0
-23.2 -0.043434 0
-23.1 -0.043625 0
-23 -0.0438176 0
-22.9 -0.044012 0
-22.8 -0.0442081 0
-22.7 -0.044406 0
-22.6 -0.0446057 0
-22.5 -0.0448072 0
-22.4 -0.0450106 0
-22.3 -0.0452158 0
-22.2 -0.0454229 0
-22.1 -0.0456319 0
-22 -0.0458429 0
-21.9 -0.0460559 0
-21.8 -0.0462709 0
-21.7 -0.0464879 0
-21.6 -0.0467069 0
-21.5 -0.0469281 0
-21.4 -0.0471514 0
-21.3 -0.0473768 0
-21.2 -0.0476045 0
-21.1 -0.0478343 0
-21 -0.0480664 0
-20.9 -0.0483008 0
-20.8 -0.0485376 0
-20.7 -0.0487766 0
-20.6 -0.0490181 0
-20.5 -0.049262 0
-20.4 -0.0495083 0
-20.3 -0.0497572 0
-20.2 -0.0500086 0
-20.1 -0.0502626 0
-20 -0.0505192 0
-19.9 -0.0507784 0
-19.8 -0.0510404 0
-19.7 -0.0513051 0
-19.6 -0.0515726 0
-19.5 -0.051843 0
-19.4 -0.0521162 0
-19.3 -0.0523924 0
-19.2 -0.0526715 0
-19.1 -0.0529537 0
-19 -0.0532389 0
-18.9 -0.0535273 0
-18.8 -0.0538189 0
-18.7 -0.0541137 0
-18.6 -0.0544117 0
-18.5 -0.0547132 0
-18.4 -0.055018 0
-18.3 -0.0553263 0
-18.2 -0.0556381 0
-18.1 -0.0559535 0
-18 -0.0562725 0
-17.9 -0.0565953 0
-17.8 -0.0569218 0
-17.7 -0.0572522 0
-17.6 -0.0575865 0
-17.5 -0.0579248 0
-17.4 -0.0582671 0
-17.3 -0.0586136 0
-17.2 -0.0589643 0
-17.1 -0.0593193 0
-17 -0.0596786 0
-16.9 -0.0600424 0
-16.8 -0.0604107 0
-16.7 -0.0607837 0
-16.6 -0.0611614 0
-16.5 -0.0615439 0
-16.4 -0.0619312 0
-16.3 -0.0623236 0
-16.2 -0.0627211 0
-16.1 -0.0631237 0
-16 -0.0635317 0
-15.9 -0.063945 0
-15.8 -0.0643639 0
-15.7 -0.0647884 0
-15.6 -0.0652187 0
-15.5 -0.0656549 0
-15.4 -0.066097 0
-15.3 -0.0665452 0
-15.2 -0.0669997 0
-15.1 -0.0674606 0
-15 -0.0679281 0
-14.9 -0.0684021 0
-14.8 -0.068883 0
-14.7 -0.0693709 0
-14.6 -0.0698659 0
-14.5 -0.0703682 0
-14.4 -0.0708779 0
-14.3 -0.0713953 0
-14.2 -0.0719204 0
-14.1 -0.0724535 0
-14 -0.0729948 0
-13.9 -0.0735445 0
-13.8 -0.0741028 0
-13.7 -0.0746698 0
-13.6 -0.0752458 0
-13.5 -0.075831 0
-13.4 -0.0764257 0
-13.3 -0.0770301 0
-13.2 -0.0776444 0
-13.1 -0.0782689 0
-13 -0.0789038 0
-12.9 -0.0795495 0
-12.8 -0.0802062 0
-12.7 -0.0808742 0
-12.6 -0.0815538 0
-12.5 -0.0822453 0
-12.4 -0.0829491 0
-12.3 -0.0836656 0
-12.2 -0.084395 0
-12.1 -0.0851377 0
-12 -0.0858942 0
-11.9 -0.0866648 0
-11.8 -0.08745 0
-11.7 -0.0882502 0
-11.6 -0.0890659 0
-11.5 -0.0898975 0
-11.4 -0.0907456 0
-11.3 -0.0916107 0
-11.2 -0.0924933 0
-11.1 -0.093394 0
-11 -0.0943135 0
-10.9 -0.0952524 0
-10.8 -0.0962114 0
-10.7 -0.0971912 0
-10.6 -0.0981926 0
-10.5 -0.0992165 0
-10.4 -0.100264 0
-10.3 -0.101335 0
-10.2 -0.102433 0
-10.1 -0.103557 0
-10 -0.104709 0
-9.9 -0.105893 0
-9.8 -0.107112 0
-9.7 -0.108375 0
-9.6 -0.109724 0
-9.5 -0.110955 -0.00029727
-9.4 -0.112153 -0.000253214
-9.3 -0.113457 -0.000210748
-9.2 -0.114826 -0.000170908
-9.1 -0.11625 -0.000134732
-9 -0.117728 -0.000103254
-8.9 -0.119257 -7.75121e-05
-8.8 -0.120839 -5.8542e-05
-8.7 -0.122474 -4.73807e-05
-8.6 -0.124163 -4.50944e-05
-8.5 -0.125909 -5.27948e-05
-8.4 -0.127712 -7.15975e-05
-8.3 -0.129574 -0.000102618
-8.2 -0.131497 -0.000146972
-8.1 -0.133483 -0.000205775
-8 -0.135536 -0.000280157
-7.9 -0.137657 -0.000371743
-7.8 -0.13985 -0.000482744
-7.7 -0.142118 -0.000615406
-7.6 -0.144463 -0.000771978
-7.5 -0.146888 -0.000954706
-7.4 -0.149397 -0.00116587
-7.3 -0.151993 -0.00140841
-7.2 -0.154681 -0.00168584
-7.1 -0.157463 -0.00200172
-7 -0.160343 -0.00235959
-6.9 -0.163325 -0.00276302
-6.8 -0.166414 -0.00321642
-6.7 -0.169614 -0.00372517
-6.6 -0.17293 -0.00429467
-6.5 -0.176365 -0.00493034
-6.4 -0.179924 -0.005638
-6.3 -0.183614 -0.00642508
-6.2 -0.187439 -0.00729936
-6.1 -0.191402 -0.00826865
-6 -0.19551 -0.0093414
-5.9 -0.199769 -0.010528
-5.8 -0.204182 -0.0118393
-5.7 -0.208756 -0.0132861
-5.6 -0.213495 -0.0148814
-5.5 -0.218404 -0.0166396
-5.4 -0.223488 -0.0185749
-5.3 -0.228752 -0.020704
-5.2 -0.234199 -0.0230454
-5.1 -0.239833 -0.0256177
-5 -0.245657 -0.0284426
-4.9 -0.251673 -0.0315431
-4.8 -0.257882 -0.0349439
-4.7 -0.264284 -0.0386729
-4.6 -0.270876 -0.0427589
-4.5 -0.277657 -0.0472343
-4.4 -0.284619 -0.052133
-4.3 -0.291754 -0.0574927
-4.2 -0.299052 -0.0633533
-4.1 -0.306495 -0.0697576
-4 -0.314064 -0.0767507
-3.9 -0.321735 -0.084381
-3.8 -0.329476 -0.0927
-3.7 -0.33725 -0.101762
-3.6 -0.345008 -0.111622
-3.5 -0.352696 -0.122338
-3.4 -0.360246 -0.133967
-3.3 -0.367577 -0.146568
-3.2 -0.374595 -0.160196
-3.1 -0.381189 -0.174901
-3 -0.387229 -0.190728
-2.9 -0.392568 -0.207711
-2.8 -0.397032 -0.225869
-2.7 -0.400428 -0.245198
-2.6 -0.402539 -0.265667
-2.5 -0.403123 -0.287208
-2.4 -0.401922 -0.3097
-2.3 -0.398657 -0.332965
-2.2 -0.393057 -0.356747
-2.1 -0.384853 -0.38069
-2 -0.373822 -0.404331
-1.99 -0.372555 -0.406657
-1.98 -0.371259 -0.408974
-1.97 -0.369933 -0.411279
-1.96 -0.368577 -0.413574
-1.95 -0.367192 -0.415858
-1.94 -0.365777 -0.418129
-1.93 -0.364331 -0.420387
-1.92 -0.362855 -0.422633
-1.91 -0.361349 -0.424864
-1.9 -0.359812 -0.42708
-1.89 -0.358245 -0.429279
-1.88 -0.356647 -0.431461
-1.87 -0.355019 -0.433625
-1.86 -0.353362 -0.43577
-1.85 -0.351676 -0.437896
-1.84 -0.349961 -0.440002
-1.83 -0.348216 -0.442088
-1.82 -0.346442 -0.444151
-1.81 -0.344638 -0.446191
-1.8 -0.342807 -0.448208
-1.79 -0.340947 -0.450199
-1.78 -0.33906 -0.452166
-1.77 -0.337145 -0.454106
-1.76 -0.335202 -0.456019
-1.75 -0.333232 -0.457904
-1.74 -0.331235 -0.459759
-1.73 -0.329213 -0.461583
-1.72 -0.327166 -0.463376
-1.71 -0.325094 -0.465137
-1.7 -0.322998 -0.466866
-1.69 -0.320878 -0.46856
-1.68 -0.318735 -0.470218
-1.67 -0.31657 -0.47184
-1.66 -0.314384 -0.473425
-1.65 -0.312177 -0.474973
-1.64 -0.30995 -0.476481
-1.63 -0.307703 -0.477949
-1.62 -0.30544 -0.479375
-1.61 -0.30316 -0.480758
-1.6 -0.300865 -0.482099
-1.59 -0.298555 -0.483396
-1.58 -0.296232 -0.484649
-1.57 -0.293897 -0.485856
-1.56 -0.291551 -0.487017
-1.55 -0.289194 -0.488131
-1.54 -0.286829 -0.489195
-1.53 -0.284457 -0.49021
-1.52 -0.28208 -0.491174
-1.51 -0.279701 -0.492088
-1.5 -0.27732 -0.492951
-1.49 -0.274937 -0.493763
-1.48 -0.272554 -0.49452
-1.47 -0.270175 -0.495223
-1.46 -0.267803 -0.495871
-1.45 -0.265438 -0.496465
-1.44 -0.263083 -0.497005
-1.43 -0.260739 -0.49749
-1.42 -0.258407 -0.497918
-1.41 -0.256092 -0.49829
-1.4 -0.253795 -0.498605
-1.39 -0.251519 -0.498864
-1.38 -0.249266 -0.499067
-1.37 -0.247038 -0.499213
-1.36 -0.244837 -0.499304
-1.35 -0.242667 -0.499337
-1.34 -0.24053 -0.499315
-1.33 -0.23843 -0.499236
-1.32 -0.23637 -0.499103
-1.31 -0.234352 -0.498918
-1.3 -0.232378 -0.498679
-1.29 -0.230451 -0.498389
-1.28 -0.228575 -0.498046
-1.27 -0.226752 -0.497654
-1.26 -0.224987 -0.497212
-1.25 -0.223284 -0.496723
-1.24 -0.221644 -0.496192
-1.23 -0.22007 -0.495619
-1.22 -0.218563 -0.495005
-1.21 -0.217129 -0.49435
-1.2 -0.215773 -0.49366
-1.19 -0.214496 -0.492939
-1.18 -0.2133 -0.492187
-1.17 -0.212189 -0.491408
-1.16 -0.211168 -0.490605
-1.15 -0.210239 -0.489785
-1.14 -0.209402 -0.488951
-1.13 -0.208661 -0.488104
-1.12 -0.208021 -0.487249
-1.11 -0.207483 -0.486394
-1.1 -0.207051 -0.485543
-1.09 -0.206725 -0.484703
-1.08 -0.206504 -0.483876
-1.07 -0.206395 -0.483068
-1.06 -0.2064 -0.482288
-1.05 -0.206516 -0.481542
-1.04 -0.206746 -0.480835
-1.03 -0.207093 -0.480176
-1.02 -0.207553 -0.479573
-1.01 -0.208128 -0.479033
-1 -0.208815 -0.478562
-0.99 -0.209618 -0.478168
-0.98 -0.210532 -0.477865
-0.97 -0.211554 -0.477656
-0.96 -0.212683 -0.477551
-0.95 -0.213917 -0.477561
-0.94 -0.215248 -0.477693
-0.93 -0.216674 -0.477959
-0.92 -0.218188 -0.478364
-0.91 -0.219787 -0.478919
-0.9 -0.221462 -0.479635
-0.89 -0.223204 -0.480523
-0.88 -0.225002 -0.481585
-0.87 -0.226853 -0.482835
-0.86 -0.22874 -0.484284
-0.85 -0.230651 -0.485932
-0.84 -0.23258 -0.487794
-0.83 -0.234502 -0.489872
-0.82 -0.236412 -0.492174
-0.81 -0.23829 -0.494709
-0.8 -0.240115 -0.497475
-0.79 -0.241873 -0.50048
-0.78 -0.243544 -0.503724
-0.77 -0.245102 -0.507209
-0.76 -0.246534 -0.510928
-0.75 -0.24781 -0.51489
-0.74 -0.248907 -0.519078
-0.73 -0.249807 -0.523488
-0.72 -0.25048 -0.528115
-0.71 -0.250903 -0.532943
-0.7 -0.251049 -0.537956
-0.69 -0.25089 -0.543139
-0.68 -0.250409 -0.548466
-0.67 -0.249574 -0.553916
-0.66 -0.248369 -0.559458
-0.65 -0.246764 -0.56506
-0.64 -0.244746 -0.570685
-0.63 -0.242297 -0.576294
-0.62 -0.239397 -0.581841
-0.61 -0.236046 -0.587275
-0.6 -0.23223 -0.592545
-0.59 -0.227953 -0.597596
-0.58 -0.223222 -0.602365
-0.57 -0.218047 -0.606787
-0.56 -0.212451 -0.6108
-0.55 -0.206467 -0.614332
-0.54 -0.200132 -0.617315
-0.53 -0.193501 -0.619682
-0.52 -0.186638 -0.621366
-0.51 -0.179617 -0.622299
-0.5 -0.172532 -0.622424
-0.49 -0.165488 -0.621692
-0.48 -0.158605 -0.620058
-0.47 -0.152017 -0.6175
-0.46 -0.145872 -0.613999
-0.45 -0.140335 -0.609567
-0.44 -0.135576 -0.604237
-0.43 -0.131781 -0.59807
-0.42 -0.12914 -0.591158
-0.41 -0.127841 -0.583629
-0.4 -0.128071 -0.575659
-0.39 -0.130006 -0.567458
-0.38 -0.133801 -0.559291
-0.37 -0.139579 -0.551473
-0.36 -0.147424 -0.544358
-0.35 -0.157358 -0.538361
-0.34 -0.169336 -0.533926
-0.33 -0.183227 -0.531543
-0.32 -0.19879 -0.531714
-0.31 -0.215663 -0.534948
-0.3 -0.233346 -0.541723
-0.29 -0.251199 -0.552468
-0.28 -0.268413 -0.567519
-0.27 -0.284026 -0.587067
-0.26 -0.29694 -0.611107
-0.25 -0.305933 -0.639384
-0.24 -0.309714 -0.671313
-0.23 -0.306982 -0.705941
-0.22 -0.296538 -0.74187
-0.21 -0.277408 -0.777221
-0.2 -0.248987 -0.80964
-0.19 -0.211255 -0.836317
-0.18 -0.16498 -0.854064
-0.17 -0.111951 -0.85952
-0.16 -0.0552082 -0.849396
-0.15 0.000785066 -0.820884
-0.14 0.0500331 -0.772179
-0.13 0.0850726 -0.703186
-0.12 0.0972689 -0.616277
-0.11 0.0774474 -0.517228
-0.1 0.0170169 -0.416081
-0.09 -0.0902556 -0.327835
-0.08 -0.245755 -0.272619
-0.07 -0.442567 -0.274809
-0.06 -0.661415 -0.360122
-0.05 -0.866815 -0.549395
-0.04 -1.00608 -0.847756
-0.03 -1.01622 -1.22988
-0.02 -0.844859 -1.62786
-0.01 -0.484504 -1.93716
-1.40346e-12 -1.75443e-05 -2.05491
0.01 0.484471 -1.93716
0.02 0.844831 -1.62786
0.03 1.0162 -1.22988
0.04 1.00607 -0.847758
0.05 0.866805 -0.549395
0.06 0.661409 -0.360122
0.07 0.442562 -0.274809
0.08 0.24575 -0.272619
0.09 0.0902501 -0.327835
0.1 -0.0170243 -0.416081
0.11 -0.0774585 -0.517228
0.12 -0.0972799 -0.616274
0.13 -0.0850853 -0.703186
0.14 -0.0500469 -0.772179
0.15 -0.000799659 -0.820884
0.16 0.0551931 -0.849396
0.17 0.111936 -0.85952
0.18 0.164964 -0.854064
0.19 0.211241 -0.836316
0.2 0.248973 -0.80964
0.21 0.277395 -0.777221
0.22 0.296528 -0.74187
0.23 0.30697 -0.705941
0.24 0.309701 -0.671316
0.25 0.305923 -0.639388
0.26 0.296933 -0.61111
0.27 0.284019 -0.587067
0.28 0.268403 -0.567519
0.29 0.251191 -0.552468
0.3 0.233338 -0.541723
0.31 0.215654 -0.534948
0.32 0.198781 -0.531717
0.33 0.183219 -0.531543
0.34 0.169329 -0.533928
0.35 0.157351 -0.538361
0.36 0.147416 -0.544358
0.37 0.139571 -0.551473
0.38 0.133792 -0.559291
0.39 0.129997 -0.567458
0.4 0.128062 -0.575659
0.41 0.127832 -0.583629
0.42 0.129131 -0.591158
0.43 0.131772 -0.59807
0.44 0.135567 -0.604237
0.45 0.140326 -0.609567
0.46 0.145864 -0.613999
0.47 0.152007 -0.6175
0.48 0.158595 -0.620058
0.49 0.165479 -0.621692
0.5 0.172522 -0.622424
0.51 0.179608 -0.622299
0.52 0.186626 -0.621363
0.53 0.193491 -0.619682
0.54 0.200123 -0.617316
0.55 0.206455 -0.614332
0.56 0.212442 -0.610798
0.57 0.218037 -0.606787
0.58 0.22321 -0.602363
0.59 0.227943 -0.597596
0.6 0.23222 -0.592545
0.61 0.236036 -0.587275
0.62 0.23939 -0.581839
0.63 0.242287 -0.576294
0.64 0.244736 -0.570686
0.65 0.246755 -0.56506
0.66 0.24836 -0.559458
0.67 0.249565 -0.553916
0.68 0.2504 -0.548467
0.69 0.250883 -0.543136
0.7 0.251037 -0.537955
0.71 0.250894 -0.532943
0.72 0.250471 -0.528115
0.73 0.249799 -0.523488
0.74 0.248901 -0.519077
0.75 0.247801 -0.514886
0.76 0.246524 -0.510929
0.77 0.245094 -0.507206
0.78 0.243534 -0.503724
0.79 0.241864 -0.50048
0.8 0.240106 -0.497475
0.81 0.238282 -0.494709
0.82 0.236404 -0.492174
0.83 0.234496 -0.489872
0.84 0.23257 -0.487791
0.85 0.230643 -0.485932
0.86 0.228732 -0.484281
0.87 0.226843 -0.482836
0.88 0.224995 -0.481584
0.89 0.223193 -0.480521
0.9 0.221452 -0.479636
0.91 0.219778 -0.478919
0.92 0.21818 -0.478364
0.93 0.216666 -0.477959
0.94 0.21524 -0.477693
0.95 0.213908 -0.477561
0.96 0.212675 -0.477551
0.97 0.211545 -0.477656
0.98 0.210524 -0.477865
0.99 0.20961 -0.478168
1 0.208807 -0.478562
1.01 0.208119 -0.479033
1.02 0.207545 -0.479573
1.03 0.207084 -0.480176
1.04 0.206738 -0.480835
1.05 0.206508 -0.481542
1.06 0.206392 -0.482288
1.07 0.206388 -0.483068
1.08 0.206497 -0.483874
1.09 0.206714 -0.484701
1.1 0.207041 -0.485543
1.11 0.207475 -0.486394
1.12 0.208012 -0.487249
1.13 0.208652 -0.488104
1.14 0.209393 -0.488951
1.15 0.21023 -0.489785
1.16 0.21116 -0.490605
1.17 0.212181 -0.491408
1.18 0.213291 -0.492187
1.19 0.214487 -0.492939
1.2 0.215764 -0.49366
1.21 0.217121 -0.49435
1.22 0.218554 -0.495005
1.23 0.220061 -0.495619
1.24 0.221635 -0.496192
1.25 0.223275 -0.496723
1.26 0.224978 -0.497212
1.27 0.226743 -0.497654
1.28 0.228566 -0.498046
1.29 0.230442 -0.498389
1.3 0.232369 -0.498679
1.31 0.234343 -0.498918
1.32 0.236362 -0.499103
1.33 0.238421 -0.499236
1.34 0.240521 -0.499315
1.35 0.242658 -0.499337
1.36 0.244828 -0.499304
1.37 0.247029 -0.499213
1.38 0.249257 -0.499067
1.39 0.25151 -0.498864
1.4 0.253786 -0.498605
1.41 0.256083 -0.49829
1.42 0.258399 -0.497918
1.43 0.26073 -0.49749
1.44 0.263074 -0.497005
1.45 0.26543 -0.496465
1.46 0.267794 -0.495871
1.47 0.270167 -0.495223
1.48 0.272545 -0.49452
1.49 0.274928 -0.493763
1.5 0.277311 -0.492951
1.51 0.279692 -0.492088
1.52 0.282071 -0.491174
1.53 0.284448 -0.49021
1.54 0.28682 -0.489195
1.55 0.289185 -0.488131
1.56 0.291542 -0.487017
1.57 0.293889 -0.485856
1.58 0.296224 -0.484649
1.59 0.298547 -0.483396
1.6 0.300856 -0.482099
1.61 0.303151 -0.480758
1.62 0.305431 -0.479375
1.63 0.307695 -0.477949
1.64 0.309941 -0.476481
1.65 0.312168 -0.474973
1.66 0.314375 -0.473425
1.67 0.316561 -0.47184
1.68 0.318726 -0.470218
1.69 0.320869 -0.46856
1.7 0.32299 -0.466866
1.71 0.325086 -0.465137
1.72 0.327158 -0.463376
1.73 0.329205 -0.461583
1.74 0.331227 -0.459759
1.75 0.333223 -0.457904
1.76 0.335194 -0.456019
1.77 0.337137 -0.454106
1.78 0.339052 -0.452166
1.79 0.340939 -0.450199
1.8 0.342799 -0.448208
1.81 0.344631 -0.446191
1.82 0.346434 -0.444151
1.83 0.348208 -0.442088
1.84 0.349953 -0.440002
1.85 0.351669 -0.437896
1.86 0.353355 -0.43577
1.87 0.355011 -0.433625
1.88 0.356639 -0.431461
1.89 0.358237 -0.429279
1.9 0.359805 -0.42708
1.91 0.361342 -0.424864
1.92 0.362848 -0.422633
1.93 0.364324 -0.420387
1.94 0.365769 -0.418129
1.95 0.367185 -0.415858
1.96 0.36857 -0.413574
1.97 0.369926 -0.411279
1.98 0.371252 -0.408974
1.99 0.372548 -0.406657
2 0.373815 -0.404331
2.1 0.384846 -0.38069
2.2 0.393051 -0.356747
2.3 0.398651 -0.332965
2.4 0.401916 -0.3097
2.5 0.403117 -0.287208
2.6 0.402534 -0.265667
2.7 0.400424 -0.245198
2.8 0.397028 -0.225869
2.9 0.392564 -0.207711
3 0.387225 -0.190728
3.1 0.381185 -0.174901
3.2 0.374592 -0.160196
3.3 0.367574 -0.146568
3.4 0.360243 -0.133967
3.5 0.352693 -0.122338
3.6 0.345006 -0.111622
3.7 0.337247 -0.101762
3.8 0.329474 -0.0927003
3.9 0.321733 -0.0843812
4 0.314062 -0.0767507
4.1 0.306493 -0.0697576
4.2 0.29905 -0.0633533
4.3 0.291753 -0.0574927
4.4 0.284618 -0.052133
4.5 0.277656 -0.0472343
4.6 0.270875 -0.0427589
4.7 0.264283 -0.0386729
4.8 0.257881 -0.0349439
4.9 0.251672 -0.0315431
5 0.245656 -0.0284426
5.1 0.239832 -0.0256177
5.2 0.234198 -0.0230454
5.3 0.228751 -0.0207041
5.4 0.223487 -0.0185749
5.5 0.218404 -0.0166395
5.6 0.213494 -0.0148814
5.7 0.208755 -0.0132861
5.8 0.204182 -0.0118393
5.9 0.199769 -0.010528
6 0.19551 -0.00934142
6.1 0.191402 -0.00826868
6.2 0.187438 -0.0072994
6.3 0.183614 -0.00642511
6.4 0.179924 -0.00563804
6.5 0.176364 -0.00493037
6.6 0.172929 -0.0042947
6.7 0.169614 -0.00372519
6.8 0.166414 -0.00321644
6.9 0.163325 -0.00276303
7 0.160343 -0.0023596
7.1 0.157462 -0.00200174
7.2 0.15468 -0.00168586
7.3 0.151993 -0.00140843
7.4 0.149397 -0.00116589
7.5 0.146888 -0.000954725
7.6 0.144462 -0.000771998
7.7 0.142118 -0.000615426
7.8 0.13985 -0.000482763
7.9 0.137657 -0.000371762
8 0.135536 -0.000280177
8.1 0.133483 -0.000205794
8.2 0.131497 -0.000146991
8.3 0.129574 -0.000102637
8.4 0.127712 -7.16165e-05
8.5 0.125909 -5.28139e-05
8.6 0.124163 -4.51137e-05
8.7 0.122474 -4.74001e-05
8.8 0.120839 -5.85616e-05
8.9 0.119257 -7.7532e-05
9 0.117728 -0.000103274
9.1 0.11625 -0.000134752
9.2 0.114826 -0.000170929
9.3 0.113458 -0.000210769
9.4 0.112153 -0.000253235
9.5 0.110955 -0.000297292
9.6 0.109724 0
9.7 0.108375 0
9.8 0.107112 0
9.9 0.105893 0
10 0.104709 0
10.1 0.103557 0
10.2 0.102433 0
10.3 0.101335 0
10.4 0.100264 0
10.5 0.0992164 0
10.6 0.0981925 0
10.7 0.0971911 0
10.8 0.0962113 0
10.9 0.0952524 0
11 0.0943135 0
11.1 0.093394 0
11.2 0.0924932 0
11.3 0.0916106 0
11.4 0.0907456 0
11.5 0.0898975 0
11.6 0.0890659 0
11.7 0.0882502 0
11.8 0.08745 0
11.9 0.0866648 0
12 0.0858942 0
12.1 0.0851377 0
12.2 0.0843949 0
12.3 0.0836655 0
12.4 0.0829491 0
12.5 0.0822453 0
12.6 0.0815537 0
12.7 0.0808741 0
12.8 0.0802061 0
12.9 0.0795494 0
13 0.0789038 0
13.1 0.0782688 0
13.2 0.0776444 0
13.3 0.0770301 0
13.4 0.0764257 0
13.5 0.075831 0
13.6 0.0752458 0
13.7 0.0746698 0
13.8 0.0741027 0
13.9 0.0735445 0
14 0.0729948 0
14.1 0.0724535 0
14.2 0.0719204 0
14.3 0.0713952 0
14.4 0.0708779 0
14.5 0.0703681 0
14.6 0.0698659 0
14.7 0.0693709 0
14.8 0.068883 0
14.9 0.0684021 0
15 0.067928 0
15.1 0.0674606 0
15.2 0.0669997 0
15.3 0.0665452 0
15.4 0.066097 0
15.5 0.0656548 0
15.6 0.0652187 0
15.7 0.0647884 0
15.8 0.0643639 0
15.9 0.063945 0
16 0.0635316 0
16.1 0.0631237 0
16.2 0.062721 0
16.3 0.0623236 0
16.4 0.0619312 0
16.5 0.0615438 0
16.6 0.0611613 0
16.7 0.0607837 0
16.8 0.0604107 0
16.9 0.0600424 0
17 0.0596786 0
17.1 0.0593192 0
17.2 0.0589643 0
17.3 0.0586136 0
17.4 0.0582671 0
17.5 0.0579248 0
17.6 0.0575865 0
17.7 0.0572522 0
17.8 0.0569218 0
17.9 0.0565953 0
18 0.0562725 0
18.1 0.0559535 0
18.2 0.0556381 0
18.3 0.0553263 0
18.4 0.055018 0
18.5 0.0547131 0
18.6 0.0544117 0
18.7 0.0541136 0
18.8 0.0538188 0
18.9 0.0535273 0
19 0.0532389 0
19.1 0.0529537 0
19.2 0.0526715 0
19.3 0.0523924 0
19.4 0.0521162 0
19.5 0.051843 0
19.6 0.0515726 0
19.7 0.0513051 0
19.8 0.0510404 0
19.9 0.0507784 0
20 0.0505191 0
20.1 0.0502625 0
20.2 0.0500086 0
20.3 0.0497572 0
20.4 0.0495083 0
20.5 0.0492619 0
20.6 0.0490181 0
20.7 0.0487766 0
20.8 0.0485375 0
20.9 0.0483008 0
21 0.0480664 0
21.1 0.0478343 0
21.2 0.0476045 0
21.3 0.0473768 0
21.4 0.0471514 0
21.5 0.0469281 0
21.6 0.0467069 0
21.7 0.0464878 0
21.8 0.0462708 0
21.9 0.0460559 0
22 0.0458429 0
22.1 0.0456319 0
22.2 0.0454229 0
22.3 0.0452157 0
22.4 0.0450105 0
22.5 0.0448072 0
22.6 0.0446057 0
22.7 0.044406 0
22.8 0.0442081 0
22.9 0.044012 0
23 0.0438176 0
23.1 0.043625 0
23.2 0.043434 0
23.3 0.0432447 0
23.4 0.0430571 0
23.5 0.0428711 0
23.6 0.0426868 0
23.7 0.042504 0
23.8 0.0423228 0
23.9 0.0421431 0
24 0.041965 0
24.1 0.0417884 0
24.2 0.0416132 0
24.3 0.0414396 0
24.4 0.0412674 0
24.5 0.0410966 0
24.6 0.0409273 0
24.7 0.0407593 0
24.8 0.0405928 0
24.9 0.0404276 0
25 0.0402637 0
25.1 0.0401012 0
25.2 0.03994 0
25.3 0.0397801 0
25.4 0.0396214 0
25.5 0.0394641 0
25.6 0.039308 0
25.7 0.0391531 0
25.8 0.0389995 0
25.9 0.0388471 0
26 0.0386958 0
26.1 0.0385458 0
26.2 0.0383969 0
26.3 0.0382491 0
26.4 0.0381025 0
26.5 0.0379571 0
26.6 0.0378127 0
26.7 0.0376694 0
26.8 0.0375273 0
26.9 0.0373862 0
27 0.0372462 0
27.1 0.0371072 0
27.2 0.0369692 0
27.3 0.0368323 0
27.4 0.0366964 0
27.5 0.0365615 0
27.6 0.0364276 0
27.7 0.0362947 0
27.8 0.0361628 0
27.9 0.0360318 0
28 0.0359017 0
28.1 0.0357727 0
28.2 0.0356445 0
28.3 0.0355172 0
28.4 0.0353909 0
28.5 0.0352655 0
28.6 0.0351409 0
28.7 0.0350173 0
28.8 0.0348945 0
28.9 0.0347726 0
29 0.0346515 0
29.1 0.0345312 0
29.2 0.0344119 0
29.3 0.0342933 0
29.4 0.0341755 0
29.5 0.0340586 0
29.6 0.0339425 0
29.7 0.0338271 0
29.8 0.0337126 0
29.9 0.0335988 0
30 0.0334858 0
30.1 0.0333735 0
30.2 0.033262 0
30.3 0.0331512 0
30.4 0.0330412 0
30.5 0.0329319 0
30.6 0.0328234 0
30.7 0.0327155 0
30.8 0.0326084 0
30.9 0.032502 0
31 0.0323962 0
31.1 0.0322912 0
31.2 0.0321868 0
31.3 0.0320831 0
31.4 0.0319801 0
31.5 0.0318778 0
31.6 0.031776 0
31.7 0.031675 0
31.8 0.0315746 0
31.9 0.0314748 0
32 0.0313757 0
32.1 0.0312771 0
32.2 0.0311793 0
32.3 0.031082 0
32.4 0.0309853 0
32.5 0.0308892 0
32.6 0.0307937 0
32.7 0.0306988 0
32.8 0.0306045 0
32.9 0.0305108 0
33 0.0304177 0
33.1 0.0303251 0
33.2 0.0302331 0
33.3 0.0301416 0
33.4 0.0300507 0
33.5 0.0299604 0
33.6 0.0298705 0
33.7 0.0297813 0
33.8 0.0296925 0
33.9 0.0296043 0
34 0.0295166 0
34.1 0.0294295 0
34.2 0.0293428 0
34.3 0.0292567 0
34.4 0.0291711 0
34.5 0.0290859 0
34.6 0.0290013 0
34.7 0.0289172 0
34.8 0.0288335 0
34.9 0.0287503 0
35 0.0286676 0
35.1 0.0285854 0
35.2 0.0285037 0
35.3 0.0284224 0
35.4 0.0283416 0
35.5 0.0282613 0
35.6 0.0281814 0
35.7 0.0281019 0
35.8 0.0280229 0
35.9 0.0279444 0
36 0.0278663 0
36.1 0.0277886 0
36.2 0.0277113 0
36.3 0.0276345 0
36.4 0.0275582 0
36.5 0.0274822 0
36.6 0.0274066 0
36.7 0.0273315 0
36.8 0.0272568 0
36.9 0.0271825 0
37 0.0271086 0
37.1 0.0270351 0
37.2 0.026962 0
37.3 0.0268893 0
37.4 0.026817 0
37.5 0.0267451 0
37.6 0.0266735 0
37.7 0.0266024 0
37.8 0.0265316 0
37.9 0.0264612 0
38 0.0263912 0
38.1 0.0263215 0
38.2 0.0262522 0
38.3 0.0261833 0
38.4 0.0261147 0
38.5 0.0260465 0
38.6 0.0259787 0
38.7 0.0259112 0
38.8 0.0258441 0
38.9 0.0257773 0
39 0.0257108 0
39.1 0.0256447 0
39.2 0.0255789 0
39.3 0.0255135 0
39.4 0.0254484 0
39.5 0.0253837 0
39.6 0.0253192 0
39.7 0.0252551 0
39.8 0.0251913 0
39.9 0.0251279 0
40 0.0250648 0
40.1 0.0250019 0
40.2 0.0249394 0
40.3 0.0248772 0
40.4 0.0248154 0
40.5 0.0247538 0
40.6 0.0246925 0
40.7 0.0246315 0
40.8 0.0245709 0
40.9 0.0245105 0
41 0.0244504 0
41.1 0.0243907 0
41.2 0.0243312 0
41.3 0.024272 0
41.4 0.0242131 0
41.5 0.0241545 0
41.6 0.0240961 0
41.7 0.0240381 0
41.8 0.0239803 0
41.9 0.0239228 0
42 0.0238656 0
42.1 0.0238086 0
42.2 0.023752 0
42.3 0.0236956 0
42.4 0.0236394 0
42.5 0.0235836 0
42.6 0.023528 0
42.7 0.0234726 0
42.8 0.0234175 0
42.9 0.0233627 0
43 0.0233081 0
43.1 0.0232538 0
43.2 0.0231998 0
43.3 0.0231459 0
43.4 0.0230924 0
43.5 0.0230391 0
43.6 0.022986 0
43.7 0.0229332 0
43.8 0.0228806 0
43.9 0.0228283 0
44 0.0227762 0
44.1 0.0227243 0
44.2 0.0226727 0
44.3 0.0226213 0
44.4 0.0225701 0
44.5 0.0225192 0
44.6 0.0224685 0
44.7 0.022418 0
44.8 0.0223678 0
44.9 0.0223178 0
45 0.022268 0
45.1 0.0222184 0
45.2 0.0221691 0
45.3 0.0221199 0
45.4 0.022071 0
45.5 0.0220223 0
45.6 0.0219738 0
45.7 0.0219256 0
45.8 0.0218775 0
45.9 0.0218297 0
46 0.021782 0
46.1 0.0217346 0
46.2 0.0216874 0
46.3 0.0216404 0
46.4 0.0215936 0
46.5 0.0215469 0
46.6 0.0215005 0
46.7 0.0214543 0
46.8 0.0214083 0
46.9 0.0213625 0
47 0.0213169 0
47.1 0.0212715 0
47.2 0.0212262 0
47.3 0.0211812 0
47.4 0.0211363 0
47.5 0.0210917 0
47.6 0.0210472 0
47.7 0.0210029 0
47.8 0.0209588 0
47.9 0.0209149 0
48 0.0208712 0
48.1 0.0208277 0
48.2 0.0207843 0
48.3 0.0207411 0
48.4 0.0206981 0
48.5 0.0206553 0
48.6 0.0206127 0
48.7 0.0205702 0
48.8 0.0205279 0
48.9 0.0204858 0
49 0.0204438 0
49.1 0.020402 0
49.2 0.0203604 0
49.3 0.020319 0
49.4 0.0202777 0
49.5 0.0202366 0
49.6 0.0201957 0
49.7 0.0201549 0
49.8 0.0201143 0
49.9 0.0200739 0
50 0.0200336 0
50.1 0.0199935 0
50.2 0.0199535 0
50.3 0.0199138 0
50.4 0.0198741 0
50.5 0.0198346 0
50.6 0.0197953 0
50.7 0.0197562 0
50.8 0.0197171 0
50.9 0.0196783 0
51 0.0196396 0
51.1 0.019601 0
51.2 0.0195626 0
51.3 0.0195244 0
51.4 0.0194863 0
51.5 0.0194483 0
51.6 0.0194105 0
51.7 0.0193729 0
51.8 0.0193353 0
51.9 0.019298 0
52 0.0192608 0
52.1 0.0192237 0
52.2 0.0191867 0
52.3 0.01915 0
52.4 0.0191133 0
52.5 0.0190768 0
52.6 0.0190404 0
52.7 0.0190042 0
52.8 0.0189681 0
52.9 0.0189321 0
53 0.0188963 0
53.1 0.0188606 0
53.2 0.0188251 0
53.3 0.0187896 0
53.4 0.0187544 0
53.5 0.0187192 0
53.6 0.0186842 0
53.7 0.0186493 0
53.8 0.0186145 0
53.9 0.0185799 0
54 0.0185454 0
54.1 0.018511 0
54.2 0.0184768 0
54.3 0.0184427 0
54.4 0.0184087 0
54.5 0.0183748 0
54.6 0.018341 0
54.7 0.0183074 0
54.8 0.0182739 0
54.9 0.0182406 0
55 0.0182073 0
55.1 0.0181742 0
55.2 0.0181412 0
55.3 0.0181083 0
55.4 0.0180755 0
55.5 0.0180428 0
55.6 0.0180103 0
55.7 0.0179779 0
55.8 0.0179456 0
55.9 0.0179134 0
56 0.0178813 0
56.1 0.0178494 0
56.2 0.0178175 0
56.3 0.0177858 0
56.4 0.0177542 0
56.5 0.0177227 0
56.6 0.0176913 0
56.7 0.01766 0
56.8 0.0176288 0
56.9 0.0175978 0
57 0.0175668 0
57.1 0.017536 0
57.2 0.0175053 0
57.3 0.0174746 0
57.4 0.0174441 0
57.5 0.0174137 0
57.6 0.0173834 0
57.7 0.0173532 0
57.8 0.0173231 0
57.9 0.0172931 0
58 0.0172632 0
58.1 0.0172335 0
58.2 0.0172038 0
58.3 0.0171742 0
58.4 0.0171447 0
58.5 0.0171153 0
58.6 0.0170861 0
58.7 0.0170569 0
58.8 0.0170278 0
58.9 0.0169988 0
59 0.01697 0
59.1 0.0169412 0
59.2 0.0169125 0
59.3 0.0168839 0
59.4 0.0168554 0
59.5 0.016827 0
59.6 0.0167987 0
59.7 0.0167705 0
59.8 0.0167424 0
59.9 0.0167144 0
60 0.0166865 0
60.1 0.0166587 0
60.2 0.0166309 0
60.3 0.0166033 0
60.4 0.0165757 0
60.5 0.0165483 0
60.6 0.0165209 0
60.7 0.0164936 0
60.8 0.0164665 0
60.9 0.0164394 0
61 0.0164123 0
61.1 0.0163854 0
61.2 0.0163586 0
61.3 0.0163319 0
61.4 0.0163052 0
61.5 0.0162786 0
61.6 0.0162521 0
61.7 0.0162257 0
61.8 0.0161994 0
61.9 0.0161732 0
62 0.0161471 0
62.1 0.016121 0
62.2 0.016095 0
62.3 0.0160692 0
62.4 0.0160434 0
62.5 0.0160176 0
62.6 0.015992 0
62.7 0.0159664 0
62.8 0.015941 0
62.9 0.0159156 0
63 0.0158902 0
63.1 0.015865 0
63.2 0.0158399 0
63.3 0.0158148 0
63.4 0.0157898 0
63.5 0.0157649 0
63.6 0.01574 0
63.7 0.0157153 0
63.8 0.0156906 0
63.9 0.015666 0
64 0.0156415 0
64.1 0.015617 0
64.2 0.0155927 0
64.3 0.0155684 0
64.4 0.0155441 0
64.5 0.01552 0
64.6 0.0154959 0
64.7 0.0154719 0
64.8 0.015448 0
64.9 0.0154241 0
65 0.0154004 0
65.1 0.0153767 0
65.2 0.015353 0
65.3 0.0153295 0
65.4 0.015306 0
65.5 0.0152826 0
65.6 0.0152593 0
65.7 0.015236 0
65.8 0.0152128 0
65.9 0.0151897 0
66 0.0151666 0
66.1 0.0151436 0
66.2 0.0151207 0
66.3 0.0150979 0
66.4 0.0150751 0
66.5 0.0150524 0
66.6 0.0150297 0
66.7 0.0150071 0
66.8 0.0149846 0
66.9 0.0149622 0
67 0.0149398 0
67.1 0.0149175 0
67.2 0.0148953 0
67.3 0.0148731 0
67.4 0.014851 0
67.5 0.014829 0
67.6 0.014807 0
67.7 0.0147851 0
67.8 0.0147632 0
67.9 0.0147415 0
68 0.0147197 0
68.1 0.0146981 0
68.2 0.0146765 0
68.3 0.014655 0
68.4 0.0146335 0
68.5 0.0146121 0
68.6 0.0145908 0
68.7 0.0145695 0
68.8 0.0145483 0
68.9 0.0145271 0
69 0.014506 0
69.1 0.014485 0
69.2 0.0144641 0
69.3 0.0144431 0
69.4 0.0144223 0
69.5 0.0144015 0
69.6 0.0143808 0
69.7 0.0143601 0
69.8 0.0143395 0
69.9 0.014319 0
70 0.0142985 0
70.1 0.014278 0
70.2 0.0142577 0
70.3 0.0142374 0
70.4 0.0142171 0
70.5 0.0141969 0
70.6 0.0141768 0
70.7 0.0141567 0
70.8 0.0141367 0
70.9 0.0141167 0
71 0.0140968 0
71.1 0.0140769 0
71.2 0.0140571 0
71.3 0.0140374 0
71.4 0.0140177 0
71.5 0.013998 0
71.6 0.0139785 0
71.7 0.0139589 0
71.8 0.0139395 0
71.9 0.01392 0
72 0.0139007 0
72.1 0.0138814 0
72.2 0.0138621 0
72.3 0.0138429 0
72.4 0.0138238 0
72.5 0.0138047 0
72.6 0.0137856 0
72.7 0.0137666 0
72.8 0.0137477 0
72.9 0.0137288 0
73 0.01371 0
73.1 0.0136912 0
73.2 0.0136725 0
73.3 0.0136538 0
73.4 0.0136351 0
73.5 0.0136166 0
73.6 0.013598 0
73.7 0.0135796 0
73.8 0.0135611 0
73.9 0.0135428 0
74 0.0135244 0
74.1 0.0135061 0
74.2 0.0134879 0
74.3 0.0134697 0
74.4 0.0134516 0
74.5 0.0134335 0
74.6 0.0134155 0
74.7 0.0133975 0
74.8 0.0133796 0
74.9 0.0133617 0
75 0.0133438 0
75.1 0.013326 0
75.2 0.0133083 0
75.3 0.0132906 0
75.4 0.013273 0
75.5 0.0132553 0
75.6 0.0132378 0
75.7 0.0132203 0
75.8 0.0132028 0
75.9 0.0131854 0
76 0.013168 0
76.1 0.0131507 0
76.2 0.0131334 0
76.3 0.0131162 0
76.4 0.013099 0
76.5 0.0130818 0
76.6 0.0130647 0
76.7 0.0130477 0
76.8 0.0130307 0
76.9 0.0130137 0
77 0.0129968 0
77.1 0.0129799 0
77.2 0.0129631 0
77.3 0.0129463 0
77.4 0.0129295 0
77.5 0.0129128 0
77.6 0.0128961 0
77.7 0.0128795 0
77.8 0.012863 0
77.9 0.0128464 0
78 0.0128299 0
78.1 0.0128135 0
78.2 0.0127971 0
78.3 0.0127807 0
78.4 0.0127644 0
78.5 0.0127481 0
78.6 0.0127319 0
78.7 0.0127157 0
78.8 0.0126995 0
78.9 0.0126834 0
79 0.0126673 0
79.1 0.0126513 0
79.2 0.0126353 0
79.3 0.0126193 0
79.4 0.0126034 0
79.5 0.0125875 0
79.6 0.0125717 0
79.7 0.0125559 0
79.8 0.0125402 0
79.9 0.0125244 0
80 0.0125088 0
80.1 0.0124931 0
80.2 0.0124775 0
80.3 0.012462 0
80.4 0.0124465 0
80.5 0.012431 0
80.6 0.0124155 0
80.7 0.0124001 0
80.8 0.0123848 0
80.9 0.0123694 0
81 0.0123542 0
81.1 0.0123389 0
81.2 0.0123237 0
81.3 0.0123085 0
81.4 0.0122934 0
81.5 0.0122783 0
81.6 0.0122632 0
81.7 0.0122482 0
81.8 0.0122332 0
81.9 0.0122182 0
82 0.0122033 0
82.1 0.0121884 0
82.2 0.0121736 0
82.3 0.0121588 0
82.4 0.012144 0
82.5 0.0121293 0
82.6 0.0121146 0
82.7 0.0120999 0
82.8 0.0120853 0
82.9 0.0120707 0
83 0.0120561 0
83.1 0.0120416 0
83.2 0.0120271 0
83.3 0.0120126 0
83.4 0.0119982 0
83.5 0.0119838 0
83.6 0.0119695 0
83.7 0.0119552 0
83.8 0.0119409 0
83.9 0.0119266 0
84 0.0119124 0
84.1 0.0118982 0
84.2 0.0118841 0
84.3 0.01187 0
84.4 0.0118559 0
84.5 0.0118419 0
84.6 0.0118278 0
84.7 0.0118139 0
84.8 0.0117999 0
84.9 0.011786 0
85 0.0117721 0
85.1 0.0117583 0
85.2 0.0117445 0
85.3 0.0117307 0
85.4 0.0117169 0
85.5 0.0117032 0
85.6 0.0116895 0
85.7 0.0116759 0
85.8 0.0116622 0
85.9 0.0116486 0
86 0.0116351 0
86.1 0.0116216 0
86.2 0.0116081 0
86.3 0.0115946 0
86.4 0.0115812 0
86.5 0.0115678 0
86.6 0.0115544 0
86.7 0.011541 0
86.8 0.0115277 0
86.9 0.0115145 0
87 0.0115012 0
87.1 0.011488 0
87.2 0.0114748 0
87.3 0.0114616 0
87.4 0.0114485 0
87.5 0.0114354 0
87.6 0.0114224 0
87.7 0.0114093 0
87.8 0.0113963 0
87.9 0.0113833 0
88 0.0113704 0
88.1 0.0113575 0
88.2 0.0113446 0
88.3 0.0113317 0
88.4 0.0113189 0
88.5 0.0113061 0
88.6 0.0112933 0
88.7 0.0112806 0
88.8 0.0112678 0
88.9 0.0112551 0
89 0.0112425 0
89.1 0.0112299 0
89.2 0.0112173 0
89.3 0.0112047 0
89.4 0.0111921 0
89.5 0.0111796 0
89.6 0.0111671 0
89.7 0.0111547 0
89.8 0.0111422 0
89.9 0.0111298 0
90 0.0111174 0
90.1 0.0111051 0
90.2 0.0110928 0
90.3 0.0110805 0
90.4 0.0110682 0
90.5 0.011056 0
90.6 0.0110438 0
90.7 0.0110316 0
90.8 0.0110194 0
90.9 0.0110073 0
91 0.0109952 0
91.1 0.0109831 0
91.2 0.010971 0
91.3 0.010959 0
91.4 0.010947 0
91.5 0.010935 0
91.6 0.0109231 0
91.7 0.0109111 0
91.8 0.0108993 0
91.9 0.0108874 0
92 0.0108755 0
92.1 0.0108637 0
92.2 0.0108519 0
92.3 0.0108402 0
92.4 0.0108284 0
92.5 0.0108167 0
92.6 0.010805 0
92.7 0.0107933 0
92.8 0.0107817 0
92.9 0.0107701 0
93 0.0107585 0
93.1 0.0107469 0
93.2 0.0107354 0
93.3 0.0107239 0
93.4 0.0107124 0
93.5 0.0107009 0
93.6 0.0106895 0
93.7 0.010678 0
93.8 0.0106666 0
93.9 0.0106553 0
94 0.0106439 0
94.1 0.0106326 0
94.2 0.0106213 0
94.3 0.01061 0
94.4 0.0105988 0
94.5 0.0105876 0
94.6 0.0105764 0
94.7 0.0105652 0
94.8 0.010554 0
94.9 0.0105429 0
95 0.0105318 0
95.1 0.0105207 0
95.2 0.0105096 0
95.3 0.0104986 0
95.4 0.0104876 0
95.5 0.0104766 0
95.6 0.0104656 0
95.7 0.0104547 0
95.8 0.0104438 0
95.9 0.0104329 0
96 0.010422 0
96.1 0.0104111 0
96.2 0.0104003 0
96.3 0.0103895 0
96.4 0.0103787 0
96.5 0.0103679 0
96.6 0.0103572 0
96.7 0.0103465 0
96.8 0.0103358 0
96.9 0.0103251 0
97 0.0103145 0
97.1 0.0103038 0
97.2 0.0102932 0
97.3 0.0102826 0
97.4 0.0102721 0
97.5 0.0102615 0
97.6 0.010251 0
97.7 0.0102405 0
97.8 0.01023 0
97.9 0.0102195 0
98 0.0102091 0
98.1 0.0101987 0
98.2 0.0101883 0
98.3 0.0101779 0
98.4 0.0101676 0
98.5 0.0101572 0
98.6 0.0101469 0
98.7 0.0101366 0
98.8 0.0101264 0
98.9 0.0101161 0
99 0.0101059 0
99.1 0.0100957 0
99.2 0.0100855 0
99.3 0.0100753 0
99.4 0.0100652 0
99.5 0.0100551 0
99.6 0.010045 0
99.7 0.0100349 0
99.8 0.0100248 0
99.9 0.0100148 0
100 0.0100048 0
