-0.50000005698269
-0.44753685245964
-0.40150373959003
-0.36102144953858
-0.32534120214686
-0.29382410725929
-0.26592394840674
-0.24117281888835
-0.21916913265463
-0.19956748674615
-0.18207024411319
-0.1664204048901
-0.15239564205393
-0.13980321101691
-0.12847570721535
-0.11826744250482
-0.10905139842736
-0.10071659993094
-0.093165919527982
-0.086314184338682
-0.080086577082424
-0.074417242500237
-0.069248119378502
-0.06452792358956
-0.060211285511039
-0.056257989126199
-0.052632333500339
-0.049302570845009
-0.046240428297074
-0.043420680451945
-0.040820790724248
-0.038420592106185
-0.036202014861431
-0.034148839571222
-0.032246490362048
-0.030481848596306
-0.028843093793483
-0.027319557056753
-0.025901598858126
-0.024580497477127
-0.023348353792987
-0.022198000197358
-0.021122936613612
-0.020117239182437
-0.01917553256949
-0.018292903669779
-0.017464881893053
-0.016687384359475
-0.015956669677356
-0.015269323366074
-0.01462221738928
-0.014012476034765
-0.013437469904163
-0.012894774172088
-0.012382165920598
-0.011897598960636
-0.011439182617928
-0.011005179368844
-0.010593985561787
-0.010204115182168
-0.0098342009023307
-0.0094829717525325
-0.0091492552989485
-0.0088319649411674
-0.0085300892231321
-0.0082426931594122
-0.0079689081876267
-0.0077079237162588
-0.0074589899640175
-0.0072214049424603
-0.0069945176550707
-0.0067777211288652
-0.0065704465537054
-0.0063721655009996
-0.0061823842495148
-0.0060006390125904
-0.0058264989068245
-0.0056595577939816
-0.0054994373369542
-0.0053457828813202
-0.0051982599888145
-0.0050565566427519
-0.0049203798075445
-0.004789452530791
-0.0046635165657
-0.0045423269420288
-0.0044256545812726
-0.0043132836980257
-0.0042050096075247
-0.0041006406578902
-0.0039999960105119
-0.0039029037649854
-0.0038092031500518
-0.0037187407281754
-0.0036313725502426
-0.0035469624206425
-0.0034653804279451
-0.0033865045638021
-0.0033102192127667
-0.0032364138710714
-0.0031649849419372
-0.0030958329734968
-0.0030288644128382
-0.0029639903909555
-0.0029011256886196
-0.002840190071358
-0.0027811072148936
-0.0027238037886992
-0.0026682109205185
-0.0026142621195853
-0.0025618947031238
-0.0025110489107083
-0.002461667146214
-0.0024136950747947
-0.0023670808292954
-0.0023217743294616
-0.0022777284793392
-0.0022348975636339
-0.0021932384125831
-0.0021527097347672
-0.0021132715425663
-0.0020748860556184
-0.0020375170964772
-0.0020011295689844
-0.0019656904425862
-0.0019311674866715
-0.0018975302279162
-0.001864749433823
-0.0018327966652276
-0.0018016450241434
-0.0017712686817668
-0.0017416424685726
-0.0017127426890079
-0.0016845461042851
-0.0016570307249924
-0.0016301754022616
-0.0016039594713649
-0.0015783633746837
-0.0015533682853106
-0.0015289557781921
-0.0015051085094084
-0.0014818093860742
-0.0014590422276081
-0.0014367914360283
-0.0014150417068308
-0.0013937785514997
-0.0013729879920859
-0.0013526562928064
-0.0013327705306456
-0.0013133179090633
-0.0012942863138964
-0.0012756640432895
-0.0012574395695315
-0.0012396019803649
-0.0012221407275024
-0.0012050454044017
-0.0011883062290722
-0.0011719134702484
-0.00115585791816
-0.0011401306603648
-0.0011247228830069
-0.0011096262460988
-0.0010948326738507
-0.0010803341684158
-0.0010661232212827
-0.0010521923287146
-0.0010385343932379
-0.0010251425354471
-0.0010120099263042
-0.000999130108394
-0.0009864968192104
-0.00097410383340247
-0.00096194531566593
-0.00095001540794579
-0.0009383085741388
-0.0009268194405172
-0.00091554265285101
-0.00090447315315813
-0.00089360602935354
-0.00088293638039838
-0.00087245962093474
-0.00086217112683775
-0.0008520665330375
-0.00084214159702016
-0.00083239207605733
-0.00082281396705833
-0.00081340337756908
-0.00080415640955892
-0.00079506942397796
-0.00078613873422405
-0.00077736086500559
-0.00076873243465551
-0.00076025004884208
-0.00075191050963154
-0.00074371070396783
-0.00073564750279171
-0.00072771799209448
-0.00071991920608848
-0.00071224835346818
-0.00070470271523534
-0.00069727955204325
-0.0006899762874091
-0.00068279041064855
-0.00067571938872617
-0.00066876086912825
-0.000661912446195
-0.00065517185993905
-0.0006485369067625
-0.00064200535818636
-0.00063557512223015
-0.00062924415840148
-0.00062301040021063
-0.00061687193419413
-0.0006108267941542
-0.00060487313673321
-0.00059900916293757
-0.00059323304645137
-0.0005875430764674
-0.00058193758281126
-0.00057641486745788
-0.00057097336325522
-0.00056561145180897
-0.00056032761925748
-0.00055512038692141
-0.00054998824774479
-0.00054492979327961
-0.00053994364739213
-0.00053502840543208
-0.00053018277558064
-0.00052540541690025
-0.0005206950781472
-0.00051605053618308
-0.0005114705393527
-0.00050695392085978
-0.00050249953978852
-0.00049810622682079
-0.00049377291063412
-0.00048949847324764
-0.00048528187423063
-0.00048112209575468
-0.00047701809193022
-0.00047296889043465
-0.00046897353980823
-0.00046503106080779
-0.00046114055987593
-0.00045730109940738
-0.00045351180931736
-0.00044977183781098
-0.00044608030586729
-0.00044243639867681
-0.00043883931835013
-0.00043528824015028
-0.00043178241472756
-0.00042832105132377
-0.00042490341834837
-0.00042152879909764
-0.00041819645070812
-0.00041490568671412
-0.00041165583444857
-0.0004084461955242
-0.00040527613825762
-0.00040214499214964
-0.00039905213885896
-0.00039599697222639
-0.00039297886113168
-0.00038999722427461
-0.00038705149167033
-0.00038414106884104
-0.00038126542064061
-0.00037842397560688
-0.00037561620850883
-0.00037284160413625
-0.00037009962357891
-0.00036738977217204
-0.00036471156457552
-0.00036206449222865
-0.00035944809959957
-0.00035686189722087
-0.00035430543681185
-0.00035177827837472
-0.00034927995948971
-0.00034681005722565
-0.00034436815637266
-0.00034195381977597
-0.00033956665788815
-0.00033720624947364
-0.00033487221016173
-0.00033256416246068
-0.00033028170772015
-0.00032802448269414
-0.00032579213055995
-0.00032358427380246
-0.00032140057782327
-0.00031924067844428
-0.00031710424462776
-0.00031499095107445
-0.00031290045255594
-0.00031083243572009
-0.00030878659258216
-0.00030676259567782
-0.00030476015637793
-0.00030277895844401
-0.00030081871554932
-0.00029887914617563
-0.00029695995005728
-0.00029506085574079
-0.00029318159627726
-0.00029132188639988
-0.00028948147610812
-0.00028766008962695
-0.00028585747828026
-0.00028407339743788
-0.00028230758484928
-0.00028055980440077
-0.00027882982377515
-0.00027711739344245
-0.00027542229600175
-0.0002737442899846
-0.00027208315855684
-0.00027043868830291
-0.00026881064925549
-0.00026719883523653
-0.00026560304327996
-0.00026402305425443
-0.00026245867838664
-0.00026090970341974
-0.00025937593956323
-0.00025785719992654
-0.00025635328207559
-0.00025486400529601
-0.00025338919160287
-0.00025192864783
-0.0002504822077144
-0.00024904968397894
-0.00024763090989556
-0.00024622572120588
-0.00024483393905618
-0.00024345540448067
-0.00024208996084073
-0.00024073743724294
-0.00023939768751041
-0.00023807054581403
-0.0002367558651722
-0.00023545350071455
-0.00023416329386517
-0.00023288510430667
-0.0002316187937142
-0.00023036421037607
-0.00022912122534294
-0.00022788969127551
-0.00022666947816562
-0.00022546045781643
-0.00022426248915895
-0.0002230754479284
-0.0002218992115721
-0.00022073364496345
-0.00021957863398472
-0.00021843404729905
-0.00021729976954321
-0.00021617568691415
-0.00021506167351596
-0.00021395761895413
-0.00021286341431078
-0.00021177893885346
-0.00021070409128134
-0.00020963875415893
-0.00020858282480681
-0.00020753620189351
-0.00020649877272248
-0.00020547043892824
-0.00020445110342272
-0.00020344065801312
-0.00020243901251403
-0.00020144606161135
-0.0002004617136497
-0.00019948587814268
-0.00019851845391876
-0.00019755935308112
-0.00019660848884255
-0.00019566576397371
-0.00019473109796228
-0.00019380439610152
-0.00019288557635136
-0.00019197455768907
-0.00019107124904119
-0.00019017557165419
-0.00018928744774063
-0.00018840678968954
-0.00018753352543665
-0.00018666756958877
-0.00018580884852121
-0.00018495728949738
-0.00018411281032208
-0.00018327534025363
-0.00018244480939444
-0.00018162113860096
-0.00018080426321003
-0.00017999410603418
-0.00017919060083791
-0.00017839368216361
-0.00017760327564759
-0.00017681931759144
-0.00017604174503717
-0.0001752704863186
-0.00017450548327822
-0.00017374666598089
-0.00017299397470028
-0.00017224735039304
-0.00017150672562556
-0.00017077204291091
-0.0001700432335205
-0.00016932025924267
-0.00016860304974431
-0.00016789154739639
-0.00016718569527482
-0.0001664854371498
-0.00016579071747575
-0.00016510148138101
-0.00016441767465848
-0.00016373924375501
-0.00016306613576272
-0.00016239829840896
-0.0001617356800475
-0.0001610782296493
-0.00016042589679365
-0.00015977860525034
-0.00015913635881158
-0.00015849908221412
-0.00015786672738456
-0.00015723924681522
-0.00015661659355662
-0.00015599872120943
-0.00015538558391653
-0.0001547771363557
-0.0001541733337318
-0.00015357413176965
-0.00015297948670657
-0.00015238935528538
-0.00015180369474778
-0.00015122246282653
-0.0001506456177396
-0.00015007309482168
-0.00014950490013817
-0.00014894096978364
-0.00014838126384961
-0.00014782574288025
-0.00014727436786638
-0.00014672710023885
-0.00014618390186333
-0.000145644735034
-0.00014510956246799
-0.00014457834729961
-0.0001440510530749
-0.00014352764374607
-0.00014300808366621
-0.00014249233758388
-0.00014198037063791
-0.00014147212761188
-0.00014096761604227
-0.00014046678131501
-0.00013996959007998
-0.00013947600935205
-0.00013898600650678
-0.00013849954927585
-0.00013801660574233
-0.00013753714433616
-0.00013706113382974
-0.00013658854333335
-0.00013611934229114
-0.00013565350047679
-0.00013519098798892
-0.00013473177524757
-0.00013427583298984
-0.00013382311378907
-0.00013337362608889
-0.00013292732294486
-0.00013248417632287
-0.00013204415848642
-0.0001316072419931
-0.00013117339969051
-0.00013074260471321
-0.00013031483047854
-0.0001298900506839
-0.00012946823930245
-0.0001290493705804
-0.00012863341903336
-0.00012822035944296
-0.00012781016685396
-0.00012740281657054
-0.00012699826764134
-0.00012659652901915
-0.00012619756014144
-0.00012580133732011
-0.00012540783711171
-0.00012501703631384
-0.00012462891196302
-0.00012424344133107
-0.00012386060192308
-0.00012348037147396
-0.00012310272794607
-0.00012272764952657
-0.00012235511462438
-0.00012198510186819
-0.00012161759010295
-0.00012125255838839
-0.00012088997119487
-0.00012052983770428
-0.00012017212270284
-0.00011981680608235
-0.00011946386793666
-0.00011911328855968
-0.0001187650484421
-0.00011841912827024
-0.00011807550892304
-0.00011773417147013
-0.00011739509716962
-0.00011705826746595
-0.00011672366398766
-0.00011639126854552
-0.00011606106313001
-0.00011573302990997
-0.00011540713792559
-0.00011508339639099
-0.00011476177460444
-0.00011444225542655
-0.00011412482188596
-0.00011380945717756
-0.00011349614466055
-0.00011318486785685
-0.00011287561044889
-0.00011256835627826
-0.00011226308934332
-0.00011195979379834
-0.00011165845395106
-0.00011135905426108
-0.00011106157933857
-0.00011076601394209
-0.00011047233098748
-0.00011018053958273
-0.00010989061285554
-0.00010960253614304
-0.00010931629492319
-0.00010903187481308
-0.00010874926156746
-0.00010846844107731
-0.00010818939936813
-0.00010791212259875
-0.00010763659705974
-0.0001073628091721
-0.00010709074548566
-0.00010682039267792
-0.00010655173755254
-0.00010628476703799
-0.00010601945735378
-0.0001057558174071
-0.00010549382359207
-0.00010523346332368
-0.0001049747241349
-0.00010471759367578
-0.00010446205971255
-0.00010420811012566
-0.00010395573290931
-0.00010370491616973
-0.00010345564812404
-0.00010320791709953
-0.00010296171153217
-0.00010271701996539
-0.00010247383104904
-0.00010223213353833
-0.00010199190648381
-0.00010175315852633
-0.00010151586886108
-0.000101280026654
-0.00010104562117079
-0.00010081264177621
-0.00010058107793306
-0.00010035091920092
-0.0001001221552353
-9.9894775786661e-05
-9.9668770699555e-05
-9.944412991149e-05
-9.9220843451906e-05
-9.899890144146e-05
-9.8778294090927e-05
-9.8559011700521e-05
-9.8341035757427e-05
-9.8124374593214e-05
-9.7909009815544e-05
-9.7694932072967e-05
-9.7482132097717e-05
-9.7270600707322e-05
-9.7060328801672e-05
-9.6851307363413e-05
-9.6643527456381e-05
-9.6436980225056e-05
-9.6231656893898e-05
-9.6027548766196e-05
-9.5824647223777e-05
-9.5622943725703e-05
-9.542242980757e-05
-9.5223097081654e-05
-9.5024929141905e-05
-9.4827933982726e-05
-9.4632095298553e-05
-9.4437404997536e-05
-9.4243855059791e-05
-9.4051437537292e-05
-9.3860144552559e-05
-9.3669968298405e-05
-9.3480901037103e-05
-9.3292935099512e-05
-9.3106062884671e-05
-9.2920276859036e-05
-9.2735569555905e-05
-9.2551933574476e-05
-9.2369361579506e-05
-9.2187846300602e-05
-9.2007373161126e-05
-9.1827949801782e-05
-9.1649561729549e-05
-9.1472201927137e-05
-9.1295863438782e-05
-9.112053937002e-05
-9.0946222886833e-05
-9.0772907215134e-05
-9.06005856404e-05
-9.0429251506784e-05
-9.0258898216571e-05
-9.0089519230145e-05
-8.9921108064417e-05
-8.9753658293358e-05
-8.9587163546807e-05
-8.9421617510065e-05
-8.9257007200629e-05
-8.9093339897404e-05
-8.8930602687627e-05
-8.8768789473547e-05
-8.860789421016e-05
-8.8447910904991e-05
-8.8288833617443e-05
-8.8130656458273e-05
-8.7973373589359e-05
-8.7816979222883e-05
-8.7661467621033e-05
-8.7506833095562e-05
-8.7353070007154e-05
-8.7200172765332e-05
-8.7048135827478e-05
-8.6896953698661e-05
-8.6746614791165e-05
-8.6597126019033e-05
-8.6448475852908e-05
-8.6300658984312e-05
-8.615367015008e-05
-8.6007504132232e-05
-8.5862155757437e-05
-8.5717619896768e-05
-8.5573891464645e-05
-8.5430965419411e-05
-8.5288836762204e-05
-8.5147500536645e-05
-8.500695182892e-05
-8.4867185766772e-05
-8.4728197519532e-05
-8.4589982297511e-05
-8.4452529737511e-05
-8.4315846390546e-05
-8.417992194223e-05
-8.4044751763636e-05
-8.3910331264732e-05
-8.3776655894408e-05
-8.3643721140436e-05
-8.3511522528085e-05
-8.338005562101e-05
-8.3249316019903e-05
-8.311929936302e-05
-8.2990001325107e-05
-8.2861417617398e-05
-8.2733543987047e-05
-8.2606376217422e-05
-8.2479910127054e-05
-8.2354136432525e-05
-8.2229061325378e-05
-8.2104675562816e-05
-8.1980975102294e-05
-8.1857955935084e-05
-8.1735614085829e-05
-8.1613945613003e-05
-8.1492946607378e-05
-8.1372613193054e-05
-8.1252941526108e-05
-8.113392779483e-05
-8.1015568219693e-05
-8.0897859052171e-05
-8.0780796575438e-05
-8.0664377103411e-05
-8.0548596980865e-05
-8.0433447879508e-05
-8.03189356373e-05
-8.0205051960113e-05
-8.0091793312748e-05
-7.9979156189657e-05
-7.9867137114027e-05
-7.9755732638209e-05
-7.9644939342984e-05
-7.9534753837638e-05
-7.9425172759486e-05
-7.9316192773648e-05
-7.9207810573012e-05
-7.9100022877682e-05
-7.8992826435025e-05
-7.8886218019289e-05
-7.8780194431235e-05
-7.8674748191344e-05
-7.8569884790729e-05
-7.8465596778061e-05
-7.8361881058601e-05
-7.8258734563229e-05
-7.8156154247989e-05
-7.805413709405e-05
-7.7952680107433e-05
-7.7851780318904e-05
-7.7751434783539e-05
-7.7651640580733e-05
-7.7552394813996e-05
-7.7453694610389e-05
-7.7355537120911e-05
-7.7257919519632e-05
-7.7160839004205e-05
-7.7064288851377e-05
-7.6968274213451e-05
-7.6872788390802e-05
-7.6777828671946e-05
-7.6683392367331e-05
-7.658947680962e-05
-7.6496079353309e-05
-7.6403197374619e-05
-7.6310828271139e-05
-7.6218969461912e-05
-7.6127618386996e-05
-7.6036772507506e-05
-7.5946429305327e-05
-7.5856586282803e-05
-7.5767240962833e-05
-7.567839088861e-05
-7.5590030014216e-05
-7.5502163160989e-05
-7.541478430264e-05
-7.5327891061624e-05
-7.5241481079901e-05
-7.5155552018575e-05
-7.5070101558006e-05
-7.4985127397332e-05
-7.4900627254559e-05
-7.4816598866456e-05
-7.4733039987918e-05
-7.4649948392645e-05
-7.4567321872063e-05
-7.448515823586e-05
-7.4403455311597e-05
-7.4322210944473e-05
-7.4241419697587e-05
-7.4161086069269e-05
-7.4081204638671e-05
-7.4001773320539e-05
-7.3922790046564e-05
-7.3844252765497e-05
-7.3766159442545e-05
-7.368850805956e-05
-7.3611296615248e-05
-7.3534523124239e-05
-7.3458185617511e-05
-7.338228214201e-05
-7.3306810760822e-05
-7.3231769552689e-05
-7.3157156612106e-05
-7.3082970049165e-05
-7.3009204976671e-05
-7.2935865577885e-05
-7.2862946978931e-05
-7.2790447350744e-05
-7.271836487943e-05
-7.2646697765684e-05
-7.257544422516e-05
-7.2504602487914e-05
-7.2434170798759e-05
-7.2364147416412e-05
-7.2294530614331e-05
-7.2225318679776e-05
-7.2156509913758e-05
-7.2088102632377e-05
-7.20200951645e-05
-7.1952485852881e-05
-7.1885270309028e-05
-7.1818452408784e-05
-7.1752027774439e-05
-7.1685994802531e-05
-7.1620351902755e-05
-7.1555097498091e-05
-7.1490230024212e-05
-7.1425747929901e-05
-7.1361649676533e-05
-7.1297933738293e-05
-7.1234598601808e-05
-7.1171642766321e-05
-7.1109064743456e-05
-7.104686305705e-05
-7.0985036243168e-05
-7.0923582850022e-05
-7.0862498943472e-05
-7.0801788099309e-05
-7.0741446392063e-05
-7.0681472417393e-05
-7.0621864782703e-05
-7.0562622106824e-05
-7.050374302025e-05
-7.044522616465e-05
-7.0387070193239e-05
-7.0329273770196e-05
-7.0271835571162e-05
-7.0214754282575e-05
-7.0158028601978e-05
-7.0101657237669e-05
-7.0045638909023e-05
-6.9989972345944e-05
-6.993465403039e-05
-6.9879687245195e-05
-6.9825068478883e-05
-6.9770796503741e-05
-6.9716870102254e-05
-6.9663288067109e-05
-6.9610049201317e-05
-6.955715231795e-05
-6.9504596240156e-05
-6.9452379801091e-05
-6.9400501843639e-05
-6.9348961220784e-05
-6.9297756795166e-05
-6.9246887439038e-05
-6.9196352034496e-05
-6.9146149473076e-05
-6.9096276619793e-05
-6.9046736470493e-05
-6.8997525895605e-05
-6.8948643824205e-05
-6.8900089194696e-05
-6.8851860954576e-05
-6.8803958060455e-05
-6.8756379478038e-05
-6.870912418201e-05
-6.8662191155858e-05
-6.8615579392138e-05
-6.8569287891965e-05
-6.8523315665355e-05
-6.8477661730956e-05
-6.8432325116061e-05
-6.8387304856451e-05
-6.8342598171788e-05
-6.8298207777043e-05
-6.8254130895831e-05
-6.8210366597675e-05
-6.8166913960143e-05
-6.8123772069493e-05
-6.8080940019755e-05
-6.803841691318e-05
-6.7996201860284e-05
-6.7954293979164e-05
-6.7912692396326e-05
-6.7871396245849e-05
-6.7830404669895e-05
-6.7789716818274e-05
-6.7749331848646e-05
-6.7709248926308e-05
-6.7669465600977e-05
-6.762998431211e-05
-6.7590802612241e-05
-6.7551919696989e-05
-6.7513334769479e-05
-6.7475047040273e-05
-6.7437055727331e-05
-6.7399360055835e-05
-6.7361959258256e-05
-6.7324852574507e-05
-6.728803925132e-05
-6.7251518542891e-05
-6.7215289710428e-05
-6.7179352022123e-05
-6.7143704753365e-05
-6.7108347186265e-05
-6.707327717963e-05
-6.7038496902249e-05
-6.7004004214807e-05
-6.6969798426997e-05
-6.6935878855339e-05
-6.6902244823119e-05
-6.6868895660295e-05
-6.6835830703414e-05
-6.6803049295785e-05
-6.6770550787163e-05
-6.6738334533942e-05
-6.6706399898935e-05
-6.6674746251531e-05
-6.6643372967403e-05
-6.6612279428814e-05
-6.65814650242e-05
-6.6550927903488e-05
-6.6520669969092e-05
-6.6490689372167e-05
-6.6460985526339e-05
-6.6431557851289e-05
-6.6402405773175e-05
-6.6373528723967e-05
-6.6344926141983e-05
-6.6316597471443e-05
-6.6288542162698e-05
-6.6260759672062e-05
-6.6233249461668e-05
-6.6206010999869e-05
-6.6179043760814e-05
-6.6152347224426e-05
-6.6125920876544e-05
-6.6099763143071e-05
-6.6073875664173e-05
-6.6048256866187e-05
-6.6022906258083e-05
-6.5997823354567e-05
-6.5973007675991e-05
-6.5948458748498e-05
-6.5924176103515e-05
-6.5900159278414e-05
-6.5876407816054e-05
-6.5852921264711e-05
-6.5829699178427e-05
-6.5806741116422e-05
-6.5784046643814e-05
-6.5761615330721e-05
-6.5739446753073e-05
-6.5717539600043e-05
-6.5695895252703e-05
-6.5674512400342e-05
-6.5653390640212e-05
-6.5632529574922e-05
-6.5611928812193e-05
-6.5591587965284e-05
-6.5571506652419e-05
-6.5551684497388e-05
-6.5532121128723e-05
-6.5512816180632e-05
-6.5493769292171e-05
-6.5474980107627e-05
-6.5456448276388e-05
-6.5438173453064e-05
-6.5420155297298e-05
-6.540239275146e-05
-6.5384886940121e-05
-6.5367636805611e-05
-6.535064202746e-05
-6.5333902290496e-05
-6.531741728458e-05
-6.5301186704324e-05
-6.5285210249384e-05
-6.5269487624371e-05
-6.5254018538787e-05
-6.523880270712e-05
-6.5223839848455e-05
-6.5209129687072e-05
-6.5194671951946e-05
-6.5180466376912e-05
-6.5166512700699e-05
-6.5152810110423e-05
-6.5139359477056e-05
-6.5126159987057e-05
-6.5113211398364e-05
-6.5100513473509e-05
-6.5088065979651e-05
-6.5075868688969e-05
-6.5063921378007e-05
-6.5052223828406e-05
-6.5040775826048e-05
-6.5029577161912e-05
-6.5018627631451e-05
-6.5007927034676e-05
-6.4997475176407e-05
-6.4987271866027e-05
-6.4977316917587e-05
-6.4967609757191e-05
-6.4958151003244e-05
-6.4948940080968e-05
-6.4939976822735e-05
-6.4931261065505e-05
-6.4922792650851e-05
-6.4914571424939e-05
-6.4906597238454e-05
-6.4898869946492e-05
-6.4891389408886e-05
-6.4884155489879e-05
-6.4877168058356e-05
-6.4870426987518e-05
-6.4863932155205e-05
-6.4857683443742e-05
-6.4851680739888e-05
-6.4845923704128e-05
-6.4840412703918e-05
-6.483514739862e-05
-6.4830127692902e-05
-6.4825353496055e-05
-6.482082472156e-05
-6.4816541287557e-05
-6.4812503116666e-05
-6.480871013582e-05
-6.4805162276382e-05
-6.4801859474302e-05
-6.479880166976e-05
-6.4795988807591e-05
-6.4793420836913e-05
-6.4791097711321e-05
-6.4789019388832e-05
-6.4787185761663e-05
-6.478559694705e-05
-6.4784252836115e-05
-6.4783153404343e-05
-6.4782298631939e-05
-6.4781688503556e-05
-6.4781323007894e-05
-6.4781202138352e-05
-6.4781325892651e-05
-6.478169427305e-05
-6.4782307286051e-05
-6.4783164942534e-05
-6.4784267258002e-05
-6.4785614252257e-05
-6.4787205949474e-05
-6.4789042378196e-05
-6.4791123661792e-05
-6.4793449667417e-05
-6.4796020516881e-05
-6.4798836256774e-05
-6.4801896937579e-05
-6.4805202614664e-05
-6.4808753347512e-05
-6.4812549200262e-05
-6.4816590241257e-05
-6.4820876543385e-05
-6.4825408184121e-05
-6.4830185245218e-05
-6.4835207812989e-05
-6.4840475978048e-05
-6.4845989835647e-05
-6.4851749485346e-05
-6.4857755282458e-05
-6.4864006843508e-05
-6.4870504522617e-05
-6.4877248437154e-05
-6.4884238709453e-05
-6.489147546602e-05
-6.4898958837928e-05
-6.4906688960769e-05
-6.4914665974794e-05
-6.492289002462e-05
-6.4931361259353e-05
-6.4940079832992e-05
-6.494904590377e-05
-6.495825963454e-05
-6.496772119272e-05
-6.4977430750539e-05
-6.4987388897432e-05
-6.4997594999045e-05
-6.5008049643915e-05
-6.5018753022666e-05
-6.5029705330409e-05
-6.5040906766837e-05
-6.5052357536395e-05
-6.5064057848183e-05
-6.5076007916e-05
-6.5088207958341e-05
-6.5100658198215e-05
-6.5113358863685e-05
-6.5126310187219e-05
-6.5139512406276e-05
-6.5152965762854e-05
-6.5166670503835e-05
-6.5180627457678e-05
-6.5194835737593e-05
-6.5209296171228e-05
-6.5224009024558e-05
-6.5238974568694e-05
-6.525419307922e-05
-6.5269664836851e-05
-6.5285390126874e-05
-6.5301369239882e-05
-6.5317602471184e-05
-6.5334090120922e-05
-6.5350832494177e-05
-6.5367829901286e-05
-6.538508265728e-05
-6.5402591082284e-05
-6.5420355501335e-05
-6.5438376987968e-05
-6.5456654401412e-05
-6.5475188814417e-05
-6.549398057258e-05
-6.5513030026368e-05
-6.5532337531256e-05
-6.5551903448105e-05
-6.5571728142845e-05
-6.5591811986407e-05
-6.5612155355154e-05
-6.5632758630699e-05
-6.5653622199637e-05
-6.5674746454114e-05
-6.569613179149e-05
-6.5717778614378e-05
-6.5739687330691e-05
-6.5761859267301e-05
-6.5784293026737e-05
-6.5806989935911e-05
-6.5829950424224e-05
-6.5853174926719e-05
-6.5876663884001e-05
-6.5900417741885e-05
-6.5924436952003e-05
-6.5948721971354e-05
-6.5973273262566e-05
-6.5998091293959e-05
-6.6023176539161e-05
-6.6048529477949e-05
-6.6074150595384e-05
-6.6100040382408e-05
-6.6126199335706e-05
-6.615262904574e-05
-6.6179327855576e-05
-6.6206297356351e-05
-6.6233538067929e-05
-6.6261050516085e-05
-6.6288835232389e-05
-6.6316892754484e-05
-6.6345223626034e-05
-6.6373828396536e-05
-6.6402707621554e-05
-6.6431861862852e-05
-6.6461291688125e-05
-6.6490997671372e-05
-6.6520980392592e-05
-6.6551240437911e-05
-6.6581778399947e-05
-6.6612596145405e-05
-6.6643691754748e-05
-6.6675067095903e-05
-6.6706722786627e-05
-6.6738659450931e-05
-6.6770877719458e-05
-6.6803378229175e-05
-6.6836161623707e-05
-6.6869228553003e-05
-6.6902579673847e-05
-6.693621564937e-05
-6.6970137149498e-05
-6.7004344851065e-05
-6.7038839437236e-05
-6.7073621598169e-05
-6.7108692030804e-05
-6.7144052893232e-05
-6.7179701999497e-05
-6.7215641509621e-05
-6.7251872148192e-05
-6.7288394646889e-05
-6.7325209744291e-05
-6.736231818633e-05
-6.7399720725889e-05
-6.743741812304e-05
-6.7475411145155e-05
-6.7513700566912e-05
-6.7552287170283e-05
-6.7591171744522e-05
-6.7630355086523e-05
-6.766983800031e-05
-6.7709621297789e-05
-6.7749707446245e-05
-6.779009398887e-05
-6.7830783395865e-05
-6.7871776509469e-05
-6.7913074179761e-05
-6.7954677264508e-05
-6.7996586629309e-05
-6.8038803147808e-05
-6.8081327701573e-05
-6.8124161180078e-05
-6.8167304480877e-05
-6.8210758509742e-05
-6.8254524180595e-05
-6.829860241546e-05
-6.8342994144693e-05
-6.8387700307019e-05
-6.8432723700158e-05
-6.8478061591513e-05
-6.8523716782721e-05
-6.8569690246787e-05
-6.8615982964205e-05
-6.8662595925126e-05
-6.8709530128323e-05
-6.8756786581133e-05
-6.8804366299937e-05
-6.8852270309946e-05
-6.8900499645368e-05
-6.8949055349307e-05
-6.899793847425e-05
-6.9047150081575e-05
-6.9096691242161e-05
-6.9146563035903e-05
-6.9196768615527e-05
-6.9247304967028e-05
-6.9298175248428e-05
-6.9349380577532e-05
-6.9400922081913e-05
-6.9452800898802e-05
-6.9505018175123e-05
-6.9557575067764e-05
-6.9610472743376e-05
-6.9663712378863e-05
-6.9717295160906e-05
-6.9771222286454e-05
-6.9825494962534e-05
-6.9880114406582e-05
-6.993508184631e-05
-6.9990398519936e-05
-7.0046067963529e-05
-7.010208687596e-05
-7.0158458800091e-05
-7.0215185016623e-05
-7.027226681712e-05
-7.032970550374e-05
-7.038750238989e-05
-7.0445658799995e-05
-7.0504176069565e-05
-7.056305554539e-05
-7.0622298585472e-05
-7.0681906559392e-05
-7.0741880847995e-05
-7.0802222843854e-05
-7.0862933951042e-05
-7.0924015585611e-05
-7.0985471700096e-05
-7.1047298699741e-05
-7.1109500545907e-05
-7.1172078702377e-05
-7.1235034645016e-05
-7.1298369862328e-05
-7.1362085854751e-05
-7.142618413551e-05
-7.1490666230375e-05
-7.1555533677752e-05
-7.162078802881e-05
-7.1686430847556e-05
-7.1752463711027e-05
-7.181888820928e-05
-7.1885705945747e-05
-7.1952918536842e-05
-7.2020530389921e-05
-7.2088537609939e-05
-7.2156944615142e-05
-7.2225753076077e-05
-7.2294964677434e-05
-7.2364581117636e-05
-7.2434604109022e-05
-7.2505035378395e-05
-7.2575876666581e-05
-7.2647129728738e-05
-7.271879633462e-05
-7.2790878268578e-05
-7.2863377329537e-05
-7.2936295331421e-05
-7.300963410309e-05
-7.3083395488328e-05
-7.3157584393597e-05
-7.3232196616052e-05
-7.3307237075355e-05
-7.3382707677048e-05
-7.3458610342061e-05
-7.3534947007251e-05
-7.3611719625497e-05
-7.3688930165752e-05
-7.376658061302e-05
-7.3844672968632e-05
-7.3923209250693e-05
-7.4002191493592e-05
-7.4081621748516e-05
-7.416150208369e-05
-7.4241834584148e-05
-7.4322621352267e-05
-7.4403867844623e-05
-7.4485569542942e-05
-7.4567731920186e-05
-7.4650357148686e-05
-7.4733447418533e-05
-7.4817004938182e-05
-7.4901031933799e-05
-7.4985530650339e-05
-7.5070503350978e-05
-7.5155952317323e-05
-7.5241879850243e-05
-7.5328288269201e-05
-7.5415179912909e-05
-7.5502557139314e-05
-7.5590422325769e-05
-7.567877786914e-05
-7.576762983572e-05
-7.5856973383549e-05
-7.5946814598485e-05
-7.6037155957641e-05
-7.6127999958254e-05
-7.6219349118363e-05
-7.6311205976813e-05
-7.6403573093273e-05
-7.6496453048478e-05
-7.6589848444974e-05
-7.6683761906213e-05
-7.6778196077511e-05
-7.6873153626198e-05
-7.6968637241444e-05
-7.7064649634776e-05
-7.7161193540085e-05
-7.7258275701214e-05
-7.735589094514e-05
-7.7454046039424e-05
-7.7552743809695e-05
-7.7651987105012e-05
-7.7751778797935e-05
-7.7852121784942e-05
-7.7953018986496e-05
-7.8054473347283e-05
-7.815648783651e-05
-7.8259065447822e-05
-7.8362209199993e-05
-7.8465922136751e-05
-7.8570207327206e-05
-7.8675067865737e-05
-7.878050687301e-05
-7.8886531849729e-05
-7.8993137283312e-05
-7.9100330703453e-05
-7.9208115335704e-05
-7.9316494432603e-05
-7.9425471273822e-05
-7.9535049166405e-05
-7.9645231445032e-05
-7.9756021472153e-05
-7.9867422638506e-05
-7.9979438362965e-05
-8.0092072093264e-05
-8.0205327305648e-05
-8.0319207505929e-05
-8.0433716229025e-05
-8.0548857039484e-05
-8.0664638287112e-05
-8.078105411229e-05
-8.0898112899252e-05
-8.1015818334001e-05
-8.113417413322e-05
-8.1253184045168e-05
-8.1372851849432e-05
-8.1493181357467e-05
-8.161417641294e-05
-8.1735840891682e-05
-8.185817870264e-05
-8.1981193787433e-05
-8.2104890120999e-05
-8.2229271712041e-05
-8.235434260312e-05
-8.2480106870765e-05
-8.2606573820496e-05
-8.273373723885e-05
-8.2861606472539e-05
-8.2990185738251e-05
-8.3119479288438e-05
-8.3249491411668e-05
-8.3380226433168e-05
-8.3511688714583e-05
-8.3643882655031e-05
-8.3776812690639e-05
-8.391048329598e-05
-8.4044898983258e-05
-8.4180064303435e-05
-8.4315983846092e-05
-8.4452662240402e-05
-8.459010415482e-05
-8.4728319974697e-05
-8.4867303126798e-05
-8.5007064046007e-05
-8.5147607562953e-05
-8.5288938549517e-05
-8.5431061919593e-05
-8.5573982629307e-05
-8.571770567739e-05
-8.586223610547e-05
-8.6007578998712e-05
-8.6153739486093e-05
-8.6300722740974e-05
-8.6448533980758e-05
-8.6597178468586e-05
-8.6746661512885e-05
-8.6896988468042e-05
-8.7048170944279e-05
-8.7200202004883e-05
-8.7353093319313e-05
-8.7506850430056e-05
-8.7661478927394e-05
-8.7816984450604e-05
-8.7973372687771e-05
-8.8130649376495e-05
-8.8288820304569e-05
-8.84478913099e-05
-8.8607868281609e-05
-8.8768757160146e-05
-8.8930563937837e-05
-8.9093294659538e-05
-8.9256955422949e-05
-8.9421552379185e-05
-8.9587098533174e-05
-8.9753586583706e-05
-8.9921029606374e-05
-9.0089433971215e-05
-9.0258806104314e-05
-9.0429152488191e-05
-9.060047966283e-05
-9.0772794225485e-05
-9.0946102831963e-05
-9.1120412196827e-05
-9.1295729093804e-05
-9.1472060356873e-05
-9.1649412880429e-05
-9.1827793619951e-05
-9.2007209592825e-05
-9.2187667878485e-05
-9.2369183075737e-05
-9.25517475218e-05
-9.2735375900049e-05
-9.2920075545567e-05
-9.3105853858947e-05
-9.3292718306785e-05
-9.3480676422622e-05
-9.3669735807268e-05
-9.3859904129642e-05
-9.4051189127435e-05
-9.4243598607766e-05
-9.443714044798e-05
-9.4631822595596e-05
-9.4827653071111e-05
-9.5024639965993e-05
-9.5222791445062e-05
-9.5422123935267e-05
-9.5622629421143e-05
-9.5824324431188e-05
-9.6027217429299e-05
-9.6231316956405e-05
-9.6436631630585e-05
-9.664317014849e-05
-9.6850941285582e-05
-9.7059953897148e-05
-9.7270216919239e-05
-9.7481739369419e-05
-9.7694530347476e-05
-9.7908599036259e-05
-9.8123954702632e-05
-9.8340606698345e-05
-9.8558564460908e-05
-9.8777846522787e-05
-9.8998444532987e-05
-9.9220377145501e-05
-9.9443654149638e-05
-9.9668285424707e-05
-9.989428094107e-05
-0.00010012165076116
-0.00010035040504049
-0.00010058055402849
-0.00010081210806954
-0.00010104507760404
-0.00010127947316912
-0.00010151530539999
-0.00010175258503084
-0.0001019913228958
-0.00010223152993
-0.0001024732271007
-0.00010271640574968
-0.00010296108699074
-0.00010320728217402
-0.00010345500275589
-0.00010370426030047
-0.00010395506648061
-0.00010420743307893
-0.00010446137198918
-0.00010471689521723
-0.00010497401488251
-0.00010523274321903
-0.00010549309257649
-0.00010575507542186
-0.00010601870434037
-0.00010628399203695
-0.00010655096230638
-0.00010681960622766
-0.00010708994777265
-0.00010736200013789
-0.00010763577664552
-0.00010791129074604
-0.00010818855601837
-0.00010846758617191
-0.00010874839504793
-0.00010903099662088
-0.00010931540499988
-0.00010960163443022
-0.00010988969929492
-0.00011017961411583
-0.000110471393556
-0.00011076505242044
-0.00011106061780281
-0.00011135808058628
-0.00011165746807906
-0.0001119587956712
-0.00011226207890297
-0.00011256733346686
-0.00011287457520886
-0.00011318382013035
-0.00011349508439005
-0.00011380838430546
-0.0001141237363549
-0.00011444115717921
-0.0001147606635835
-0.00011508227253942
-0.00011540600118646
-0.00011573186683434
-0.00011605990044471
-0.00011639009280233
-0.00011672247513016
-0.00011705706543766
-0.00011739388191443
-0.00011773294293194
-0.00011807426704592
-0.00011841787299853
-0.0001187637797202
-0.00011911200633208
-0.00011946257214824
-0.00011981549667793
-0.00012017079962768
-0.0001205285009037
-0.00012088862061433
-0.0001212511790724
-0.00012161621179944
-0.00012198370962256
-0.00012235370838323
-0.00012272622923626
-0.00012310129355352
-0.00012347892292622
-0.00012385913916751
-0.00012424196431521
-0.00012462742063474
-0.0001250155306213
-0.00012540631700333
-0.00012579980274463
-0.00012619601104777
-0.00012659496535657
-0.00012699668935943
-0.00012740120699186
-0.00012780855918265
-0.00012821873700289
-0.00012863178177542
-0.00012904771845579
-0.00012946657226279
-0.00012988836868098
-0.00013031313346484
-0.00013074089264122
-0.00013117167251336
-0.00013160549966417
-0.00013204240095961
-0.00013248240355238
-0.00013292553488538
-0.00013337182269551
-0.0001338212950174
-0.00013427398018689
-0.0001347299255869
-0.00013518912281909
-0.00013565161975522
-0.00013611744597577
-0.00013658663138238
-0.00013705920620212
-0.00013753520099133
-0.00013801464664007
-0.00013849757437659
-0.00013898401577139
-0.00013947400274214
-0.00013996756755769
-0.00014046474284283
-0.00014096556158332
-0.00014147005713014
-0.0001419782632046
-0.00014249023495001
-0.00014300596490483
-0.00014352550882345
-0.00014404890195825
-0.00014457617995649
-0.00014510737886675
-0.00014564253514363
-0.00014618168565369
-0.00014672486768027
-0.00014727211893011
-0.00014782347753847
-0.00014837898207481
-0.00014893867154929
-0.00014950258541854
-0.00015007076359179
-0.00015064324643707
-0.00015122009850401
-0.0001518013138451
-0.00015238695778101
-0.00015297707257959
-0.00015357170100042
-0.00015417088630133
-0.00015477467224595
-0.00015538310311042
-0.00015599622369077
-0.00015661407931025
-0.00015723671582684
-0.000157864179641
-0.00015849651770324
-0.00015913377752215
-0.00015977600717219
-0.00016042325530221
-0.00016107559796685
-0.00016173303155235
-0.00016239563309528
-0.00016306345362585
-0.00016373654479149
-0.00016441495886596
-0.00016509874875835
-0.00016578796802291
-0.0001664826708681
-0.00016718291216679
-0.00016788874746605
-0.0001686002329964
-0.00016931742568363
-0.00017004038315792
-0.00017076916376523
-0.00017150382657758
-0.0001722444618624
-0.00017299106950935
-0.00017374374104978
-0.00017450253857353
-0.00017526752495399
-0.00017603876386024
-0.00017681631976916
-0.00017760025797812
-0.00017839064461777
-0.00017918754666485
-0.00017999103195565
-0.0001808011691996
-0.00018161802799262
-0.00018244167883143
-0.00018327219312787
-0.00018410964322326
-0.0001849541371372
-0.00018580567993918
-0.00018666438129465
-0.00018753031741459
-0.00018840356551664
-0.00018928420384122
-0.00019017231166879
-0.0001910679693359
-0.00019197125825338
-0.0001928822609232
-0.00019380106095721
-0.00019472774309454
-0.00019566239322135
-0.00019660509838899
-0.00019755594683408
-0.00019851502799789
-0.00019948247234362
-0.00020045829253663
-0.00020144262120975
-0.0002024355528302
-0.00020343718317542
-0.00020444760935545
-0.00020546692983526
-0.00020649524445886
-0.00020753265447249
-0.00020857926254868
-0.00020963517281196
-0.00021070049086279
-0.00021177532380415
-0.0002128597802682
-0.00021395397044206
-0.00021505800609597
-0.00021617204644594
-0.0002172961152578
-0.00021843037464622
-0.0002195749429986
-0.00022072994043216
-0.00022189548882379
-0.00022307171184217
-0.00022425873497996
-0.00022545668558742
-0.00022666569290569
-0.0002278858881015
-0.00022911740430261
-0.00023036037663376
-0.00023161494225341
-0.00023288124039172
-0.00023415941238852
-0.00023544965482751
-0.00023675200769942
-0.00023806667151293
-0.00023939379644958
-0.00024073353500617
-0.00024208604203898
-0.00024345147480783
-0.00024482999302294
-0.00024622175889064
-0.00024762693716222
-0.00024904569518242
-0.0002504782029394
-0.00025192463311639
-0.0002533851611438
-0.0002548599652528
-0.00025634922653029
-0.00025785319087703
-0.00025937192206704
-0.00026090567139436
-0.00026245463194193
-0.00026401899994183
-0.00026559897483803
-0.00026719475935067
-0.00026880655954199
-0.00027043458488335
-0.00027207904832466
-0.00027374016636456
-0.00027541815912274
-0.00027711325041401
-0.00027882566782272
-0.00028055564278258
-0.00028230341065432
-0.00028406928350726
-0.00028585336015614
-0.00028765596019558
-0.00028947733552818
-0.00029131774241009
-0.00029317744154245
-0.00029505669816543
-0.00029695578215405
-0.00029887496811644
-0.00030081453549519
-0.00030277476867006
-0.00030475595706409
-0.00030675839525188
-0.00030878238307156
-0.00031082822573747
-0.00031289623395782
-0.00031498681014557
-0.00031710010511601
-0.00031923653195309
-0.00032139642456741
-0.00032358012299278
-0.00032578797352183
-0.00032802032884536
-0.00033027754819431
-0.0003325599974869
-0.00033486804947831
-0.00033720208391462
-0.00033956248769082
-0.00034194965501309
-0.00034436398756479
-0.00034680589467706
-0.00034927579350425
-0.00035177421212238
-0.00035430137922819
-0.00035685783828881
-0.00035944403959625
-0.00036206044221255
-0.0003647075141753
-0.00036738573270728
-0.00037009558443306
-0.00037283756560046
-0.00037561218230852
-0.00037841995074135
-0.00038126139740857
-0.00038413705939231
-0.00038704748460066
-0.00038999323202858
-0.0003929748720255
-0.00039599311094828
-0.00039904829546471
-0.00040214115454208
-0.00040527230677884
-0.00040844238358289
-0.00041165202948767
-0.00041490190247696
-0.00041819267431903
-0.00042152503090967
-0.00042489967262601
-0.00042831731468929
-0.00043177868753968
-0.00043528453721965
-0.00043883562577089
-0.00044243273164035
-0.00044607665010023
-0.00044976834587137
-0.00045350834679866
-0.00045729765149347
-0.00046113712696948
-0.00046502765935285
-0.00046897015438018
-0.00047296553791336
-0.0004770147564678
-0.00048111877775803
-0.0004852785912598
-0.00048949520878714
-0.00049376966509053
-0.00049810301846989
-0.00050249635140843
-0.00050695077122586
-0.00051146741075086
-0.00051604761792724
-0.00052069220355053
-0.00052540256752115
-0.00053017995186511
-0.00053502562781192
-0.00053994089660425
-0.00054492709033378
-0.00054998557280421
-0.00055511774042145
-0.00056032502311241
-0.00056560888527405
-0.00057097082675368
-0.00057641238385944
-0.0005819351304063
-0.00058754067879473
-0.0005932306811265
-0.00059900706873593
-0.00060487110349838
-0.00061082479850439
-0.00061686997657708
-0.00062300850640067
-0.00062924230388251
-0.00063557333355927
-0.00064200361005191
-0.00064853519957158
-0.0006551702214769
-0.00066191084988613
-0.00066875931534577
-0.00067571790655814
-0.00068278897216932
-0.00068997492262262
-0.00069727823207619
-0.00070470174693721
-0.00071224746680836
-0.00071991837079513
-0.00072771720852933
-0.00073564680404612
-0.00074371005816195
-0.00075190995094122
-0.00076024954425633
-0.00076873198444116
-0.00077736050504762
-0.00078613842970482
-0.00079506917508919
-0.00080415625400705
-0.00081340327859726
-0.00082281396365804
-0.0008323921301035
-0.00084214211146636
-0.00085206715326589
-0.00086217181270686
-0.0008724603725539
-0.00088293724113854
-0.00089360695673077
-0.00090447419208899
-0.00091554375919532
-0.00092682061418836
-0.00093830986249737
-0.00095001676419435
-0.00096194673956896
-0.00097410537493986
-0.00098649842871307
-0.00099913183770061
-0.0010120117237105
-0.0010251449436049
-0.0010385369345086
-0.001052194948397
-0.0010661259189163
-0.0010803370022506
-0.0010948355856605
-0.0011096292964073
-0.0011247260110824
-0.001140133865363
-0.0011558612642195
-0.0011719168925916
-0.0011883097265677
-0.0012050490450867
-0.0012221444421952
-0.0012396058398868
-0.0012574435015609
-0.0012756688006792
-0.001294291233881
-0.0013133229147051
-0.0013327756203146
-0.0013526615470754
-0.0013729933285035
-0.0013937840541192
-0.0014150472892572
-0.0014367970958907
-0.001459048054526
-0.0014818152872347
-0.0015051144818873
-0.0015289619176628
-0.0015533744919101
-0.0015783697484427
-0.001603965907356
-0.0016301829832292
-0.0016570384977961
-0.0016845539565702
-0.0017127506168132
-0.0017416505874838
-0.0017712768703875
-0.0018016534036582
-0.001832805107718
-0.001864757933876
-0.001897538915741
-0.0019311762236303
-0.0019656992221735
-0.0020011385313273
-0.0020375260910236
-0.002074895229704
-0.0021132807369983
-0.002152720578302
-0.0021932494722326
-0.0022349086675777
-0.0022777396189355
-0.0023217856784298
-0.002367092200053
-0.0024137066506634
-0.0024616787281166
-0.0025110604870466
-0.0025619064728521
-0.0026142738644917
-0.0026682226267397
-0.0027238156726044
-0.0027811190366709
-0.0028402020601964
-0.0029011375888451
-0.0029640047995707
-0.0030288790485021
-0.0030958475574652
-0.0031649994558084
-0.0032364285925221
-0.0033102338332927
-0.0033865193789843
-0.0034653951072634
-0.0035469769392523
-0.0036313872332564
-0.0037187552077925
-0.0038092173963528
-0.0039029181365622
-0.0040000100966135
-0.0041006548421648
-0.0042050234471482
-0.0043133016697477
-0.0044256727648061
-0.0045423448482334
-0.0046635341543388
-0.0047894702844446
-0.0049203971746762
-0.00505657414317
-0.0051982770239442
-0.005345799395402
-0.0054994539122404
-0.0056595737504355
-0.0058265141759669
-0.0060006542490484
-0.0061823986768634
-0.0063721798291773
-0.006570459932722
-0.0067777421432018
-0.0069945388283791
-0.0072214253195605
-0.0074590094502414
-0.0077079432524301
-0.0079689266686751
-0.0082427116151598
-0.0085301064327198
-0.0088319807669185
-0.0091492709231055
-0.0094829857478004
-0.0098342130938567
-0.01020412693377
-0.01059399519331
-0.011005188386505
-0.011439189143079
-0.011897622030734
-0.012382189096956
-0.012894795296061
-0.013437488722817
-0.014012494692752
-0.014622233299306
-0.015269338926475
-0.015956681959066
-0.016687392965732
-0.0174648896679
-0.018292907051366
-0.019175531027657
-0.020117236110319
-0.021122927638348
-0.022197989156647
-0.023348335653283
-0.024580525696868
-0.025901623765192
-0.027319578757108
-0.028843111815356
-0.030481862404741
-0.032246498599694
-0.034148842239342
-0.036202011169708
-0.038420581154917
-0.040820770465331
-0.043420650652333
-0.046240387611443
-0.04930251773477
-0.052632264781175
-0.056257904072817
-0.060211181789951
-0.06452798330099
-0.069248170049813
-0.07441728437197
-0.080086608252322
-0.0863142025548
-0.093165919179177
-0.10071658049828
-0.10905135612676
-0.11826737284794
-0.12847560047274
-0.1398030647717
-0.15239544871148
-0.16642015540964
-0.18206992094762
-0.19956708300363
-0.21916863286029
-0.24117315953376
-0.26592426191243
-0.29382439414141
-0.32534145094245
-0.36102164109222
-0.40150385613931
-0.44753686795756
-0.49999994301733
