-0.5
-0.4479591
-0.401723075
-0.3613093
-0.32468665
-0.294163375
-0.26565845
-0.2412528625
-0.2187276675
-0.1996835825
-0.181871575
-0.166640795
-0.1525047175
-0.1400065325
-0.1282264275
-0.1185675325
-0.1094436725
-0.10070837
-0.093130335
-0.08595801
-0.0797995075
-0.0743867525
-0.0691389475
-0.06449643
-0.0601967775
-0.05672872
-0.052574405
-0.049577245
-0.046477995
-0.043470885
-0.0405541975
-0.03816083
-0.036200145
-0.0338819175
-0.0320522875
-0.03073764
-0.028694275
-0.027667405
-0.0257267775
-0.024493933
-0.02338256875
-0.02236301125
-0.0210776605
-0.020194153
-0.019024378
-0.01824442875
-0.01754666875
-0.0165782995
-0.015942303
-0.015583746
-0.01452927425
-0.01412395825
-0.01311663025
-0.0130411685
-0.01237438025
-0.0118729635
-0.0114477325
-0.0111299165
-0.01047503425
-0.01031917675
-0.009689429
-0.009420775
-0.00922834925
-0.0089206305
-0.008644365
-0.00824937275
-0.00788156975
-0.0077817225
-0.00742468825
-0.0072347655
-0.00708126575
-0.00677372375
-0.0065017565
-0.00626797125
-0.0061738275
-0.006244642
-0.00555757875
-0.00571499025
-0.00562922925
-0.00532886975
-0.00511902875
-0.0050669845
-0.0048092345
-0.00476165625
-0.00466855925
-0.004415279
-0.00446606525
-0.004320324
-0.004228394
-0.00408494125
-0.00402864825
-0.0039827955
-0.003843696
-0.003648945
-0.0036821865
-0.00361011275
-0.0032354445
-0.00343962125
-0.00339932625
-0.00327426925
-0.00311298825
-0.003208333
-0.0031669585
-0.0029505365
-0.002887475
-0.00278081475
-0.00276471725
-0.002727639
-0.0026534865
-0.002642206
-0.00264222725
-0.002444994675
-0.002464208075
-0.00238740255
-0.002337935425
-0.0024408483
-0.00229817215
-0.00227501325
-0.0020577713
-0.0020523587
-0.00207030605
-0.0020911824
-0.00203511265
-0.00198250465
-0.001951338225
-0.001920984125
-0.0018876308
-0.00206978385
-0.001797048625
-0.001790644925
-0.0017526514
-0.0016714817
-0.00163137105
-0.00169220905
-0.0016244479
-0.001567681825
-0.0015676639
-0.0016431097
-0.00143204405
-0.001560173075
-0.0015810719
-0.001473049925
-0.001337983825
-0.001467270625
-0.0013346601
-0.001316943125
-0.001311947325
-0.00134900395
-0.00126803355
-0.00137164355
-0.001386100875
-0.0013114206
-0.001210312775
-0.001354579525
-0.001264273475
-0.001276925575
-0.00118687785
-0.00123108755
-0.00110880405
-0.001139750725
-0.0010358588
-0.0011191285
-0.00113401145
-0.00114292655
-0.001042536975
-0.00122230735
-0.00103633645
-0.001057027
-0.0010501443
-0.001000586025
-0.0009769052
-0.00104322925
-0.0009447002
-0.000904472275
-0.000955678625
-0.00096595785
-0.00090642525
-0.001045518275
-0.000815500925
-0.001032040325
-0.00079854425
-0.000844794
-0.0008420925
-0.00078435585
-0.000807695075
-0.0009027477
-0.000882486075
-0.00081565135
-0.000861809275
-0.00076411375
-0.00076988935
-0.000781524275
-0.00080721655
-0.000729519475
-0.000737838025
-0.000704943625
-0.000688904375
-0.000635368575
-0.000726971925
-0.000768627625
-0.000628481075
-0.00070649715
-0.000696356025
-0.000731648675
-0.000538001475
-0.00061518005
-0.000628475075
-0.00055302125
-0.000607566925
-0.000548627225
-0.00061720505
-0.0005774641
-0.000550680925
-0.00064339775
-0.000643754825
-0.00059571475
-0.00060004085
-0.000556172675
-0.000576702725
-0.0005602725
-0.000536304625
-0.0005029038
-0.000543470175
-0.00045617945
-0.00055094455
-0.000683417975
-0.000505329375
-0.00063767035
-0.0005443209
-0.000473198
-0.0005583917
-0.00050966875
-0.000514822875
-0.0004989572
-0.00045420185
-0.000582045025
-0.000448604825
-0.000601571375
-0.0005623542
-0.000559812675
-0.000489812925
-0.0005185252
-0.0004398165
-0.000474067625
-0.000475953825
-0.000530732225
-0.00047259615
-0.000432816425
-0.00044696605
-0.00044615895
-0.0003956174
-0.000356898025
-0.000441946525
-0.00037992815
-0.000524974975
-0.000397204025
-0.00044802975
-0.00027871305
-0.000373226675
-0.000351400475
-0.00035363775
-0.00037877645
-0.000367585625
-0.000359611825
-0.00040271675
-0.0004130799
-0.00044388665
-0.0003594202
-0.000422518225
-0.0003689094
-0.000321427625
-0.0004208944
-0.00038191215
-0.000403867075
-0.000352821175
-0.000386482375
-0.000372598725
-0.0003753083
-0.0003017419
-0.0003259346
-0.0002939293
-0.000309276425
-0.00034762245
-0.000426453175
-0.000426571525
-0.000390695525
-0.00032962405
-0.000384908375
-0.000353662725
-0.000353398125
-0.0003517664
-0.000344322975
-0.00029597895
-0.0002429185175
-0.0002400281025
-0.0002733495
-0.000348449675
-0.00022414607
-0.0003301861
-0.00028851265
-0.00029068165
-0.000343453375
-0.0003163553
-0.000387226025
-0.000314814325
-0.000275573825
-0.000338081275
-0.000294571525
-0.000340927825
-0.0002651613
-0.00029756885
-0.00034339015
-0.00017485696
-0.000285742075
-0.0002287224625
-0.000209125885
-0.0003146873
-0.000355140925
-0.00023334435
-0.000326371925
-0.0002279571375
-0.00035391485
-0.000266040625
-0.0002544933
-0.0003078879
-0.0002164741
-0.000283788375
-0.0002060675275
-0.000240072855
-0.000278788375
-0.000294077475
-0.000215139745
-0.0002529933
-0.0002374873125
-0.000163894665
-0.000299614075
-0.0002350936675
-0.0002211333725
-0.0002413514475
-0.00021248578
-0.000260201375
-0.00024563502
-0.000303011725
-0.000212707165
-0.0002423492975
-0.0002961315
-0.0001528228425
-0.000291523825
-0.00017927308
-0.000176167745
-0.000291015525
-0.000278529975
-0.000193842655
-0.0002525225
-0.0002425374975
-0.00024849732
-0.0002447684975
-0.00019940765
-0.0001641325525
-0.000187475095
-0.0002313215525
-0.0002196227225
-0.00014907176
-0.00026576105
-0.00020477841
-0.0002378750325
-0.00027691885
-0.0002659795
-0.0002577779
-0.0001442970325
-0.0001841857975
-0.0001763533175
-0.000188060165
-0.00020901218
-0.0001370769275
-0.00015096701
-0.00021363659
-0.000151789575
-0.000191296075
-0.0002076798425
-0.0002095027775
-0.0002229308925
-0.0001413249225
-0.0002808151
-0.0001957278825
-0.0001973649725
-0.0002244720375
-0.0002058927025
-0.000178909135
-0.0002056562375
-0.0001742775125
-0.00015241327
-0.0001589533025
-0.0002266445275
-0.0001645883925
-0.0002430677575
-0.0001210054875
-0.000204158795
-0.0002287977525
-0.0002182866525
-0.000152137495
-9.76964175e-05
-0.00015161829
-0.00013975413
-0.0001525380675
-0.0002031086425
-0.000158811065
-0.000143711505
-0.0001614048475
-0.0002073125075
-0.000196622775
-0.0002037443325
-4.722319e-05
-0.000188945955
-0.000190013455
-0.0001675625975
-0.0001871174325
-0.0001626851425
-0.00010889876
-6.244262e-05
-0.0002213493725
-0.0001619100175
-0.000158509575
-3.94625775e-05
-0.00022646629
-0.0001353071975
-0.0002141937775
-0.0001515173375
-2.022467475e-05
-0.000153169985
-0.0001385849125
-0.000233466
-0.0001360429225
-0.000116756545
-0.0001582577325
-0.0001786730725
-0.0001874080475
-0.0001930996375
-0.00013265692
-0.0001391678725
-0.0001133509075
-0.0001844100425
-0.00016960385
-0.000136494425
-0.0001358925875
-0.000180687215
-0.0001627509475
-0.0001493211675
-0.0001675126425
-0.0001171830025
-0.0001594858375
-0.0001307668
-0.00012311883
-0.000119762725
-0.0001043806375
-0.0001522703
-0.00014504431
-0.0001065472825
-0.000135341625
-9.939314e-05
-0.000182194725
-0.0001090741525
-0.0001701535725
-0.000102268945
-0.0001214571125
-0.00010157886
-0.000131105475
-4.6530355e-05
-0.000147362385
-9.20566375e-05
-0.0001224335675
-0.0001725060425
-0.000146708105
-0.0001866046225
-0.0001702571475
-0.00016002736
-0.000155953315
-0.0001558009975
-0.0001732115475
-0.0001042406675
-0.000147076165
-0.000147466755
-0.0001613257175
-0.0001200884
-0.0001710862525
-0.00014333414
-0.0001798536475
-9.556168e-05
-0.000124301215
-0.00012305459
-0.0001008048525
-0.0001318383
-0.0001215460225
-0.00011387747
-0.0001066644325
-0.00015370636
-8.484079e-05
-0.000127871885
-0.0001592390325
-0.000157831085
-0.0001142122475
-9.862452e-05
-0.000132165165
-0.000114683865
-0.000126025945
-0.0001676123225
-7.4078655e-05
-8.19816075e-05
-0.00013691678
-0.0001733390225
-0.00014842335
-0.0002115916875
-7.6901345e-05
-0.0001676129
-8.860618e-05
-7.9852905e-05
-0.0001109522275
-8.12927675e-05
-9.79672475e-05
-6.69148625e-05
-7.4354665e-05
-5.60252925e-05
-0.0001162563
-0.00012015352
-0.0001068058075
-0.0001086673775
-7.753391e-05
-0.0001213118275
-0.000133764875
-4.2840955e-05
-8.555626e-05
-0.0001324452625
-0.0001193232975
-6.99588925e-05
-4.4893805e-05
-9.864675e-05
-0.0001285689725
-0.000133499475
-0.00015852531
-0.000103761425
-0.00017043328
-0.0001854436175
-0.0001896430975
-9.8793545e-05
-6.9901355e-05
-0.000144744715
-8.2984465e-05
-0.000141312765
-5.64347525e-05
-0.000129432935
-7.899998e-05
-0.0001288970775
-8.345892e-05
-0.00016963398
-5.1490305e-05
-0.00014362117
1.198850975e-05
-7.181671e-05
-0.00010256616
-5.3959485e-05
-0.0001503867925
-0.0001049805175
-8.98070225e-05
-0.0001156489925
-0.0001140604475
-0.000105517225
-0.0001424054175
-0.00013150965
-9.9902405e-05
-8.963079e-05
-8.8603855e-05
-0.0002123421125
-7.22988e-05
-0.0001505624425
-0.00013075403
-7.4770265e-05
-0.00012037609
-4.55892825e-05
-6.78771225e-05
-5.8014895e-05
-9.29475475e-05
-6.96627925e-05
-8.896696e-05
-0.0001201171075
-6.122586e-05
-9.22016025e-05
-0.000118320825
-0.00016469935
-9.653694e-05
-0.0001764550175
-9.2765175e-05
-8.34010175e-05
-0.00014113721
-8.44350775e-05
-0.0001159254325
-0.0001116581475
-6.2560695e-05
-9.1278605e-05
-9.10709775e-05
-0.0001624622675
-2.09114165e-05
-6.339304e-05
-9.13784325e-05
-0.00010545994
-5.77820475e-05
-8.4118495e-05
-0.0001367558675
-0.0001097294375
-9.7317985e-05
-8.333854e-05
-0.00012716099
-5.641204e-05
-0.000117015265
-0.000119149135
-7.3111205e-05
-5.82660525e-05
-4.0078305e-05
-6.358742e-05
-5.04583725e-05
-7.974373e-05
-7.32622e-05
-0.00012954658
-7.39891325e-05
-0.00013160919
-8.7752285e-05
-6.57334125e-05
-0.0001287627125
-0.000121539
-7.88756625e-05
-0.0001658568975
-0.00012776594
-7.184605e-05
-4.3096865e-05
-9.4578635e-05
-0.000121654685
-0.00011743207
-0.0001066387075
-4.61088025e-05
-9.543685e-05
-5.55598025e-05
-0.000100428845
-0.000122153135
-4.2178075e-05
-0.0001754908925
-0.0001359394525
-6.45833925e-05
-6.83444075e-05
-0.0001297336375
-0.0001198969325
-5.20684425e-05
-0.0001106526025
-7.1391465e-05
-6.25499375e-05
-8.144916e-05
-9.40328775e-05
-4.84069075e-05
-0.0001162635575
-9.11751375e-05
-9.951531e-05
-0.0001024153575
-9.45837375e-05
-0.0001101166475
-8.43493375e-05
-7.005007e-05
-9.17517325e-05
-8.7207595e-05
-7.721924e-05
-0.0001044102825
-8.72536425e-05
-0.00010018782
-8.65411125e-05
-5.25613325e-05
-3.3871105e-05
-4.3952025e-05
-8.0244425e-05
-8.42304225e-05
-0.0001426045775
-0.0001105300225
-6.39650625e-05
-9.65979625e-05
-0.00012960119
-9.4983505e-05
-0.0001211795
-0.00014046412
-6.34751225e-05
-6.79590725e-05
-7.5925475e-05
-0.00013061859
-4.82405075e-05
-1.404945875e-05
-6.885871e-05
-5.00422125e-05
-5.9331425e-05
-0.00014234694
-8.2762255e-05
-7.21520175e-05
-5.3232195e-05
-0.0001071506125
-9.52505675e-05
-4.3443805e-05
-0.0001278933875
-5.33442625e-05
-6.2433695e-05
-5.6419325e-05
-5.5640655e-05
-0.0001162644775
-5.93326875e-05
-6.323935e-05
-7.89563625e-05
-0.0001486733575
-4.05380025e-05
-9.43198875e-05
-0.000100359315
-9.35766025e-05
-0.00011295089
-2.12822825e-05
-8.2641185e-05
-0.00010662053
-0.0001060413
-3.058122e-05
-8.99114125e-05
-0.000117882125
-5.43750525e-05
-8.394355e-05
-6.57660575e-05
-6.36216225e-05
-6.998736e-05
-6.77832325e-05
-8.885536e-05
-0.000102319755
-6.08828525e-05
-8.729108e-05
-0.00014487386
-7.1246345e-05
-1.406236825e-05
-3.7443715e-06
-0.0001134612125
-1.6365837e-05
-2.088842925e-05
-7.64841175e-05
-0.0001231467375
-8.861911e-05
-5.839065e-05
-7.68720775e-05
-0.000103905795
-3.62086225e-05
-8.16085875e-05
-8.782348e-05
-6.9441495e-05
-9.329965e-05
-9.82833975e-05
-8.38150325e-05
-6.36596025e-05
-8.57684925e-05
-0.0001174032375
-7.58510675e-05
-7.02901525e-05
-7.9400695e-06
-4.7835495e-05
-4.49712425e-05
-9.054603e-05
-0.0001248372775
-9.35144e-05
-8.91103125e-05
-6.62456625e-05
-7.51854425e-05
-0.000100390125
-5.82959775e-05
-5.2029045e-05
-3.09972575e-05
-5.8653865e-05
-5.695145e-05
-0.0001114242525
2.93313425e-06
-3.00121225e-05
-8.34933525e-05
-7.36135225e-05
-3.6139995e-05
-8.58585875e-05
-4.2026655e-05
-0.000125906295
-7.1109725e-05
-9.98888575e-05
-6.4434345e-05
-6.91231875e-05
-5.5455025e-05
-0.0001107804875
-9.39505225e-05
-1.56768565e-05
-6.015529e-05
-6.031643e-05
-0.00016522003
-5.3505825e-05
-0.000128581805
-4.26442625e-05
-6.4897085e-05
-6.7511725e-05
-6.5139515e-05
-7.3376885e-05
-7.42948375e-05
-9.712745e-05
-4.43549325e-05
-5.55859925e-05
-4.9688575e-05
-6.691618e-05
-0.0001264255975
-2.92672675e-05
-8.42399925e-05
-4.35567475e-05
-9.15428975e-05
-4.214201e-05
-4.9596365e-05
-1.781439075e-05
-8.817523e-05
-6.74377875e-05
-5.86062e-05
-7.68128575e-05
-7.717701e-05
-5.35064e-05
-7.5496255e-05
-0.000109208365
-8.0276915e-05
-5.00076425e-05
-7.90085725e-05
-9.56370425e-05
-8.436409e-05
-4.1689525e-05
-4.6790565e-05
-3.249632e-05
-6.87196875e-05
-7.28213025e-05
-9.78673125e-05
-7.70711425e-05
-9.3259325e-05
-3.573246e-05
-9.2476565e-05
-6.795746e-05
-2.5615855e-05
-7.1816285e-05
-8.31164275e-05
-9.01903075e-05
-0.0001044752725
-9.77026775e-05
-5.5024205e-05
1.41711785e-06
-0.0001093650175
-6.96133325e-05
-3.79177225e-05
-2.135229025e-05
-0.0001297682375
-5.27700925e-05
-7.3314985e-05
-8.250661e-05
-6.97858725e-05
-4.86211325e-05
-0.000123902345
-5.72226275e-05
-0.00010566178
-7.099115e-05
-7.35414025e-05
-4.500758e-05
-4.55586975e-05
-6.24005875e-05
-0.0001283279325
-9.6390545e-05
-6.91800025e-05
-0.000121155345
-2.899842e-05
-5.49568975e-05
-6.96133375e-05
-8.48076675e-05
-7.81341825e-05
-5.224659e-05
-0.000116817605
-6.6269265e-05
-4.74803225e-05
-2.27513035e-05
-4.56835425e-05
-0.000116171665
-7.18099625e-05
-9.76639575e-05
-8.89933125e-05
-7.37900825e-05
-7.2902375e-05
-6.86470625e-05
-3.63285425e-05
-9.207566e-05
-0.0001040025425
-3.126592e-05
-8.6858905e-05
-4.63330525e-05
-7.09000275e-05
-2.2756462e-05
-9.06939775e-05
-2.76532075e-05
-9.332588e-05
-7.2702935e-05
-9.29460925e-05
-4.1041535e-05
-6.68075175e-05
-0.0001066000325
-6.3390595e-05
-0.000111836115
-7.20890725e-05
-4.26834175e-05
-0.000105399545
-7.0738175e-05
-2.735396e-05
-5.52231e-05
-7.4937865e-05
-8.4407965e-05
-9.780194e-05
-2.37695925e-05
-9.33306525e-05
-4.6020425e-05
-1.5100292e-05
-8.1002675e-05
-3.0544145e-05
-7.93007975e-05
-8.74384675e-05
-6.4131705e-05
-4.29785425e-05
-5.1451875e-05
-1.46406715e-05
-4.23876125e-05
-5.67750925e-05
-5.571597e-05
-6.086272e-05
-7.18741525e-05
-8.376239e-05
-9.91706475e-05
-6.8649485e-05
-3.518127e-05
-4.98550475e-05
-2.99549575e-06
-8.07268875e-05
-3.69964225e-05
-6.693536e-05
-7.71140475e-05
-5.58728725e-06
-9.574832e-05
-0.0001044192175
-3.5043145e-05
-4.5847515e-05
-8.97515725e-05
-1.4308709e-05
-1.28781465e-05
-0.0001102050275
-5.55750025e-05
-8.3548335e-05
-9.1244875e-05
-6.489774e-05
-6.785967e-05
-7.22364625e-05
-4.1192455e-05
-0.00010429856
-6.17521775e-05
-7.16109675e-05
-6.28096525e-05
-7.01206525e-05
-4.093772e-05
-4.70799625e-05
-9.361415e-05
-6.4021265e-05
-0.000134789605
-4.9645615e-05
-8.59600525e-05
-9.0871035e-05
-0.0001166343425
-0.000127950585
-6.3401025e-05
-7.7368595e-05
-4.02692675e-05
-6.89578375e-05
-3.72869625e-05
-2.276343825e-05
-5.9024375e-05
-1.846983875e-05
-1.282555975e-05
-0.0001187816075
-3.212078e-05
-3.7186785e-05
-5.84640075e-05
-5.040574e-05
-5.0037945e-05
-7.223941e-05
-9.81844175e-05
-0.0001309168275
-8.9212895e-05
-3.562681e-05
-7.42598775e-05
-7.0954025e-05
-7.7124405e-05
-5.483784e-05
-8.02738875e-05
-3.516393e-05
-6.872903e-05
-5.02706e-05
-0.000106968955
-6.20092875e-05
-0.0001076595875
-0.0001198251625
-3.0127435e-05
-5.63917125e-05
-4.60574425e-05
-2.0354169e-05
-0.0001005262875
-5.83346625e-05
-8.192581e-05
-5.33573475e-05
-6.20769725e-05
-6.79033325e-05
-1.1307351e-05
-5.7019055e-05
-8.70230175e-05
-6.11783e-05
-0.00012102276
-4.79186825e-05
1.122173825e-05
-7.921803e-05
-8.6584425e-05
-2.3990285e-05
-8.88499575e-05
-1.894518375e-05
-3.24301225e-05
-1.8945184e-05
-8.88499575e-05
-2.39902855e-05
-8.6584425e-05
-7.921803e-05
1.122173925e-05
-4.79186825e-05
-0.00012102276
-6.11783e-05
-8.70230175e-05
-5.70190525e-05
-1.130735125e-05
-6.79033325e-05
-6.20769725e-05
-5.33573475e-05
-8.192581e-05
-5.83346625e-05
-0.0001005262875
-2.03541675e-05
-4.60574425e-05
-5.6391715e-05
-3.0127435e-05
-0.0001198251625
-0.000107659585
-6.20092875e-05
-0.000106968955
-5.02706e-05
-6.872903e-05
-3.51639275e-05
-8.02738875e-05
-5.483784e-05
-7.7124405e-05
-7.0954025e-05
-7.42598775e-05
-3.562681e-05
-8.92128925e-05
-0.000130916825
-9.81844175e-05
-7.223941e-05
-5.0037945e-05
-5.04057425e-05
-5.84640075e-05
-3.7186785e-05
-3.21207775e-05
-0.000118781605
-1.282556075e-05
-1.8469838e-05
-5.9024375e-05
-2.276343825e-05
-3.728696e-05
-6.89578375e-05
-4.0269265e-05
-7.7368595e-05
-6.3401025e-05
-0.0001279505875
-0.0001166343425
-9.0871035e-05
-8.59600525e-05
-4.9645615e-05
-0.0001347896025
-6.4021265e-05
-9.361415e-05
-4.70799625e-05
-4.093772e-05
-7.01206525e-05
-6.28096525e-05
-7.16109675e-05
-6.17521775e-05
-0.00010429856
-4.1192455e-05
-7.22364625e-05
-6.785967e-05
-6.489774e-05
-9.1244875e-05
-8.3548335e-05
-5.55750025e-05
-0.0001102050275
-1.2878146e-05
-1.43087085e-05
-8.97515725e-05
-4.5847515e-05
-3.5043145e-05
-0.0001044192175
-9.57483175e-05
-5.5872875e-06
-7.71140475e-05
-6.69353575e-05
-3.699642e-05
-8.07268875e-05
-2.99549575e-06
-4.98550475e-05
-3.518127e-05
-6.8649485e-05
-9.91706475e-05
-8.376239e-05
-7.18741525e-05
-6.086272e-05
-5.57159725e-05
-5.67750925e-05
-4.23876125e-05
-1.46406715e-05
-5.14518725e-05
-4.29785425e-05
-6.4131705e-05
-8.74384675e-05
-7.93007975e-05
-3.0544145e-05
-8.1002675e-05
-1.510029125e-05
-4.6020425e-05
-9.333065e-05
-2.3769592e-05
-9.78019375e-05
-8.4407965e-05
-7.4937865e-05
-5.52231e-05
-2.735396e-05
-7.07381725e-05
-0.0001053995425
-4.26834175e-05
-7.20890725e-05
-0.000111836115
-6.33905925e-05
-0.0001066000325
-6.68075175e-05
-4.1041535e-05
-9.294609e-05
-7.2702935e-05
-9.332588e-05
-2.76532075e-05
-9.06939775e-05
-2.27564615e-05
-7.09000275e-05
-4.63330525e-05
-8.6858905e-05
-3.126592e-05
-0.0001040025425
-9.207566e-05
-3.63285425e-05
-6.86470625e-05
-7.29023725e-05
-7.37900825e-05
-8.899331e-05
-9.76639575e-05
-7.18099625e-05
-0.0001161716625
-4.56835425e-05
-2.275130375e-05
-4.74803225e-05
-6.6269265e-05
-0.000116817605
-5.224659e-05
-7.81341825e-05
-8.4807665e-05
-6.96133375e-05
-5.49568975e-05
-2.899842e-05
-0.000121155345
-6.91800025e-05
-9.6390545e-05
-0.0001283279325
-6.24005875e-05
-4.55586975e-05
-4.50075775e-05
-7.35414e-05
-7.099115e-05
-0.00010566178
-5.72226275e-05
-0.0001239023425
-4.862113e-05
-6.97858725e-05
-8.250661e-05
-7.33149825e-05
-5.27700925e-05
-0.000129768235
-2.135228875e-05
-3.79177225e-05
-6.96133325e-05
-0.000109365015
1.4171175e-06
-5.5024205e-05
-9.7702675e-05
-0.00010447527
-9.01903075e-05
-8.31164275e-05
-7.1816285e-05
-2.5615855e-05
-6.795746e-05
-9.2476565e-05
-3.57324575e-05
-9.32593225e-05
-7.70711425e-05
-9.786731e-05
-7.28213025e-05
-6.8719685e-05
-3.249632e-05
-4.67905625e-05
-4.1689525e-05
-8.43640875e-05
-9.56370425e-05
-7.90085725e-05
-5.00076425e-05
-8.0276915e-05
-0.0001092083625
-7.54962525e-05
-5.35063975e-05
-7.717701e-05
-7.68128575e-05
-5.86061975e-05
-6.7437785e-05
-8.81752275e-05
-1.781438975e-05
-4.9596365e-05
-4.214201e-05
-9.15428975e-05
-4.35567475e-05
-8.42399925e-05
-2.92672675e-05
-0.000126425595
-6.691618e-05
-4.96885725e-05
-5.55859925e-05
-4.435493e-05
-9.71274475e-05
-7.42948375e-05
-7.3376885e-05
-6.5139515e-05
-6.7511725e-05
-6.48970825e-05
-4.26442625e-05
-0.0001285818025
-5.3505825e-05
-0.0001652200275
-6.031643e-05
-6.015529e-05
-1.567685575e-05
-9.395052e-05
-0.000110780485
-5.54550225e-05
-6.9123185e-05
-6.4434345e-05
-9.9888855e-05
-7.11097225e-05
-0.0001259062925
-4.2026655e-05
-8.5858585e-05
-3.61399925e-05
-7.36135225e-05
-8.34933525e-05
-3.00121225e-05
2.93313325e-06
-0.00011142425
-5.695145e-05
-5.86538625e-05
-3.09972575e-05
-5.20290425e-05
-5.8295975e-05
-0.000100390125
-7.51854425e-05
-6.624566e-05
-8.91103125e-05
-9.35143975e-05
-0.000124837275
-9.05460275e-05
-4.49712425e-05
-4.7835495e-05
-7.94006875e-06
-7.02901525e-05
-7.58510675e-05
-0.000117403235
-8.576849e-05
-6.36596025e-05
-8.381503e-05
-9.8283395e-05
-9.32996475e-05
-6.9441495e-05
-8.78234775e-05
-8.16085875e-05
-3.620862e-05
-0.0001039057925
-7.68720775e-05
-5.83906475e-05
-8.86191075e-05
-0.000123146735
-7.64841175e-05
-2.08884285e-05
-1.6365838e-05
-0.0001134612125
-3.744371e-06
-1.406236775e-05
-7.12463425e-05
-0.000144873855
-8.729108e-05
-6.08828525e-05
-0.000102319755
-8.88553575e-05
-6.778323e-05
-6.998736e-05
-6.362162e-05
-6.57660575e-05
-8.39435475e-05
-5.43750525e-05
-0.0001178821225
-8.99114125e-05
-3.058122e-05
-0.0001060412975
-0.0001066205275
-8.26411825e-05
-2.128228225e-05
-0.0001129508875
-9.35766e-05
-0.0001003593125
-9.4319885e-05
-4.0538e-05
-0.000148673355
-7.895636e-05
-6.323935e-05
-5.9332685e-05
-0.000116264475
-5.5640655e-05
-5.64193225e-05
-6.2433695e-05
-5.334426e-05
-0.000127893385
-4.3443805e-05
-9.5250565e-05
-0.00010715061
-5.3232195e-05
-7.2152015e-05
-8.27622525e-05
-0.0001423469375
-5.93314225e-05
-5.00422125e-05
-6.88587075e-05
-1.40494585e-05
-4.8240505e-05
-0.000130618585
-7.59254725e-05
-6.79590725e-05
-6.347512e-05
-0.000140464115
-0.000121179495
-9.49835025e-05
-0.0001296011875
-9.659796e-05
-6.39650625e-05
-0.0001105300225
-0.000142604575
-8.423042e-05
-8.0244425e-05
-4.3952025e-05
-3.38711025e-05
-5.256133e-05
-8.654111e-05
-0.0001001878175
-8.725364e-05
-0.00010441028
-7.72192375e-05
-8.7207595e-05
-9.17517325e-05
-7.00500675e-05
-8.4349335e-05
-0.000110116645
-9.4583735e-05
-0.0001024153525
-9.951531e-05
-9.11751375e-05
-0.000116263555
-4.84069075e-05
-9.40328775e-05
-8.14491575e-05
-6.25499375e-05
-7.13914625e-05
-0.0001106526
-5.20684425e-05
-0.00011989693
-0.000129733635
-6.8344405e-05
-6.458339e-05
-0.00013593945
-0.00017549089
-4.2178075e-05
-0.00012215313
-0.0001004288425
-5.55598e-05
-9.54368475e-05
-4.61088025e-05
-0.000106638705
-0.0001174320675
-0.0001216546825
-9.45786325e-05
-4.30968625e-05
-7.1846045e-05
-0.00012776594
-0.0001658568925
-7.887566e-05
-0.0001215389975
-0.00012876271
-6.573341e-05
-8.7752285e-05
-0.0001316091875
-7.398913e-05
-0.0001295465775
-7.32621975e-05
-7.97437275e-05
-5.04583725e-05
-6.35874175e-05
-4.00783025e-05
-5.826605e-05
-7.31112025e-05
-0.0001191491325
-0.00011701526
-5.64120375e-05
-0.000127160985
-8.33385375e-05
-9.73179825e-05
-0.0001097294375
-0.0001367558625
-8.41184925e-05
-5.7782045e-05
-0.000105459935
-9.137843e-05
-6.339304e-05
-2.091141625e-05
-0.0001624622625
-9.1070975e-05
-9.12786025e-05
-6.2560695e-05
-0.000111658145
-0.00011592543
-8.4435075e-05
-0.000141137205
-8.34010125e-05
-9.27651725e-05
-0.0001764550125
-9.65369375e-05
-0.000164699345
-0.0001183208225
-9.22016e-05
-6.122586e-05
-0.0001201171025
-8.89669575e-05
-6.966279e-05
-9.2947545e-05
-5.80148925e-05
-6.78771225e-05
-4.55892825e-05
-0.0001203760875
-7.47702625e-05
-0.0001307540275
-0.0001505624375
-7.22988e-05
-0.0002123421075
-8.86038525e-05
-8.96307875e-05
-9.99024025e-05
-0.00013150965
-0.000142405415
-0.0001055172225
-0.000114060445
-0.00011564899
-8.980702e-05
-0.000104980515
-0.00015038679
-5.3959485e-05
-0.000102566155
-7.181671e-05
1.198850925e-05
-0.000143621165
-5.14903025e-05
-0.0001696339775
-8.34589175e-05
-0.0001288970725
-7.89999775e-05
-0.0001294329325
-5.643475e-05
-0.0001413127625
-8.29844625e-05
-0.0001447447125
-6.99013525e-05
-9.87935425e-05
-0.000189643095
-0.0001854436125
-0.000170433275
-0.0001037614225
-0.0001585253075
-0.0001334994725
-0.0001285689675
-9.86467475e-05
-4.48938025e-05
-6.99588925e-05
-0.000119323295
-0.000132445255
-8.55562575e-05
-4.28409525e-05
-0.0001337648725
-0.000121311825
-7.75339075e-05
-0.0001086673725
-0.0001068058025
-0.0001201535175
-0.0001162562975
-5.602529e-05
-7.43546625e-05
-6.691486e-05
-9.7967245e-05
-8.1292765e-05
-0.000110952225
-7.98529025e-05
-8.86061775e-05
-0.0001676128975
-7.69013425e-05
-0.00021159168
-0.000148423345
-0.00017333902
-0.000136916775
-8.1981605e-05
-7.40786525e-05
-0.00016761232
-0.00012602594
-0.0001146838625
-0.0001321651625
-9.86245175e-05
-0.0001142122425
-0.0001578310825
-0.0001592390275
-0.0001278718825
-8.48407875e-05
-0.000153706355
-0.0001066644275
-0.000113877465
-0.00012154602
-0.000131838295
-0.00010080485
-0.0001230545875
-0.00012430121
-9.55616775e-05
-0.00017985364
-0.0001433341375
-0.0001710862475
-0.000120088395
-0.0001613257125
-0.0001474667525
-0.0001470761625
-0.000104240665
-0.00017321154
-0.0001558009925
-0.0001559533125
-0.0001600273575
-0.0001702571425
-0.0001866046175
-0.0001467081025
-0.0001725060375
-0.000122433565
-9.2056635e-05
-0.00014736238
-4.65303525e-05
-0.0001311054725
-0.00010157886
-0.0001214571075
-0.0001022689425
-0.0001701535675
-0.00010907415
-0.00018219472
-9.9393135e-05
-0.0001353416225
-0.00010654728
-0.000145044305
-0.000152270295
-0.000104380635
-0.0001197627225
-0.0001231188275
-0.000130766795
-0.0001594858325
-0.000117183
-0.00016751264
-0.0001493211625
-0.0001627509425
-0.00018068721
-0.000135892585
-0.00013649442
-0.000169603845
-0.0001844100375
-0.000113350905
-0.0001391678675
-0.0001326569175
-0.0001930996325
-0.0001874080425
-0.0001786730675
-0.0001582577275
-0.00011675654
-0.0001360429175
-0.000233465995
-0.0001385849075
-0.0001531699825
-2.02246725e-05
-0.0001515173325
-0.0002141937725
-0.0001353071925
-0.0002264662825
-3.94625725e-05
-0.00015850957
-0.00016191001
-0.000221349365
-6.24426175e-05
-0.000108898755
-0.0001626851375
-0.000187117425
-0.0001675625925
-0.00019001345
-0.00018894595
-4.72231875e-05
-0.0002037443275
-0.00019662277
-0.0002073125025
-0.0001614048425
-0.0001437115025
-0.0001588110625
-0.0002031086375
-0.0001525380625
-0.000139754125
-0.000151618285
-9.7696415e-05
-0.00015213749
-0.000218286645
-0.000228797745
-0.00020415879
-0.0001210054825
-0.00024306775
-0.0001645883875
-0.0002266445225
-0.0001589532975
-0.0001524132675
-0.0001742775075
-0.0002056562325
-0.00017890913
-0.0002058926975
-0.0002244720325
-0.0001973649675
-0.0001957278775
-0.0002808151
-0.0001413249175
-0.000222930885
-0.00020950277
-0.0002076798375
-0.00019129607
-0.00015178957
-0.0002136365825
-0.000150967005
-0.0001370769225
-0.000209012175
-0.00018806016
-0.0001763533125
-0.0001841857925
-0.00014429703
-0.0002577779
-0.000265979475
-0.00027691885
-0.0002378750275
-0.000204778405
-0.00026576105
-0.000149071755
-0.0002196227175
-0.0002313215475
-0.00018747509
-0.0001641325475
-0.0001994076475
-0.00024476849
-0.0002484973125
-0.00024253749
-0.000252522475
-0.00019384265
-0.000278529975
-0.000291015525
-0.00017616774
-0.000179273075
-0.000291523825
-0.00015282284
-0.000296131475
-0.00024234929
-0.00021270716
-0.000303011725
-0.0002456350125
-0.000260201375
-0.000212485775
-0.00024135144
-0.000221133365
-0.0002350936625
-0.00029961405
-0.00016389466
-0.0002374873075
-0.0002529933
-0.00021513974
-0.000294077475
-0.00027878835
-0.00024007285
-0.0002060675225
-0.000283788375
-0.000216474095
-0.0003078879
-0.0002544933
-0.0002660406
-0.00035391485
-0.00022795713
-0.0003263719
-0.000233344345
-0.0003551409
-0.0003146873
-0.00020912588
-0.000228722455
-0.00028574205
-0.000174856955
-0.000343390125
-0.00029756885
-0.0002651613
-0.0003409278
-0.0002945715
-0.00033808125
-0.000275573825
-0.000314814325
-0.000387226025
-0.000316355275
-0.000343453375
-0.000290681625
-0.000288512625
-0.000330186075
-0.0002241460625
-0.000348449675
-0.0002733495
-0.0002400280975
-0.00024291851
-0.00029597895
-0.00034432295
-0.0003517664
-0.000353398125
-0.0003536627
-0.00038490835
-0.00032962405
-0.0003906955
-0.0004265715
-0.000426453175
-0.000347622425
-0.000309276425
-0.0002939293
-0.0003259346
-0.0003017419
-0.000375308275
-0.000372598725
-0.000386482375
-0.000352821175
-0.000403867075
-0.00038191215
-0.000420894375
-0.0003214276
-0.0003689094
-0.000422518225
-0.0003594202
-0.00044388665
-0.000413079875
-0.000402716725
-0.0003596118
-0.0003675856
-0.000378776425
-0.00035363775
-0.000351400475
-0.000373226675
-0.00027871305
-0.00044802975
-0.000397204025
-0.000524974975
-0.00037992815
-0.000441946525
-0.000356898025
-0.0003956174
-0.00044615895
-0.000446966025
-0.0004328164
-0.00047259615
-0.000530732225
-0.000475953825
-0.0004740676
-0.000439816475
-0.0005185252
-0.0004898129
-0.00055981265
-0.0005623542
-0.00060157135
-0.0004486048
-0.000582045025
-0.000454201825
-0.000498957175
-0.00051482285
-0.00050966875
-0.0005583917
-0.000473198
-0.000544320875
-0.00063767035
-0.000505329375
-0.00068341795
-0.000550944525
-0.000456179425
-0.00054347015
-0.000502903775
-0.000536304625
-0.000560272475
-0.000576702725
-0.00055617265
-0.000600040825
-0.00059571475
-0.000643754825
-0.000643397725
-0.0005506809
-0.000577464075
-0.00061720505
-0.0005486272
-0.0006075669
-0.000553021225
-0.000628475075
-0.000615180025
-0.00053800145
-0.00073164865
-0.000696356
-0.00070649715
-0.000628481075
-0.0007686276
-0.000726971925
-0.000635368575
-0.000688904375
-0.0007049436
-0.000737838
-0.00072951945
-0.000807216525
-0.000781524275
-0.000769889325
-0.000764113725
-0.00086180925
-0.00081565135
-0.000882486075
-0.000902747675
-0.00080769505
-0.00078435585
-0.0008420925
-0.000844793975
-0.00079854425
-0.0010320403
-0.0008155009
-0.00104551825
-0.000906425225
-0.000965957825
-0.0009556786
-0.000904472275
-0.0009447002
-0.001043229225
-0.000976905175
-0.001000586
-0.001050144275
-0.001057027
-0.001036336425
-0.001222307325
-0.00104253695
-0.001142926525
-0.001134011425
-0.0011191285
-0.001035858775
-0.001139750725
-0.001108804025
-0.001231087525
-0.00118687785
-0.00127692555
-0.00126427345
-0.0013545795
-0.00121031275
-0.001311420575
-0.00138610085
-0.001371643525
-0.001268033525
-0.001349003925
-0.0013119473
-0.0013169431
-0.001334660075
-0.0014672706
-0.0013379838
-0.0014730499
-0.001581071875
-0.00156017305
-0.001432044025
-0.001643109675
-0.001567663875
-0.0015676818
-0.001624447875
-0.001692209025
-0.001631371025
-0.001671481675
-0.001752651375
-0.0017906449
-0.0017970486
-0.002069783825
-0.00188763075
-0.0019209841
-0.0019513382
-0.001982504625
-0.002035112625
-0.002091182375
-0.002070306025
-0.002052358675
-0.002057771275
-0.002275013225
-0.002298172125
-0.00244084825
-0.0023379354
-0.002387402525
-0.00246420805
-0.00244499465
-0.00264222725
-0.00264220575
-0.0026534865
-0.00272763875
-0.002764717
-0.00278081475
-0.002887475
-0.0029505365
-0.00316695825
-0.003208333
-0.003112988
-0.00327426925
-0.00339932625
-0.00343962125
-0.0032354445
-0.00361011275
-0.0036821865
-0.003648945
-0.003843696
-0.0039827955
-0.00402864825
-0.00408494125
-0.00422839375
-0.004320324
-0.00446606525
-0.004415279
-0.004668559
-0.004761656
-0.00480923425
-0.0050669845
-0.00511902875
-0.0053288695
-0.005629229
-0.00571499025
-0.0055575785
-0.006244642
-0.0061738275
-0.00626797125
-0.0065017565
-0.0067737235
-0.00708126575
-0.0072347655
-0.00742468825
-0.0077817225
-0.00788156975
-0.0082493725
-0.008644365
-0.0089206305
-0.009228349
-0.009420775
-0.00968942875
-0.01031917675
-0.01047503425
-0.01112991625
-0.0114477325
-0.01187296325
-0.01237438
-0.0130411685
-0.01311663025
-0.01412395825
-0.01452927425
-0.015583746
-0.015942303
-0.01657829925
-0.0175466685
-0.01824442875
-0.019024378
-0.020194153
-0.0210776605
-0.022363011
-0.02338256875
-0.02449393275
-0.0257267775
-0.027667405
-0.028694275
-0.03073764
-0.0320522875
-0.0338819175
-0.036200145
-0.03816083
-0.0405541975
-0.043470885
-0.046477995
-0.049577245
-0.052574405
-0.05672872
-0.0601967775
-0.06449643
-0.0691389475
-0.0743867525
-0.0797995075
-0.08595801
-0.093130335
-0.10070837
-0.1094436725
-0.1185675325
-0.1282264275
-0.1400065325
-0.152504715
-0.166640795
-0.181871575
-0.1996835825
-0.218727665
-0.2412528625
-0.26565845
-0.294163375
-0.32468665
-0.3613093
-0.401723075
-0.4479591
-0.5
