-1.3348347870786
-1.0775958764014
-0.92942837111318
-0.83013438877214
-0.75649406141431
-0.69795211003717
-0.64925587995932
-0.60752671377898
-0.57104179320964
-0.53868899474965
-0.50970358100185
-0.48353169409982
-0.4597549693651
-0.43804651077616
-0.41814387809254
-0.39983176598672
-0.38293045065846
-0.36728780479982
-0.35277359941525
-0.33927531914619
-0.32669500941826
-0.31494684659827
-0.30395522780654
-0.29365324308228
-0.28398143498419
-0.2748867785308
-0.26632183304252
-0.25824403021711
-0.25061507168192
-0.24340041560459
-0.23656883653201
-0.23009204600757
-0.22394436404739
-0.21810243347947
-0.21254497063415
-0.20725254703298
-0.20220739764065
-0.19739325197779
-0.19279518498531
-0.18839948501321
-0.18419353670422
-0.18016571687032
-0.17630530173391
-0.1726023841344
-0.16904779949361
-0.16563305949657
-0.16235029258282
-0.15919219046127
-0.15615195996279
-0.15322327963136
-0.15040026052909
-0.14767741079503
-0.145049603553
-0.14251204781256
-0.14006026204842
-0.1376900501809
-0.13539747971143
-0.13317886179522
-0.13103073305745
-0.12894983898102
-0.1269331187125
-0.12497769114954
-0.12308084218772
-0.12124001301763
-0.11945278937438
-0.11771689165187
-0.11603016580315
-0.11439057495605
-0.11279619168046
-0.11124519084984
-0.10973584304523
-0.108266508455
-0.10683563122807
-0.10544173424237
-0.10408341425385
-0.10275933739461
-0.10146823499161
-0.10020889968003
-0.098980181787645
-0.097780985968711
-0.096610268067818
-0.095467032195786
-0.094350328001304
-0.09325924812337
-0.092192925810882
-0.091150532696898
-0.09013127671608
-0.089134400154833
-0.088159177824489
-0.087204915348658
-0.086270947556627
-0.085356636975283
-0.084461372412661
-0.083584567626768
-0.0827256600738
-0.08188410973034
-0.081059397984524
-0.0802510265916
-0.079458516689499
-0.078681407870619
-0.077919257305982
-0.077171638918496
-0.076438142602129
-0.075718373484044
-0.075011951227043
-0.074318509369721
-0.073637694702068
-0.07296916667427
-0.072312596836719
-0.071667668309336
-0.071034075278397
-0.070411522519323
-0.069799724943789
-0.069198407169803
-0.068607303113355
-0.068026155600457
-0.06745471599834
-0.066892743864755
-0.066340006614358
-0.065796279201194
-0.065261343816406
-0.064734989600331
-0.064217012368177
-0.063707214348552
-0.063205403934164
-0.062711395444008
-0.062225008896461
-0.061746069792691
-0.061274408909839
-0.060809862103481
-0.06035227011886
-0.059901478410472
-0.059457336969563
-0.05901970015912
-0.058588426556019
-0.058163378799949
-0.057744423448741
-0.057331430839892
-0.056924274957835
-0.056522833306801
-0.056126986788948
-0.055736619587501
-0.055351619054679
-0.054971875604172
-0.054597282607979
-0.054227736297359
-0.053863135667744
-0.053503382387419
-0.053148380709786
-0.052798037389064
-0.052452261599256
-0.052110964856251
-0.051774060942906
-0.051441465836987
-0.051113097641839
-0.050788876519653
-0.050468724627258
-0.05015256605426
-0.049840326763498
-0.049531934533674
-0.049227318904077
-0.048926411121308
-0.048629144087938
-0.048335452313001
-0.048045271864244
-0.047758540322072
-0.047475196735128
-0.047195181577415
-0.046918436706904
-0.0466449053256
-0.046374531940955
-0.046107262328624
-0.045843043496459
-0.045581823649766
-0.04532355215769
-0.04506817952074
-0.044815657339396
-0.044565938283765
-0.044318976064206
-0.044074725402948
-0.043833142006613
-0.043594182539646
-0.043357804598569
-0.043123966687106
-0.042892628192056
-0.042663749359957
-0.042437291274481
-0.042213215834534
-0.041991485733045
-0.041772064436404
-0.041554916164548
-0.041340005871649
-0.041127299227396
-0.040916762598848
-0.040708363032833
-0.040502068238877
-0.04029784657265
-0.040095667019901
-0.039895499180865
-0.039697313255141
-0.039501080027011
-0.039306770851173
-0.039114357638925
-0.038923812844704
-0.038735109453043
-0.038548220965901
-0.038363121390338
-0.038179785226561
-0.037998187456279
-0.037818303531425
-0.037640109363156
-0.037463581311189
-0.037288696173408
-0.03711543117578
-0.036943763962535
-0.036773672586618
-0.036605135500404
-0.036438131546655
-0.036272639949742
-0.036108640307076
-0.035946112580795
-0.035785037089645
-0.035625394501109
-0.035467165823704
-0.035310332399523
-0.035154875896939
-0.03500077830352
-0.034848021919107
-0.034696589349102
-0.034546463497897
-0.034397627562474
-0.034250065026228
-0.034103759652825
-0.033958695480356
-0.033814856815523
-0.033672228228049
-0.033530794545178
-0.033390540846343
-0.033251452457949
-0.033113514948293
-0.032976714122599
-0.032841036018189
-0.032706466899761
-0.032572993254786
-0.032440601789016
-0.032309279422092
-0.032179013283274
-0.032049790707262
-0.031921599230111
-0.031794426585258
-0.031668260699631
-0.031543089689856
-0.031418901858544
-0.03129568569068
-0.031173429850076
-0.031052123175934
-0.030931754679445
-0.03081231354052
-0.03069378910455
-0.030576170879266
-0.03045944853166
-0.030343611884976
-0.030228650915778
-0.030114555751071
-0.030001316665491
-0.029888924078569
-0.029777368552032
-0.02966664078719
-0.029556731622355
-0.029447632030348
-0.029339333116024
-0.029231826113881
-0.029125102385706
-0.029019153418276
-0.028913970821108
-0.028809546324253
-0.028705871776155
-0.028602939141525
-0.028500740499294
-0.028399268040573
-0.028298514066702
-0.028198470987295
-0.028099131318351
-0.028000487680403
-0.02790253279669
-0.027805259491392
-0.027708660687879
-0.02761272940701
-0.027517458765456
-0.027422841974067
-0.027328872336276
-0.027235543246507
-0.02714284818866
-0.027050780734592
-0.026959334542637
-0.026868503356161
-0.02677828100215
-0.026688661389802
-0.02659963850919
-0.026511206429897
-0.026423359299731
-0.026336091343426
-0.026249396861388
-0.026163270228468
-0.026077705892732
-0.025992698374306
-0.025908242264181
-0.025824332223093
-0.025740962980386
-0.025658129332941
-0.02557582614407
-0.025494048342482
-0.025412790921232
-0.025332048936714
-0.025251817507659
-0.025172091814161
-0.02509286709671
-0.025014138655258
-0.024935901848289
-0.024858152091912
-0.024780884858969
-0.02470409567817
-0.024627780133222
-0.024551933861996
-0.024476552555697
-0.024401631958049
-0.024327167864508
-0.024253156121465
-0.024179592625492
-0.024106473322575
-0.024033794207383
-0.023961551322534
-0.023889740757886
-0.023818358649825
-0.023747401180591
-0.02367686457758
-0.023606745112701
-0.023537039101708
-0.023467742903561
-0.023398852919794
-0.023330365593904
-0.023262277410726
-0.02319458489585
-0.023127284615023
-0.023060373173576
-0.022993847215851
-0.02292770342465
-0.022861938520681
-0.022796549262018
-0.022731532443573
-0.022666884896575
-0.022602603488058
-0.022538685120353
-0.022475126730598
-0.02241192529025
-0.022349077804602
-0.022286581312316
-0.022224432884963
-0.022162629626558
-0.022101168673121
-0.022040047192235
-0.021979262382609
-0.021918811473656
-0.021858691725071
-0.021798900426422
-0.02173943489674
-0.021680292484127
-0.021621470565355
-0.021562966545482
-0.021504777857485
-0.021446901961861
-0.021389336346285
-0.021332078525232
-0.021275126039622
-0.021218476456478
-0.021162127368573
-0.021106076394096
-0.021050321176311
-0.020994859383238
-0.020939688707315
-0.020884806865095
-0.020830211596921
-0.020775900666627
-0.02072187186122
-0.020668122990594
-0.02061465188723
-0.020561456405903
-0.020508534423401
-0.020455883838243
-0.0204035025704
-0.020351388561021
-0.020299539772171
-0.020247954186555
-0.020196629807273
-0.020145564657544
-0.020094756780475
-0.020044204238792
-0.019993905114607
-0.019943857509172
-0.019894059542646
-0.019844509353851
-0.019795205100047
-0.019746144956711
-0.019697327117295
-0.019648749793025
-0.019600411212667
-0.019552309622328
-0.019504443285228
-0.019456810481508
-0.01940940950801
-0.019362238678087
-0.019315296321398
-0.019268580783706
-0.019222090426698
-0.019175823627784
-0.01912977877991
-0.019083954291377
-0.019038348585654
-0.018992960101199
-0.018947787291281
-0.018902828623808
-0.018858082581148
-0.018813547659974
-0.018769222371067
-0.018725105239184
-0.018681194802875
-0.018637489614327
-0.018593988239201
-0.018550689256488
-0.01850759125834
-0.018464692849928
-0.01842199264929
-0.018379489287177
-0.01833718140692
-0.018295067664269
-0.018253146727267
-0.0182114172761
-0.018169878002964
-0.018128527611927
-0.018087364818796
-0.018046388350981
-0.018005596947366
-0.017964989358184
-0.017924564344888
-0.017884320680016
-0.017844257147082
-0.017804372540447
-0.017764665665198
-0.017725135337025
-0.017685780382113
-0.01764659963702
-0.017607591948567
-0.017568756173712
-0.017530091179471
-0.017491595842759
-0.017453269050325
-0.017415109698626
-0.017377116693726
-0.017339288951188
-0.01730162539597
-0.017264124962333
-0.017226786593731
-0.017189609242718
-0.017152591870844
-0.017115733448566
-0.017079032955148
-0.017042489378567
-0.017006101715425
-0.016969868970854
-0.016933790158423
-0.016897864300055
-0.01686209042593
-0.016826467574413
-0.016790994791948
-0.016755671132987
-0.016720495659909
-0.016685467442923
-0.01665058556
-0.016615849096785
-0.016581257146518
-0.016546808809958
-0.016512503195305
-0.016478339418121
-0.016444316601253
-0.016410433874765
-0.016376690375857
-0.016343085248793
-0.016309617644836
-0.016276286722163
-0.016243091645812
-0.016210031587594
-0.016177105726043
-0.01614431324633
-0.016111653340211
-0.016079125205951
-0.016046728048264
-0.016014461078245
-0.015982323513311
-0.015950314577129
-0.015918433499561
-0.015886679516605
-0.015855051870324
-0.015823549808796
-0.015792172586047
-0.015760919461995
-0.015729789702396
-0.01569878257878
-0.015667897368398
-0.015637133354166
-0.01560648982461
-0.015575966073804
-0.015545561401335
-0.015515275112225
-0.015485106516893
-0.015455054931103
-0.015425119675906
-0.015395300077595
-0.01536559546765
-0.015336005182687
-0.015306528564419
-0.015277164959594
-0.015247913719956
-0.015218774202192
-0.01518974576789
-0.015160827783486
-0.015132019620226
-0.015103320654116
-0.015074730265873
-0.015046247840889
-0.015017872769183
-0.014989604445354
-0.014961442268548
-0.014933385642402
-0.014905433975015
-0.014877586678896
-0.014849843170932
-0.014822202872342
-0.014794665208634
-0.014767229609573
-0.014739895509139
-0.014712662345482
-0.014685529560896
-0.014658496601764
-0.014631562918539
-0.014604727965695
-0.014577991201691
-0.01455135208894
-0.01452481009377
-0.014498364686383
-0.014472015340833
-0.014445761534979
-0.014419602750455
-0.014393538472638
-0.01436756819061
-0.014341691397129
-0.014315907588593
-0.01429021626501
-0.014264616929961
-0.014239109090573
-0.014213692257488
-0.01418836594483
-0.014163129670165
-0.014137982954492
-0.014112925322189
-0.014087956301
-0.014063075421998
-0.014038282219557
-0.014013576231321
-0.013988956998181
-0.01396442406424
-0.013939976976791
-0.013915615286283
-0.013891338546299
-0.013867146313524
-0.013843038147723
-0.013819013611711
-0.013795072271328
-0.01377121369541
-0.013747437455769
-0.013723743127162
-0.01370013028727
-0.013676598516664
-0.013653147398798
-0.013629776519964
-0.01360648546928
-0.013583273838665
-0.013560141222812
-0.013537087219164
-0.013514111427894
-0.013491213451881
-0.013468392896686
-0.013445649370531
-0.013422982484272
-0.013400391851384
-0.013377877087937
-0.013355437812566
-0.013333073646464
-0.013310784213347
-0.013288569139444
-0.013266428053468
-0.013244360586598
-0.013222366372462
-0.013200445047111
-0.013178596249004
-0.013156819618983
-0.01313511480026
-0.013113481438392
-0.013091919181263
-0.013070427679067
-0.013049006584286
-0.013027655551673
-0.013006374238235
-0.012985162303215
-0.012964019408065
-0.012942945216443
-0.012921939394181
-0.01290100160928
-0.012880131531875
-0.012859328834243
-0.012838593190765
-0.012817924277909
-0.012797321774233
-0.012776785360345
-0.012756314718902
-0.012735909534588
-0.012715569494094
-0.012695294286114
-0.012675083601318
-0.012654937132333
-0.012634854573748
-0.012614835622072
-0.012594879975739
-0.012574987335084
-0.012555157402327
-0.012535389881564
-0.012515684478747
-0.012496040901672
-0.012476458859966
-0.012456938065064
-0.012437478230211
-0.012418079070432
-0.012398740302525
-0.012379461645051
-0.012360242818312
-0.012341083544345
-0.012321983546903
-0.012302942551446
-0.012283960285124
-0.012265036476768
-0.012246170856875
-0.012227363157591
-0.01220861311271
-0.012189920457651
-0.012171284929445
-0.012152706266734
-0.01213418420974
-0.01211571850028
-0.012097308881722
-0.012078955099002
-0.01206065689859
-0.012042414028494
-0.01202422623824
-0.012006093278862
-0.011988014902897
-0.011969990864357
-0.011952020918746
-0.011934104823013
-0.011916242335574
-0.011898433216283
-0.011880677226426
-0.011862974128708
-0.011845323687247
-0.011827725667563
-0.011810179836556
-0.011792685962518
-0.0117752438151
-0.011757853165318
-0.011740513785536
-0.011723225449457
-0.011705987932108
-0.011688801009844
-0.011671664460328
-0.011654578062514
-0.011637541596659
-0.011620554844299
-0.011603617588237
-0.011586729612539
-0.011569890702533
-0.01155310064478
-0.011536359227086
-0.011519666238481
-0.011503021469209
-0.011486424710727
-0.011469875755695
-0.011453374397956
-0.011436920432544
-0.011420513655667
-0.011404153864695
-0.011387840858158
-0.011371574435738
-0.011355354398257
-0.011339180547671
-0.011323052687056
-0.011306970620615
-0.011290934153655
-0.011274943092584
-0.011258997244904
-0.011243096419208
-0.011227240425161
-0.011211429073501
-0.011195662176034
-0.011179939545612
-0.011164260996149
-0.011148626342586
-0.011133035400912
-0.01111748798813
-0.01110198392227
-0.011086523022375
-0.011071105108488
-0.011055730001656
-0.011040397523915
-0.011025107498285
-0.011009859748766
-0.010994654100329
-0.010979490378909
-0.010964368411396
-0.010949288025638
-0.010934249050421
-0.010919251315475
-0.010904294651456
-0.010889378889949
-0.01087450386346
-0.010859669405403
-0.010844875350107
-0.010830121532787
-0.010815407789569
-0.010800733957459
-0.010786099874344
-0.010771505378992
-0.010756950311037
-0.010742434510984
-0.010727957820189
-0.010713520080869
-0.010699121136082
-0.010684760829727
-0.01067043900655
-0.010656155512113
-0.010641910192812
-0.010627702895858
-0.010613533469282
-0.010599401761918
-0.010585307623402
-0.010571250904172
-0.010557231455457
-0.010543249129275
-0.010529303778423
-0.010515395256477
-0.010501523417784
-0.010487688117458
-0.010473889211377
-0.01046012655617
-0.010446400009224
-0.010432709428671
-0.010419054673382
-0.010405435602968
-0.010391852077774
-0.010378303958867
-0.010364791108042
-0.010351313387809
-0.010337870661395
-0.010324462792733
-0.01031108964646
-0.010297751087914
-0.010284446983128
-0.010271177198827
-0.010257941602418
-0.010244740061995
-0.010231572446327
-0.010218438624858
-0.010205338467695
-0.010192271845618
-0.010179238630061
-0.010166238693118
-0.010153271907532
-0.010140338146696
-0.010127437284646
-0.010114569196056
-0.010101733756239
-0.010088930841137
-0.010076160327316
-0.010063422091976
-0.010050716012927
-0.010038041968597
-0.010025399838028
-0.01001278950087
-0.010000210837374
-0.0099876637283945
-0.0099751480553813
-0.0099626637003783
-0.0099502105460129
-0.0099377884755121
-0.0099253973726683
-0.0099130371218631
-0.0099007076080476
-0.0098884087167449
-0.0098761403340485
-0.0098639023466132
-0.0098516946416544
-0.0098395171069463
-0.0098273696308149
-0.0098152521021388
-0.0098031644103424
-0.0097911064453914
-0.0097790780977965
-0.0097670792585983
-0.0097551098193793
-0.0097431696722478
-0.0097312587098376
-0.0097193768253083
-0.0097075239123482
-0.0096956998651427
-0.0096839045784149
-0.0096721379473835
-0.009660399867781
-0.0096486902358457
-0.0096370089483149
-0.0096253559024285
-0.0096137309959201
-0.0096021341270182
-0.0095905651944376
-0.0095790240973809
-0.0095675107355419
-0.0095560250090879
-0.0095445668186658
-0.0095331360654027
-0.0095217326508907
-0.0095103564771985
-0.0094990074468595
-0.0094876854628712
-0.0094763904286919
-0.0094651222482408
-0.0094538808258913
-0.0094426660664713
-0.0094314778752599
-0.0094203161579794
-0.0094091808208046
-0.0093980717703495
-0.0093869889136679
-0.009375932158252
-0.0093649014120291
-0.009353896583357
-0.0093429175810269
-0.0093319643142546
-0.0093210366926811
-0.0093101346263711
-0.0092992580258085
-0.0092884068018943
-0.0092775808659448
-0.00926678012969
-0.0092560045052673
-0.0092452539052252
-0.009234528242516
-0.0092238274304952
-0.0092131513829203
-0.0092025000139456
-0.0091918732381226
-0.0091812709703961
-0.0091706931261045
-0.0091601396209736
-0.0091496103711165
-0.0091391052930293
-0.0091286243035982
-0.009118167320081
-0.0091077342601192
-0.0090973250417293
-0.0090869395833012
-0.009076577803598
-0.009066239621749
-0.0090559249572605
-0.0090456337299921
-0.0090353658601761
-0.0090251212684014
-0.0090148998756185
-0.0090047016031361
-0.0089945263726168
-0.0089843741060767
-0.0089742447258805
-0.0089641381547521
-0.0089540543157512
-0.00894399313229
-0.0089339545281208
-0.0089239384273409
-0.0089139447543848
-0.0089039734340256
-0.0088940243913725
-0.0088840975518712
-0.0088741928412897
-0.0088643101857425
-0.0088544495116608
-0.0088446107458027
-0.0088347938152572
-0.0088249986474335
-0.008815225170065
-0.0088054733111967
-0.0087957429991966
-0.0087860341627515
-0.0087763467308605
-0.0087666806328292
-0.0087570357982844
-0.0087474121571555
-0.0087378096396795
-0.0087282281764008
-0.00871866769817
-0.0087091281361339
-0.0086996094217439
-0.0086901114867551
-0.0086806342632124
-0.0086711776834581
-0.0086617416801327
-0.0086523261861665
-0.0086429311347816
-0.0086335564594893
-0.0086242020940887
-0.008614867972666
-0.0086055540295923
-0.0085962601995222
-0.0085869864173879
-0.0085777326184102
-0.0085684987380799
-0.0085592847121716
-0.008550090476734
-0.0085409159680862
-0.0085317611228258
-0.0085226258778173
-0.0085135101701998
-0.0085044139373764
-0.0084953371170157
-0.0084862796470613
-0.0084772414657105
-0.0084682225114282
-0.0084592227229434
-0.0084502420392387
-0.0084412803995595
-0.0084323377434095
-0.0084234140105431
-0.0084145091409753
-0.0084056230749722
-0.0083967557530499
-0.0083879071159761
-0.0083790771047682
-0.0083702656606925
-0.0083614727252605
-0.0083526982402291
-0.0083439421476001
-0.0083352043896168
-0.0083264849087648
-0.0083177836477719
-0.0083091005496002
-0.0083004355574533
-0.0082917886147724
-0.0082831596652284
-0.0082745486527314
-0.0082659555214242
-0.0082573802156775
-0.0082488226800961
-0.0082402828595115
-0.0082317606989859
-0.0082232561438057
-0.0082147691394856
-0.0082062996317616
-0.0081978475665981
-0.0081894128901754
-0.0081809955489
-0.0081725954893965
-0.0081642126585084
-0.0081558470032972
-0.0081474984710387
-0.0081391670092291
-0.0081308525655753
-0.0081225550879969
-0.0081142745246308
-0.0081060108238188
-0.0080977639341165
-0.0080895338042874
-0.0080813203833029
-0.0080731236203412
-0.0080649434647873
-0.0080567798662314
-0.0080486327744636
-0.0080405021394815
-0.0080323879114829
-0.0080242900408647
-0.0080162084782259
-0.0080081431743622
-0.0080000940802684
-0.007992061147135
-0.0079840443263484
-0.0079760435694904
-0.0079680588283377
-0.0079600900548561
