-9.55343 7.53188e-05 0.893148
-8.73344 9.8207e-05 0.746832
-8.04314 0.000125243 0.63376
-7.45398 0.000156841 0.544569
-6.9452 0.000193125 0.472977
-6.50139 0.000234534 0.414639
-6.11084 0.000281513 0.366474
-5.76448 0.000334386 0.326247
-5.4552 0.000393414 0.292304
-5.17735 0.000458868 0.263401
-4.92636 0.000531055 0.238587
-4.6985 0.000610311 0.217125
-4.49072 0.000696986 0.198439
-4.30046 0.000791418 0.182068
-4.12561 0.000893934 0.167647
-3.96435 0.00100485 0.154876
-3.81515 0.00112447 0.143513
-3.67671 0.00125309 0.133359
-3.54791 0.00139104 0.124249
-3.42776 0.00153863 0.116043
-3.31543 0.00169618 0.108626
-3.21017 0.00186404 0.1019
-3.11133 0.00204253 0.0957816
-3.01834 0.002232 0.0902
-2.93069 0.00243281 0.085094
-2.84794 0.00264528 0.0804111
-2.76968 0.00286976 0.0761058
-2.69556 0.00310658 0.0721386
-2.62525 0.00335607 0.068475
-2.55847 0.00361855 0.0650848
-2.49496 0.00389433 0.0619414
-2.43447 0.00418374 0.0590214
-2.37681 0.00448706 0.0563042
-2.32177 0.0048046 0.0537715
-2.26918 0.00513666 0.0514068
-2.21888 0.00548352 0.0491957
-2.17072 0.00584547 0.047125
-2.12457 0.00622281 0.0451833
-2.0803 0.0066158 0.04336
-2.03779 0.00702474 0.0416456
-1.99696 0.0074499 0.0400317
-1.95769 0.00789156 0.0385105
-1.91989 0.00835 0.0370751
-1.8835 0.0088255 0.0357191
-1.84842 0.00931833 0.0344369
-1.81459 0.00982877 0.033223
-1.78194 0.0103571 0.0320729
-1.75041 0.0109036 0.030982
-1.71995 0.0114685 0.0299465
-1.69049 0.0120521 0.0289625
-1.662 0.0126547 0.0280267
-1.63442 0.0132766 0.0271361
-1.60771 0.013918 0.0262878
-1.58182 0.0145791 0.0254791
-1.55673 0.0152604 0.0247077
-1.53239 0.0159619 0.0239711
-1.50877 0.016684 0.0232675
-1.48584 0.017427 0.0225949
-1.46357 0.0181911 0.0219513
-1.44192 0.0189765 0.0213353
-1.42088 0.0197835 0.0207453
-1.40042 0.0206124 0.0201798
-1.38051 0.0214634 0.0196374
-1.36113 0.0223368 0.019117
-1.34227 0.0232327 0.0186174
-1.32389 0.0241515 0.0181374
-1.30598 0.0250934 0.0176761
-1.28853 0.0260585 0.0172325
-1.27151 0.0270472 0.0168057
-1.25491 0.0280596 0.0163948
-1.23871 0.0290959 0.0159992
-1.2229 0.0301565 0.015618
-1.20747 0.0312414 0.0152505
-1.19239 0.0323509 0.0148962
-1.17767 0.0334852 0.0145543
-1.16328 0.0346444 0.0142243
-1.14922 0.0358289 0.0139057
-1.13546 0.0370387 0.0135979
-1.12201 0.038274 0.0133005
-1.10886 0.0395351 0.0130129
-1.09598 0.040822 0.0127349
-1.08338 0.0421351 0.0124659
-1.07105 0.0434743 0.0122055
-1.05897 0.0448399 0.0119535
-1.04714 0.046232 0.0117094
-1.03555 0.0476508 0.0114729
-1.02419 0.0490964 0.0112437
-1.01305 0.0505689 0.0110215
-1.00214 0.0520686 0.0108061
-0.99144 0.0535954 0.0105971
-0.980944 0.0551495 0.0103943
-0.970648 0.0567311 0.0101974
-0.960546 0.0583402 0.0100063
-0.950633 0.059977 0.0098207
-0.940902 0.0616415 0.0096404
-0.931349 0.0633339 0.00946519
-0.921969 0.0650542 0.00929488
-0.912757 0.0668025 0.00912931
-0.903708 0.0685789 0.00896829
-0.894818 0.0703834 0.00881166
-0.886083 0.0722162 0.00865925
-0.877498 0.0740773 0.00851093
-0.869059 0.0759666 0.00836654
-0.860763 0.0778844 0.00822596
-0.852605 0.0798307 0.00808903
-0.844583 0.0818054 0.00795565
-0.836692 0.0838086 0.00782569
-0.82893 0.0858404 0.00769903
-0.821293 0.0879007 0.00757556
-0.813777 0.0899897 0.00745518
-0.806381 0.0921072 0.00733779
-0.7991 0.0942534 0.00722328
-0.791933 0.0964281 0.00711156
-0.784876 0.0986315 0.00700255
-0.777927 0.100864 0.00689616
-0.771082 0.103124 0.0067923
-0.764341 0.105413 0.00669089
-0.757699 0.107731 0.00659186
-0.751156 0.110078 0.00649514
-0.744708 0.112452 0.00640065
-0.738353 0.114856 0.00630833
-0.73209 0.117288 0.00621811
-0.725916 0.119748 0.00612992
-0.719829 0.122237 0.00604371
-0.713828 0.124754 0.00595942
-0.70791 0.127299 0.00587699
-0.702073 0.129872 0.00579637
-0.696316 0.132474 0.0057175
-0.690637 0.135104 0.00564034
-0.685034 0.137761 0.00556484
-0.679507 0.140447 0.00549094
-0.674052 0.14316 0.00541861
-0.668669 0.145902 0.0053478
-0.663355 0.148671 0.00527847
-0.658111 0.151467 0.00521057
-0.652934 0.154291 0.00514408
-0.647822 0.157143 0.00507894
-0.642775 0.160022 0.00501513
-0.637791 0.162928 0.0049526
-0.632869 0.165861 0.00489134
-0.628008 0.168821 0.00483129
-0.623206 0.171808 0.00477243
-0.618463 0.174822 0.00471473
-0.613776 0.177862 0.00465815
-0.609146 0.180929 0.00460268
-0.60457 0.184023 0.00454827
-0.600049 0.187142 0.00449491
-0.59558 0.190288 0.00444257
-0.591163 0.19346 0.00439122
-0.586797 0.196658 0.00434084
-0.582481 0.199881 0.0042914
-0.578214 0.20313 0.00424288
-0.573995 0.206404 0.00419525
-0.569823 0.209704 0.0041485
-0.565697 0.213029 0.00410261
-0.561617 0.216378 0.00405755
-0.557582 0.219753 0.0040133
-0.55359 0.223152 0.00396985
-0.549642 0.226576 0.00392718
-0.545735 0.230024 0.00388526
-0.541871 0.233496 0.00384408
-0.538047 0.236992 0.00380363
-0.534263 0.240512 0.00376388
-0.530519 0.244056 0.00372482
-0.526813 0.247623 0.00368644
-0.523146 0.251213 0.00364871
-0.519515 0.254827 0.00361163
-0.515922 0.258463 0.00357518
-0.512365 0.262122 0.00353935
-0.508843 0.265804 0.00350411
-0.505356 0.269508 0.00346947
-0.501904 0.273235 0.0034354
-0.498485 0.276983 0.0034019
-0.4951 0.280753 0.00336894
-0.491747 0.284545 0.00333653
-0.488426 0.288358 0.00330464
-0.485137 0.292192 0.00327328
-0.48188 0.296048 0.00324241
-0.478652 0.299924 0.00321204
-0.475455 0.303821 0.00318216
-0.472288 0.307738 0.00315275
-0.469149 0.311675 0.00312381
-0.46604 0.315633 0.00309532
-0.462959 0.31961 0.00306728
-0.459905 0.323607 0.00303967
-0.456879 0.327623 0.00301249
-0.45388 0.331658 0.00298573
-0.450907 0.335713 0.00295938
-0.447961 0.339786 0.00293344
-0.44504 0.343877 0.00290789
-0.442145 0.347987 0.00288272
-0.439275 0.352115 0.00285794
-0.436429 0.356261 0.00283352
-0.433607 0.360424 0.00280947
-0.43081 0.364605 0.00278578
-0.428036 0.368803 0.00276244
-0.425285 0.373018 0.00273944
-0.422557 0.37725 0.00271678
-0.419851 0.381499 0.00269446
-0.417168 0.385763 0.00267245
-0.414506 0.390044 0.00265077
-0.411866 0.394341 0.00262939
-0.409247 0.398653 0.00260833
-0.406649 0.402981 0.00258756
-0.404072 0.407323 0.00256709
-0.401515 0.411681 0.00254691
-0.398978 0.416054 0.00252701
-0.396461 0.420441 0.0025074
-0.393963 0.424842 0.00248806
-0.391484 0.429257 0.00246899
-0.389025 0.433686 0.00245018
-0.386584 0.438129 0.00243163
-0.384161 0.442585 0.00241334
-0.381757 0.447054 0.0023953
-0.379371 0.451536 0.00237751
-0.377002 0.45603 0.00235995
-0.374651 0.460537 0.00234264
-0.372317 0.465056 0.00232556
-0.369999 0.469587 0.00230871
-0.367699 0.47413 0.00229208
-0.365415 0.478684 0.00227568
-0.363148 0.483249 0.00225949
-0.360896 0.487825 0.00224352
-0.35866 0.492412 0.00222776
-0.35644 0.49701 0.00221221
-0.354236 0.501617 0.00219686
-0.352047 0.506235 0.00218172
-0.349872 0.510863 0.00216676
-0.347713 0.5155 0.00215201
-0.345568 0.520146 0.00213744
-0.343438 0.524801 0.00212306
-0.341322 0.529465 0.00210887
-0.33922 0.534138 0.00209485
-0.337132 0.538819 0.00208102
-0.335058 0.543509 0.00206736
-0.332997 0.548206 0.00205387
-0.33095 0.55291 0.00204056
-0.328916 0.557622 0.00202741
-0.326895 0.562341 0.00201442
-0.324887 0.567068 0.0020016
-0.322892 0.5718 0.00198894
-0.320909 0.576539 0.00197644
-0.318939 0.581285 0.00196408
-0.316981 0.586036 0.00195189
-0.315035 0.590793 0.00193984
-0.313101 0.595555 0.00192794
-0.311179 0.600323 0.00191618
-0.309269 0.605096 0.00190457
-0.30737 0.609873 0.0018931
-0.305483 0.614655 0.00188177
-0.303606 0.619441 0.00187057
-0.301741 0.624231 0.00185951
-0.299887 0.629025 0.00184858
-0.298044 0.633822 0.00183779
-0.296212 0.638623 0.00182712
-0.29439 0.643427 0.00181658
-0.292578 0.648234 0.00180616
-0.290777 0.653043 0.00179587
-0.288987 0.657854 0.0017857
-0.287206 0.662668 0.00177565
-0.285435 0.667483 0.00176571
-0.283675 0.672301 0.0017559
-0.281923 0.677119 0.00174619
-0.280182 0.681939 0.0017366
-0.27845 0.686759 0.00172713
-0.276728 0.691581 0.00171776
-0.275015 0.696403 0.0017085
-0.273311 0.701224 0.00169934
-0.271616 0.706046 0.0016903
-0.26993 0.710868 0.00168135
-0.268253 0.715689 0.00167251
-0.266585 0.72051 0.00166377
-0.264926 0.725329 0.00165513
-0.263275 0.730147 0.00164659
-0.261632 0.734964 0.00163814
-0.259998 0.73978 0.00162979
-0.258373 0.744593 0.00162154
-0.256755 0.749404 0.00161337
-0.255146 0.754213 0.0016053
-0.253545 0.759019 0.00159732
-0.251951 0.763822 0.00158943
-0.250366 0.768623 0.00158163
-0.248788 0.77342 0.00157391
-0.247218 0.778213 0.00156628
-0.245655 0.783003 0.00155874
-0.2441 0.787789 0.00155128
-0.242553 0.79257 0.0015439
-0.241012 0.797348 0.0015366
-0.239479 0.80212 0.00152939
-0.237954 0.806888 0.00152225
-0.236435 0.81165 0.00151519
-0.234923 0.816408 0.00150821
-0.233418 0.821159 0.00150131
-0.231921 0.825905 0.00149448
-0.230429 0.830645 0.00148773
-0.228945 0.835378 0.00148105
-0.227467 0.840106 0.00147444
-0.225996 0.844826 0.0014679
-0.224531 0.84954 0.00146144
-0.223073 0.854246 0.00145504
-0.221621 0.858945 0.00144872
-0.220176 0.863637 0.00144246
-0.218736 0.86832 0.00143627
-0.217303 0.872996 0.00143015
-0.215876 0.877664 0.00142409
-0.214455 0.882323 0.0014181
-0.21304 0.886973 0.00141218
-0.211631 0.891615 0.00140631
-0.210227 0.896247 0.00140051
-0.20883 0.90087 0.00139477
-0.207438 0.905484 0.0013891
-0.206051 0.910088 0.00138348
-0.204671 0.914682 0.00137793
-0.203295 0.919266 0.00137243
-0.201926 0.923839 0.00136699
-0.200561 0.928402 0.00136161
-0.199202 0.932954 0.00135629
-0.197849 0.937495 0.00135103
-0.1965 0.942025 0.00134582
-0.195157 0.946544 0.00134066
-0.193819 0.95105 0.00133556
-0.192486 0.955545 0.00133052
-0.191158 0.960028 0.00132553
-0.189835 0.964499 0.00132059
-0.188517 0.968957 0.0013157
-0.187203 0.973403 0.00131087
-0.185895 0.977836 0.00130609
-0.184591 0.982256 0.00130135
-0.183292 0.986662 0.00129667
-0.181998 0.991055 0.00129204
-0.180708 0.995434 0.00128746
-0.179423 0.9998 0.00128292
-0.178142 1.00415 0.00127844
-0.176866 1.00849 0.001274
-0.175594 1.01281 0.00126961
-0.174327 1.01712 0.00126526
-0.173064 1.02141 0.00126096
-0.171805 1.02569 0.00125671
-0.17055 1.02995 0.0012525
-0.1693 1.0342 0.00124834
-0.168054 1.03843 0.00124422
-0.166811 1.04265 0.00124015
-0.165573 1.04685 0.00123611
-0.164339 1.05103 0.00123212
-0.163109 1.0552 0.00122818
-0.161883 1.05935 0.00122427
-0.16066 1.06349 0.00122041
-0.159442 1.0676 0.00121659
-0.158227 1.0717 0.00121281
-0.157016 1.07579 0.00120907
-0.155809 1.07985 0.00120537
-0.154606 1.0839 0.00120171
-0.153406 1.08793 0.00119809
-0.152209 1.09194 0.00119451
-0.151017 1.09594 0.00119097
-0.149827 1.09991 0.00118746
-0.148642 1.10387 0.00118399
-0.147459 1.10781 0.00118056
-0.14628 1.11173 0.00117717
-0.145105 1.11563 0.00117382
-0.143933 1.11951 0.0011705
-0.142764 1.12337 0.00116721
-0.141598 1.12721 0.00116397
-0.140436 1.13103 0.00116075
-0.139277 1.13483 0.00115758
-0.138121 1.13862 0.00115444
-0.136968 1.14238 0.00115133
-0.135818 1.14612 0.00114826
-0.134671 1.14984 0.00114522
-0.133528 1.15354 0.00114221
-0.132387 1.15722 0.00113924
-0.131249 1.16088 0.0011363
-0.130114 1.16451 0.0011334
-0.128982 1.16813 0.00113052
-0.127853 1.17172 0.00112768
-0.126727 1.17529 0.00112487
-0.125604 1.17884 0.0011221
-0.124483 1.18237 0.00111935
-0.123365 1.18588 0.00111664
-0.12225 1.18936 0.00111395
-0.121137 1.19282 0.0011113
-0.120027 1.19626 0.00110868
-0.11892 1.19968 0.00110608
-0.117815 1.20307 0.00110352
-0.116712 1.20644 0.00110099
-0.115613 1.20978 0.00109849
-0.114516 1.21311 0.00109601
-0.113421 1.21641 0.00109357
-0.112328 1.21968 0.00109115
-0.111238 1.22293 0.00108877
-0.110151 1.22616 0.00108641
-0.109066 1.22937 0.00108408
-0.107983 1.23254 0.00108177
-0.106902 1.2357 0.0010795
-0.105824 1.23883 0.00107725
-0.104747 1.24194 0.00107503
-0.103674 1.24502 0.00107284
-0.102602 1.24807 0.00107067
-0.101532 1.2511 0.00106853
-0.100465 1.25411 0.00106642
-0.0993993 1.25709 0.00106433
-0.098336 1.26004 0.00106227
-0.0972748 1.26297 0.00106024
-0.0962155 1.26588 0.00105823
-0.0951583 1.26876 0.00105625
-0.094103 1.27161 0.00105429
-0.0930497 1.27443 0.00105236
-0.0919983 1.27723 0.00105046
-0.0909488 1.28001 0.00104858
-0.0899011 1.28275 0.00104672
-0.0888553 1.28547 0.00104489
-0.0878113 1.28817 0.00104308
-0.0867692 1.29083 0.0010413
-0.0857287 1.29347 0.00103954
-0.0846901 1.29609 0.00103781
-0.0836531 1.29867 0.0010361
-0.0826179 1.30123 0.00103441
-0.0815843 1.30376 0.00103275
-0.0805523 1.30626 0.00103111
-0.079522 1.30874 0.00102949
-0.0784933 1.31119 0.0010279
-0.0774662 1.31361 0.00102633
-0.0764407 1.316 0.00102478
-0.0754167 1.31836 0.00102326
-0.0743941 1.3207 0.00102176
-0.0733731 1.32301 0.00102028
-0.0723536 1.32529 0.00101883
-0.0713355 1.32754 0.00101739
-0.0703188 1.32976 0.00101598
-0.0693035 1.33196 0.00101459
-0.0682896 1.33412 0.00101323
-0.067277 1.33626 0.00101188
-0.0662658 1.33837 0.00101056
-0.0652559 1.34045 0.00100926
-0.0642473 1.3425 0.00100798
-0.0632399 1.34452 0.00100672
-0.0622338 1.34651 0.00100548
-0.0612289 1.34847 0.00100427
-0.0602253 1.3504 0.00100307
-0.0592228 1.35231 0.0010019
-0.0582215 1.35418 0.00100075
-0.0572213 1.35602 0.000999618
-0.0562222 1.35784 0.000998507
-0.0552242 1.35962 0.000997418
-0.0542274 1.36138 0.000996349
-0.0532315 1.3631 0.0009953
-0.0522368 1.3648 0.000994273
-0.051243 1.36646 0.000993265
-0.0502502 1.3681 0.000992278
-0.0492584 1.3697 0.000991311
-0.0482676 1.37127 0.000990364
-0.0472777 1.37282 0.000989438
-0.0462887 1.37433 0.000988531
-0.0453006 1.37581 0.000987645
-0.0443134 1.37726 0.000986778
-0.043327 1.37868 0.000985931
-0.0423415 1.38008 0.000985104
-0.0413568 1.38144 0.000984297
-0.0403729 1.38276 0.000983509
-0.0393898 1.38406 0.000982741
-0.0384074 1.38533 0.000981992
-0.0374258 1.38657 0.000981263
-0.0364449 1.38777 0.000980553
-0.0354647 1.38894 0.000979862
-0.0344852 1.39009 0.000979191
-0.0335063 1.3912 0.000978539
-0.0325281 1.39228 0.000977906
-0.0315505 1.39333 0.000977292
-0.0305735 1.39435 0.000976698
-0.0295971 1.39533 0.000976122
-0.0286212 1.39629 0.000975566
-0.0276459 1.39721 0.000975028
-0.0266712 1.3981 0.000974509
-0.0256969 1.39897 0.000974009
-0.0247231 1.39979 0.000973528
-0.0237498 1.40059 0.000973066
-0.022777 1.40136 0.000972623
-0.0218046 1.40209 0.000972198
-0.0208326 1.40279 0.000971792
-0.019861 1.40346 0.000971405
-0.0188898 1.4041 0.000971036
-0.0179189 1.40471 0.000970686
-0.0169484 1.40529 0.000970354
-0.0159782 1.40583 0.000970041
-0.0150083 1.40634 0.000969747
-0.0140387 1.40682 0.000969471
-0.0130693 1.40727 0.000969214
-0.0121002 1.40769 0.000968975
-0.0111314 1.40807 0.000968754
-0.0101627 1.40842 0.000968552
-0.00919427 1.40874 0.000968368
-0.00822598 1.40903 0.000968203
-0.00725785 1.40929 0.000968056
-0.00628986 1.40951 0.000967928
-0.00532199 1.4097 0.000967818
-0.00435422 1.40986 0.000967726
-0.00338653 1.40999 0.000967653
-0.0024189 1.41009 0.000967598
-0.00145132 1.41015 0.000967561
-0.000483771 1.41018 0.000967543
0.000483771 1.41018 0.000967543
0.00145132 1.41015 0.000967561
0.0024189 1.41009 0.000967598
0.00338653 1.40999 0.000967653
0.00435422 1.40986 0.000967726
0.00532199 1.4097 0.000967818
0.00628986 1.40951 0.000967928
0.00725785 1.40929 0.000968056
0.00822598 1.40903 0.000968203
0.00919427 1.40874 0.000968368
0.0101627 1.40842 0.000968552
0.0111314 1.40807 0.000968754
0.0121002 1.40769 0.000968975
0.0130693 1.40727 0.000969214
0.0140387 1.40682 0.000969471
0.0150083 1.40634 0.000969747
0.0159782 1.40583 0.000970041
0.0169484 1.40529 0.000970354
0.0179189 1.40471 0.000970686
0.0188898 1.4041 0.000971036
0.019861 1.40346 0.000971405
0.0208326 1.40279 0.000971792
0.0218046 1.40209 0.000972198
0.022777 1.40136 0.000972623
0.0237498 1.40059 0.000973066
0.0247231 1.39979 0.000973528
0.0256969 1.39897 0.000974009
0.0266712 1.3981 0.000974509
0.0276459 1.39721 0.000975028
0.0286212 1.39629 0.000975566
0.0295971 1.39533 0.000976122
0.0305735 1.39435 0.000976698
0.0315505 1.39333 0.000977292
0.0325281 1.39228 0.000977906
0.0335063 1.3912 0.000978539
0.0344852 1.39009 0.000979191
0.0354647 1.38894 0.000979862
0.0364449 1.38777 0.000980553
0.0374258 1.38657 0.000981263
0.0384074 1.38533 0.000981992
0.0393898 1.38406 0.000982741
0.0403729 1.38276 0.000983509
0.0413568 1.38144 0.000984297
0.0423415 1.38008 0.000985104
0.043327 1.37868 0.000985931
0.0443134 1.37726 0.000986778
0.0453006 1.37581 0.000987645
0.0462887 1.37433 0.000988531
0.0472777 1.37282 0.000989438
0.0482676 1.37127 0.000990364
0.0492584 1.3697 0.000991311
0.0502502 1.3681 0.000992278
0.051243 1.36646 0.000993265
0.0522368 1.3648 0.000994273
0.0532315 1.3631 0.0009953
0.0542274 1.36138 0.000996349
0.0552242 1.35962 0.000997418
0.0562222 1.35784 0.000998507
0.0572213 1.35602 0.000999618
0.0582215 1.35418 0.00100075
0.0592228 1.35231 0.0010019
0.0602253 1.3504 0.00100307
0.0612289 1.34847 0.00100427
0.0622338 1.34651 0.00100548
0.0632399 1.34452 0.00100672
0.0642473 1.3425 0.00100798
0.0652559 1.34045 0.00100926
0.0662658 1.33837 0.00101056
0.067277 1.33626 0.00101188
0.0682896 1.33412 0.00101323
0.0693035 1.33196 0.00101459
0.0703188 1.32976 0.00101598
0.0713355 1.32754 0.00101739
0.0723536 1.32529 0.00101883
0.0733731 1.32301 0.00102028
0.0743941 1.3207 0.00102176
0.0754167 1.31836 0.00102326
0.0764407 1.316 0.00102478
0.0774662 1.31361 0.00102633
0.0784933 1.31119 0.0010279
0.079522 1.30874 0.00102949
0.0805523 1.30626 0.00103111
0.0815843 1.30376 0.00103275
0.0826179 1.30123 0.00103441
0.0836531 1.29867 0.0010361
0.0846901 1.29609 0.00103781
0.0857287 1.29347 0.00103954
0.0867692 1.29083 0.0010413
0.0878113 1.28817 0.00104308
0.0888553 1.28547 0.00104489
0.0899011 1.28275 0.00104672
0.0909488 1.28001 0.00104858
0.0919983 1.27723 0.00105046
0.0930497 1.27443 0.00105236
0.094103 1.27161 0.00105429
0.0951583 1.26876 0.00105625
0.0962155 1.26588 0.00105823
0.0972748 1.26297 0.00106024
0.098336 1.26004 0.00106227
0.0993993 1.25709 0.00106433
0.100465 1.25411 0.00106642
0.101532 1.2511 0.00106853
0.102602 1.24807 0.00107067
0.103674 1.24502 0.00107284
0.104747 1.24194 0.00107503
0.105824 1.23883 0.00107725
0.106902 1.2357 0.0010795
0.107983 1.23254 0.00108177
0.109066 1.22937 0.00108408
0.110151 1.22616 0.00108641
0.111238 1.22293 0.00108877
0.112328 1.21968 0.00109115
0.113421 1.21641 0.00109357
0.114516 1.21311 0.00109601
0.115613 1.20978 0.00109849
0.116712 1.20644 0.00110099
0.117815 1.20307 0.00110352
0.11892 1.19968 0.00110608
0.120027 1.19626 0.00110868
0.121137 1.19282 0.0011113
0.12225 1.18936 0.00111395
0.123365 1.18588 0.00111664
0.124483 1.18237 0.00111935
0.125604 1.17884 0.0011221
0.126727 1.17529 0.00112487
0.127853 1.17172 0.00112768
0.128982 1.16813 0.00113052
0.130114 1.16451 0.0011334
0.131249 1.16088 0.0011363
0.132387 1.15722 0.00113924
0.133528 1.15354 0.00114221
0.134671 1.14984 0.00114522
0.135818 1.14612 0.00114826
0.136968 1.14238 0.00115133
0.138121 1.13862 0.00115444
0.139277 1.13483 0.00115758
0.140436 1.13103 0.00116075
0.141598 1.12721 0.00116397
0.142764 1.12337 0.00116721
0.143933 1.11951 0.0011705
0.145105 1.11563 0.00117382
0.14628 1.11173 0.00117717
0.147459 1.10781 0.00118056
0.148642 1.10387 0.00118399
0.149827 1.09991 0.00118746
0.151017 1.09594 0.00119097
0.152209 1.09194 0.00119451
0.153406 1.08793 0.00119809
0.154606 1.0839 0.00120171
0.155809 1.07985 0.00120537
0.157016 1.07579 0.00120907
0.158227 1.0717 0.00121281
0.159442 1.0676 0.00121659
0.16066 1.06349 0.00122041
0.161883 1.05935 0.00122427
0.163109 1.0552 0.00122818
0.164339 1.05103 0.00123212
0.165573 1.04685 0.00123611
0.166811 1.04265 0.00124015
0.168054 1.03843 0.00124422
0.1693 1.0342 0.00124834
0.17055 1.02995 0.0012525
0.171805 1.02569 0.00125671
0.173064 1.02141 0.00126096
0.174327 1.01712 0.00126526
0.175594 1.01281 0.00126961
0.176866 1.00849 0.001274
0.178142 1.00415 0.00127844
0.179423 0.9998 0.00128292
0.180708 0.995434 0.00128746
0.181998 0.991055 0.00129204
0.183292 0.986662 0.00129667
0.184591 0.982256 0.00130135
0.185895 0.977836 0.00130609
0.187203 0.973403 0.00131087
0.188517 0.968957 0.0013157
0.189835 0.964499 0.00132059
0.191158 0.960028 0.00132553
0.192486 0.955545 0.00133052
0.193819 0.95105 0.00133556
0.195157 0.946544 0.00134066
0.1965 0.942025 0.00134582
0.197849 0.937495 0.00135103
0.199202 0.932954 0.00135629
0.200561 0.928402 0.00136161
0.201926 0.923839 0.00136699
0.203295 0.919266 0.00137243
0.204671 0.914682 0.00137793
0.206051 0.910088 0.00138348
0.207438 0.905484 0.0013891
0.20883 0.90087 0.00139477
0.210227 0.896247 0.00140051
0.211631 0.891615 0.00140631
0.21304 0.886973 0.00141218
0.214455 0.882323 0.0014181
0.215876 0.877664 0.00142409
0.217303 0.872996 0.00143015
0.218736 0.86832 0.00143627
0.220176 0.863637 0.00144246
0.221621 0.858945 0.00144872
0.223073 0.854246 0.00145504
0.224531 0.84954 0.00146144
0.225996 0.844826 0.0014679
0.227467 0.840106 0.00147444
0.228945 0.835378 0.00148105
0.230429 0.830645 0.00148773
0.231921 0.825905 0.00149448
0.233418 0.821159 0.00150131
0.234923 0.816408 0.00150821
0.236435 0.81165 0.00151519
0.237954 0.806888 0.00152225
0.239479 0.80212 0.00152939
0.241012 0.797348 0.0015366
0.242553 0.79257 0.0015439
0.2441 0.787789 0.00155128
0.245655 0.783003 0.00155874
0.247218 0.778213 0.00156628
0.248788 0.77342 0.00157391
0.250366 0.768623 0.00158163
0.251951 0.763822 0.00158943
0.253545 0.759019 0.00159732
0.255146 0.754213 0.0016053
0.256755 0.749404 0.00161337
0.258373 0.744593 0.00162154
0.259998 0.73978 0.00162979
0.261632 0.734964 0.00163814
0.263275 0.730147 0.00164659
0.264926 0.725329 0.00165513
0.266585 0.72051 0.00166377
0.268253 0.715689 0.00167251
0.26993 0.710868 0.00168135
0.271616 0.706046 0.0016903
0.273311 0.701224 0.00169934
0.275015 0.696403 0.0017085
0.276728 0.691581 0.00171776
0.27845 0.686759 0.00172713
0.280182 0.681939 0.0017366
0.281923 0.677119 0.00174619
0.283675 0.672301 0.0017559
0.285435 0.667483 0.00176571
0.287206 0.662668 0.00177565
0.288987 0.657854 0.0017857
0.290777 0.653043 0.00179587
0.292578 0.648234 0.00180616
0.29439 0.643427 0.00181658
0.296212 0.638623 0.00182712
0.298044 0.633822 0.00183779
0.299887 0.629025 0.00184858
0.301741 0.624231 0.00185951
0.303606 0.619441 0.00187057
0.305483 0.614655 0.00188177
0.30737 0.609873 0.0018931
0.309269 0.605096 0.00190457
0.311179 0.600323 0.00191618
0.313101 0.595555 0.00192794
0.315035 0.590793 0.00193984
0.316981 0.586036 0.00195189
0.318939 0.581285 0.00196408
0.320909 0.576539 0.00197644
0.322892 0.5718 0.00198894
0.324887 0.567068 0.0020016
0.326895 0.562341 0.00201442
0.328916 0.557622 0.00202741
0.33095 0.55291 0.00204056
0.332997 0.548206 0.00205387
0.335058 0.543509 0.00206736
0.337132 0.538819 0.00208102
0.33922 0.534138 0.00209485
0.341322 0.529465 0.00210887
0.343438 0.524801 0.00212306
0.345568 0.520146 0.00213744
0.347713 0.5155 0.00215201
0.349872 0.510863 0.00216676
0.352047 0.506235 0.00218172
0.354236 0.501617 0.00219686
0.35644 0.49701 0.00221221
0.35866 0.492412 0.00222776
0.360896 0.487825 0.00224352
0.363148 0.483249 0.00225949
0.365415 0.478684 0.00227568
0.367699 0.47413 0.00229208
0.369999 0.469587 0.00230871
0.372317 0.465056 0.00232556
0.374651 0.460537 0.00234264
0.377002 0.45603 0.00235995
0.379371 0.451536 0.00237751
0.381757 0.447054 0.0023953
0.384161 0.442585 0.00241334
0.386584 0.438129 0.00243163
0.389025 0.433686 0.00245018
0.391484 0.429257 0.00246899
0.393963 0.424842 0.00248806
0.396461 0.420441 0.0025074
0.398978 0.416054 0.00252701
0.401515 0.411681 0.00254691
0.404072 0.407323 0.00256709
0.406649 0.402981 0.00258756
0.409247 0.398653 0.00260833
0.411866 0.394341 0.00262939
0.414506 0.390044 0.00265077
0.417168 0.385763 0.00267245
0.419851 0.381499 0.00269446
0.422557 0.37725 0.00271678
0.425285 0.373018 0.00273944
0.428036 0.368803 0.00276244
0.43081 0.364605 0.00278578
0.433607 0.360424 0.00280947
0.436429 0.356261 0.00283352
0.439275 0.352115 0.00285794
0.442145 0.347987 0.00288272
0.44504 0.343877 0.00290789
0.447961 0.339786 0.00293344
0.450907 0.335713 0.00295938
0.45388 0.331658 0.00298573
0.456879 0.327623 0.00301249
0.459905 0.323607 0.00303967
0.462959 0.31961 0.00306728
0.46604 0.315633 0.00309532
0.469149 0.311675 0.00312381
0.472288 0.307738 0.00315275
0.475455 0.303821 0.00318216
0.478652 0.299924 0.00321204
0.48188 0.296048 0.00324241
0.485137 0.292192 0.00327328
0.488426 0.288358 0.00330464
0.491747 0.284545 0.00333653
0.4951 0.280753 0.00336894
0.498485 0.276983 0.0034019
0.501904 0.273235 0.0034354
0.505356 0.269508 0.00346947
0.508843 0.265804 0.00350411
0.512365 0.262122 0.00353935
0.515922 0.258463 0.00357518
0.519515 0.254827 0.00361163
0.523146 0.251213 0.00364871
0.526813 0.247623 0.00368644
0.530519 0.244056 0.00372482
0.534263 0.240512 0.00376388
0.538047 0.236992 0.00380363
0.541871 0.233496 0.00384408
0.545735 0.230024 0.00388526
0.549642 0.226576 0.00392718
0.55359 0.223152 0.00396985
0.557582 0.219753 0.0040133
0.561617 0.216378 0.00405755
0.565697 0.213029 0.00410261
0.569823 0.209704 0.0041485
0.573995 0.206404 0.00419525
0.578214 0.20313 0.00424288
0.582481 0.199881 0.0042914
0.586797 0.196658 0.00434084
0.591163 0.19346 0.00439122
0.59558 0.190288 0.00444257
0.600049 0.187142 0.00449491
0.60457 0.184023 0.00454827
0.609146 0.180929 0.00460268
0.613776 0.177862 0.00465815
0.618463 0.174822 0.00471473
0.623206 0.171808 0.00477243
0.628008 0.168821 0.00483129
0.632869 0.165861 0.00489134
0.637791 0.162928 0.0049526
0.642775 0.160022 0.00501513
0.647822 0.157143 0.00507894
0.652934 0.154291 0.00514408
0.658111 0.151467 0.00521057
0.663355 0.148671 0.00527847
0.668669 0.145902 0.0053478
0.674052 0.14316 0.00541861
0.679507 0.140447 0.00549094
0.685034 0.137761 0.00556484
0.690637 0.135104 0.00564034
0.696316 0.132474 0.0057175
0.702073 0.129872 0.00579637
0.70791 0.127299 0.00587699
0.713828 0.124754 0.00595942
0.719829 0.122237 0.00604371
0.725916 0.119748 0.00612992
0.73209 0.117288 0.00621811
0.738353 0.114856 0.00630833
0.744708 0.112452 0.00640065
0.751156 0.110078 0.00649514
0.757699 0.107731 0.00659186
0.764341 0.105413 0.00669089
0.771082 0.103124 0.0067923
0.777927 0.100864 0.00689616
0.784876 0.0986315 0.00700255
0.791933 0.0964281 0.00711156
0.7991 0.0942534 0.00722328
0.806381 0.0921072 0.00733779
0.813777 0.0899897 0.00745518
0.821293 0.0879007 0.00757556
0.82893 0.0858404 0.00769903
0.836692 0.0838086 0.00782569
0.844583 0.0818054 0.00795565
0.852605 0.0798307 0.00808903
0.860763 0.0778844 0.00822596
0.869059 0.0759666 0.00836654
0.877498 0.0740773 0.00851093
0.886083 0.0722162 0.00865925
0.894818 0.0703834 0.00881166
0.903708 0.0685789 0.00896829
0.912757 0.0668025 0.00912931
0.921969 0.0650542 0.00929488
0.931349 0.0633339 0.00946519
0.940902 0.0616415 0.0096404
0.950633 0.059977 0.0098207
0.960546 0.0583402 0.0100063
0.970648 0.0567311 0.0101974
0.980944 0.0551495 0.0103943
0.99144 0.0535954 0.0105971
1.00214 0.0520686 0.0108061
1.01305 0.0505689 0.0110215
1.02419 0.0490964 0.0112437
1.03555 0.0476508 0.0114729
1.04714 0.046232 0.0117094
1.05897 0.0448399 0.0119535
1.07105 0.0434743 0.0122055
1.08338 0.0421351 0.0124659
1.09598 0.040822 0.0127349
1.10886 0.0395351 0.0130129
1.12201 0.038274 0.0133005
1.13546 0.0370387 0.0135979
1.14922 0.0358289 0.0139057
1.16328 0.0346444 0.0142243
1.17767 0.0334852 0.0145543
1.19239 0.0323509 0.0148962
1.20747 0.0312414 0.0152505
1.2229 0.0301565 0.015618
1.23871 0.0290959 0.0159992
1.25491 0.0280596 0.0163948
1.27151 0.0270472 0.0168057
1.28853 0.0260585 0.0172325
1.30598 0.0250934 0.0176761
1.32389 0.0241515 0.0181374
1.34227 0.0232327 0.0186174
1.36113 0.0223368 0.019117
1.38051 0.0214634 0.0196374
1.40042 0.0206124 0.0201798
1.42088 0.0197835 0.0207453
1.44192 0.0189765 0.0213353
1.46357 0.0181911 0.0219513
1.48584 0.017427 0.0225949
1.50877 0.016684 0.0232675
1.53239 0.0159619 0.0239711
1.55673 0.0152604 0.0247077
1.58182 0.0145791 0.0254791
1.60771 0.013918 0.0262878
1.63442 0.0132766 0.0271361
1.662 0.0126547 0.0280267
1.69049 0.0120521 0.0289625
1.71995 0.0114685 0.0299465
1.75041 0.0109036 0.030982
1.78194 0.0103571 0.0320729
1.81459 0.00982877 0.033223
1.84842 0.00931833 0.0344369
1.8835 0.0088255 0.0357191
1.91989 0.00835 0.0370751
1.95769 0.00789156 0.0385105
1.99696 0.0074499 0.0400317
2.03779 0.00702474 0.0416456
2.0803 0.0066158 0.04336
2.12457 0.00622281 0.0451833
2.17072 0.00584547 0.047125
2.21888 0.00548352 0.0491957
2.26918 0.00513666 0.0514068
2.32177 0.0048046 0.0537715
2.37681 0.00448706 0.0563042
2.43447 0.00418374 0.0590214
2.49496 0.00389433 0.0619414
2.55847 0.00361855 0.0650848
2.62525 0.00335607 0.068475
2.69556 0.00310658 0.0721386
2.76968 0.00286976 0.0761058
2.84794 0.00264528 0.0804111
2.93069 0.00243281 0.085094
3.01834 0.002232 0.0902
3.11133 0.00204253 0.0957816
3.21017 0.00186404 0.1019
3.31543 0.00169618 0.108626
3.42776 0.00153863 0.116043
3.54791 0.00139104 0.124249
3.67671 0.00125309 0.133359
3.81515 0.00112447 0.143513
3.96435 0.00100485 0.154876
4.12561 0.000893934 0.167647
4.30046 0.000791418 0.182068
4.49072 0.000696986 0.198439
4.6985 0.000610311 0.217125
4.92636 0.000531055 0.238587
5.17735 0.000458868 0.263401
5.4552 0.000393414 0.292304
5.76448 0.000334386 0.326247
6.11084 0.000281513 0.366474
6.50139 0.000234534 0.414639
6.9452 0.000193125 0.472977
7.45398 0.000156841 0.544569
8.04314 0.000125243 0.63376
8.73344 9.8207e-05 0.746832
9.55343 7.53188e-05 0.893148
