-0.49999999999998
-0.47664492762536
-0.45563629113312
-0.43659403251854
-0.41922157743378
-0.40328394722586
-0.38859223627275
-0.37499248038845
-0.36235758109701
-0.35058137647201
-0.33957423466753
-0.32925973869954
-0.31957216160513
-0.31045452030443
-0.30185705786834
-0.2937360464543
-0.28605283292045
-0.27877307009696
-0.2718660916022
-0.26530439878657
-0.25906323613029
-0.25312023707916
-0.24745512647507
-0.24204946884444
-0.23688645414139
-0.23195071431162
-0.22722816539633
-0.22270587093929
-0.21837192327252
-0.21421533989268
-0.21022597264371
-0.20639442782183
-0.20271199563999
-0.19917058774834
-0.19576268171742
-0.19248127156277
-0.18931982353114
-0.18627223648479
-0.18333280631746
-0.18049619391642
-0.17775739625254
-0.17511172023748
-0.17255475903529
-0.1700823705564
-0.16769065789702
-0.16537595151658
-0.16313479297137
-0.16096392004457
-0.15886025313172
-0.15682088275715
-0.15484305811106
-0.15292417650938
-0.15106177368932
-0.14925351486304
-0.14749718646011
-0.14579068849659
-0.14413202751544
-0.14251931004798
-0.14095073655173
-0.13942459578398
-0.13793925957471
-0.13649317796578
-0.13508487468644
-0.13371294293823
-0.13237604146454
-0.13107289088253
-0.12980227025706
-0.12856301389818
-0.12735400836507
-0.12617418966122
-0.12502254060652
-0.12389808837345
-0.12279990217546
-0.12172709109672
-0.12067880205312
-0.1196542178755
-0.11865255550656
-0.11767306430367
-0.11671502444043
-0.11577774540034
-0.11486056455647
-0.11396284583145
-0.1130839784326
-0.11222337565727
-0.11138047376405
-0.11055473090544
-0.10974562611842
-0.10895265836907
-0.10817534564807
-0.10741322411385
-0.10666584728066
-0.10593278524872
-0.10521362397398
-0.10450796457529
-0.10381542267653
-0.10313562778194
-0.10246822268259
-0.10181286289217
-0.10116921611068
-0.1005369617141
-0.099915790268891
-0.099305403069853
-0.098705511699961
-0.098115837611146
-0.097536111724773
-0.096966074050803
-0.09640547332464
-0.095854066660719
-0.095311619221962
-0.094777903904275
-0.094252701035301
-0.093735798086702
-0.09322698939928
-0.092726075920275
-0.092232864952242
-0.091747169912915
-0.091268810105515
-0.090797610498992
-0.090333401517707
-0.089876018840093
-0.089425303205863
-0.088981100231357
-0.088543260232628
-0.088111638055914
-0.087686092915129
-0.087266488236057
-0.086852691506935
-0.086444574135121
-0.086042011309567
-0.085644881868848
-0.085253068174459
-0.084866455989184
-0.08448493436027
-0.084108395507215
-0.083736734713953
-0.083369850225248
-0.083007643147105
-0.082650017351026
-0.082296879381941
-0.081948138369661
-0.081603705943686
-0.081263496151248
-0.080927425378424
-0.080595412274208
-0.080267377677415
-0.079943244546285
-0.079622937890686
-0.079306384706814
-0.07899351391426
-0.078684256295386
-0.078378544436872
-0.078076312673384
-0.077777497033252
-0.077482035186088
-0.07718986639226
-0.076900931454159
-0.076615172669167
-0.076332533784286
-0.076052959952333
-0.075776397689672
-0.075502794835387
-0.075232100511873
-0.074964265086769
-0.074699240136189
-0.074436978409201
-0.074177433793508
-0.073920561282277
-0.073666316942085
-0.073414657881931
-0.073165542223279
-0.072918929071083
-0.072674778485778
-0.072433051456182
-0.072193709873281
-0.071956716504872
-0.07172203497102
-0.071489629720311
-0.071259466006869
-0.0710315098681
-0.070805728103151
-0.070582088252051
-0.070360558575511
-0.070141108035359
-0.069923706275585
-0.069708323603983
-0.06949493097436
-0.069283499969298
-0.069074002783446
-0.068866412207323
-0.068660701611625
-0.068456844931998
-0.068254816654287
-0.068054591800217
-0.067856145913519
-0.067659455046463
-0.067464495746796
-0.067271245045072
-0.067079680442354
-0.066889779898283
-0.066701521819496
-0.066514885048386
-0.066329848852186
-0.066146392912378
-0.065964497314405
-0.065784142537679
-0.065605309445879
-0.065427979277531
-0.06525213363685
-0.065077754484848
-0.064904824130694
-0.064733325223315
-0.064563240743239
-0.064394553994664
-0.064227248597747
-0.064061308481114
-0.063896717874569
-0.063733461302018
-0.063571523574573
-0.063410889783859
-0.063251545295493
-0.063093475742753
-0.062936667020406
-0.062781105278714
-0.062626776917601
-0.062473668580964
-0.06232176715116
-0.062171059743614
-0.062021533701595
-0.061873176591113
-0.061725976195957
-0.061579920512868
-0.061434997746836
-0.061291196306512
-0.061148504799759
-0.061006912029295
-0.060866406988468
-0.060726978857133
-0.060588616997632
-0.060451310950884
-0.060315050432569
-0.060179825329412
-0.060045625695564
-0.059912441749069
-0.059780263868424
-0.059649082589223
-0.059518888600894
-0.059389672743499
-0.059261426004636
-0.059134139516399
-0.059007804552426
-0.058882412525015
-0.058757954982306
-0.058634423605545
-0.058511810206401
-0.058390106724355
-0.058269305224155
-0.058149397893324
-0.05803037703974
-0.05791223508926
-0.057794964583413
-0.057678558177145
-0.057563008636609
-0.057448308837025
-0.05733445176057
-0.057221430494333
-0.057109238228315
-0.056997868253469
-0.056887313959794
-0.056777568834471
-0.056668626460034
-0.056560480512599
-0.056453124760125
-0.056346553060708
-0.056240759360931
-0.056135737694233
-0.056031482179331
-0.055927987018671
-0.055825246496907
-0.055723254979431
-0.05562200691092
-0.055521496813926
-0.055421719287489
-0.055322669005793
-0.055224340716835
-0.055126729241142
-0.055029829470501
-0.054933636366725
-0.054838144960444
-0.054743350349927
-0.054649247699916
-0.054555832240503
-0.054463099266019
-0.054371044133955
-0.054279662263896
-0.054188949136489
-0.054098900292428
-0.054009511331459
-0.053920777911409
-0.053832695747235
-0.053745260610092
-0.053658468326425
-0.053572314777069
-0.053486795896384
-0.053401907671395
-0.053317646140955
-0.053234007394926
-0.053150987573373
-0.053068582865783
-0.052986789510288
-0.052905603792916
-0.052825022046849
-0.052745040651699
-0.052665656032802
-0.052586864660518
-0.052508663049555
-0.0524310477583
-0.052354015388164
-0.052277562582945
-0.052201686028199
-0.052126382450622
-0.052051648617452
-0.051977481335874
-0.051903877452445
-0.051830833852522
-0.051758347459708
-0.051686415235305
-0.051615034177783
-0.051544201322249
-0.051473913739937
-0.051404168537704
-0.051334962857534
-0.051266293876054
-0.051198158804056
-0.051130554886035
-0.051063479399728
-0.050996929655665
-0.050930902996733
-0.050865396797739
-0.050800408464989
-0.050735935435874
-0.050671975178459
-0.050608525191083
-0.050545583001972
-0.050483146168845
-0.050421212278544
-0.050359778946659
-0.050298843817166
-0.050238404562067
-0.050178458881041
-0.050119004501102
-0.050060039176259
-0.050001560687182
-0.049943566840884
-0.049886055470392
-0.049829024434441
-0.049772471617164
-0.049716394927787
-0.049660792300336
-0.049605661693343
-0.04955100108956
-0.049496808495681
-0.049443081942063
-0.049389819482455
-0.049337019193735
-0.049284679175646
-0.049232797550541
-0.049181372463128
-0.049130402080227
-0.049079884590526
-0.049029818204338
-0.048980201153372
-0.048931031690499
-0.048882308089529
-0.048834028644985
-0.048786191671888
-0.04873879550554
-0.048691838501316
-0.048645319034455
-0.048599235499857
-0.048553586311886
-0.048508369904169
-0.048463584729407
-0.048419229259185
-0.048375301983783
-0.048331801412
-0.048288726070966
-0.048246074505973
-0.048203845280295
-0.048162036975025
-0.048120648188901
-0.048079677538145
-0.048039123656302
-0.047998985194078
-0.047959260819189
-0.047919949216204
-0.047881049086393
-0.047842559147587
-0.047804478134023
-0.047766804796207
-0.047729537900773
-0.047692676230345
-0.0476562185834
-0.047620163774137
-0.047584510632345
-0.047549258003278
-0.047514404747523
-0.047479949740882
-0.047445891874245
-0.047412230053476
-0.047378963199291
-0.047346090247145
-0.047313610147121
-0.047281521863811
-0.047249824376217
-0.047218516677635
-0.047187597775555
-0.047157066691556
-0.047126922461203
-0.047097164133949
-0.047067790773039
-0.047038801455407
-0.047010195271591
-0.046981971325631
-0.046954128734987
-0.046926666630441
-0.046899584156019
-0.046872880468895
-0.046846554739314
-0.046820606150508
-0.046795033898611
-0.046769837192584
-0.046745015254136
-0.046720567317644
-0.046696492630083
-0.046672790450949
-0.046649460052189
-0.046626500718126
-0.046603911745396
-0.046581692442876
-0.04655984213162
-0.046538360144788
-0.046517245827592
-0.046496498537223
-0.0464761176428
-0.046456102525301
-0.04643645257751
-0.046417167203958
-0.046398245820867
-0.046379687856096
-0.046361492749087
-0.046343659950811
-0.046326188923719
-0.04630907914169
-0.046292330089986
-0.046275941265201
-0.046259912175212
-0.046244242339142
-0.046228931287306
-0.046213978561178
-0.046199383713337
-0.04618514630744
-0.046171265918169
-0.046157742131201
-0.046144574543168
-0.046131762761619
-0.046119306404986
-0.046107205102549
-0.046095458494402
-0.046084066231421
-0.046073027975235
-0.04606234339819
-0.046052012183326
-0.046042034024344
-0.046032408625581
-0.046023135701982
-0.046014214979075
-0.04600564619295
-0.045997429090228
-0.045989563428047
-0.045982048974034
-0.045974885506288
-0.045968072813358
-0.045961610694227
-0.045955498958292
-0.045949737425347
-0.045944325925569
-0.045939264299503
-0.045934552398044
-0.045930190082429
-0.045926177224223
-0.045922513705306
-0.045919199417864
-0.045916234264381
-0.045913618157626
-0.045911351020652
-0.045909432786782
-0.045907863399609
-0.045906642812987
-0.045905770991031
-0.045905247908109
-0.045905073548843
-0.045905247908109
-0.045905770991031
-0.045906642812987
-0.045907863399609
-0.045909432786782
-0.045911351020652
-0.045913618157626
-0.045916234264381
-0.045919199417864
-0.045922513705306
-0.045926177224223
-0.045930190082429
-0.045934552398044
-0.045939264299502
-0.045944325925569
-0.045949737425347
-0.045955498958291
-0.045961610694227
-0.045968072813358
-0.045974885506288
-0.045982048974034
-0.045989563428047
-0.045997429090228
-0.04600564619295
-0.046014214979075
-0.046023135701982
-0.046032408625581
-0.046042034024344
-0.046052012183326
-0.04606234339819
-0.046073027975234
-0.046084066231421
-0.046095458494401
-0.046107205102549
-0.046119306404986
-0.046131762761619
-0.046144574543168
-0.046157742131201
-0.046171265918169
-0.04618514630744
-0.046199383713337
-0.046213978561177
-0.046228931287306
-0.046244242339142
-0.046259912175212
-0.046275941265201
-0.046292330089987
-0.04630907914169
-0.046326188923719
-0.046343659950811
-0.046361492749087
-0.046379687856097
-0.046398245820867
-0.046417167203957
-0.046436452577509
-0.046456102525301
-0.0464761176428
-0.046496498537224
-0.046517245827592
-0.046538360144788
-0.04655984213162
-0.046581692442877
-0.046603911745396
-0.046626500718126
-0.046649460052189
-0.04667279045095
-0.046696492630083
-0.046720567317644
-0.046745015254136
-0.046769837192584
-0.046795033898611
-0.046820606150508
-0.046846554739314
-0.046872880468895
-0.046899584156019
-0.046926666630441
-0.046954128734987
-0.046981971325631
-0.047010195271591
-0.047038801455407
-0.047067790773039
-0.04709716413395
-0.047126922461203
-0.047157066691556
-0.047187597775555
-0.047218516677635
-0.047249824376217
-0.047281521863811
-0.047313610147121
-0.047346090247145
-0.047378963199291
-0.047412230053476
-0.047445891874245
-0.047479949740882
-0.047514404747523
-0.047549258003278
-0.047584510632345
-0.047620163774136
-0.047656218583399
-0.047692676230345
-0.047729537900773
-0.047766804796206
-0.047804478134022
-0.047842559147587
-0.047881049086393
-0.047919949216203
-0.047959260819189
-0.047998985194078
-0.048039123656302
-0.048079677538145
-0.048120648188901
-0.048162036975025
-0.048203845280295
-0.048246074505973
-0.048288726070966
-0.048331801412
-0.048375301983783
-0.048419229259185
-0.048463584729407
-0.048508369904169
-0.048553586311886
-0.048599235499857
-0.048645319034455
-0.048691838501316
-0.04873879550554
-0.048786191671887
-0.048834028644985
-0.048882308089529
-0.048931031690499
-0.048980201153372
-0.049029818204338
-0.049079884590526
-0.049130402080227
-0.049181372463128
-0.04923279755054
-0.049284679175646
-0.049337019193735
-0.049389819482455
-0.049443081942063
-0.049496808495681
-0.04955100108956
-0.049605661693342
-0.049660792300336
-0.049716394927787
-0.049772471617164
-0.049829024434441
-0.049886055470392
-0.049943566840884
-0.050001560687182
-0.050060039176259
-0.050119004501102
-0.050178458881041
-0.050238404562067
-0.050298843817167
-0.05035977894666
-0.050421212278544
-0.050483146168845
-0.050545583001972
-0.050608525191084
-0.050671975178459
-0.050735935435874
-0.05080040846499
-0.050865396797739
-0.050930902996733
-0.050996929655665
-0.051063479399728
-0.051130554886035
-0.051198158804056
-0.051266293876054
-0.051334962857535
-0.051404168537705
-0.051473913739937
-0.051544201322249
-0.051615034177783
-0.051686415235306
-0.051758347459708
-0.051830833852522
-0.051903877452445
-0.051977481335875
-0.052051648617452
-0.052126382450622
-0.052201686028199
-0.052277562582946
-0.052354015388164
-0.0524310477583
-0.052508663049555
-0.052586864660518
-0.052665656032802
-0.052745040651699
-0.052825022046849
-0.052905603792916
-0.052986789510288
-0.053068582865783
-0.053150987573373
-0.053234007394926
-0.053317646140955
-0.053401907671395
-0.053486795896384
-0.053572314777069
-0.053658468326425
-0.053745260610093
-0.053832695747235
-0.053920777911409
-0.054009511331459
-0.054098900292429
-0.05418894913649
-0.054279662263896
-0.054371044133955
-0.054463099266019
-0.054555832240502
-0.054649247699916
-0.054743350349927
-0.054838144960445
-0.054933636366725
-0.055029829470501
-0.055126729241142
-0.055224340716835
-0.055322669005793
-0.055421719287489
-0.055521496813926
-0.05562200691092
-0.055723254979431
-0.055825246496907
-0.055927987018671
-0.056031482179331
-0.056135737694233
-0.05624075936093
-0.056346553060708
-0.056453124760124
-0.056560480512599
-0.056668626460033
-0.056777568834471
-0.056887313959796
-0.056997868253471
-0.057109238228317
-0.057221430494335
-0.057334451760572
-0.057448308837027
-0.057563008636612
-0.057678558177147
-0.057794964583415
-0.057912235089262
-0.058030377039742
-0.058149397893326
-0.058269305224157
-0.058390106724357
-0.058511810206403
-0.058634423605547
-0.058757954982308
-0.058882412525017
-0.059007804552428
-0.059134139516401
-0.059261426004638
-0.059389672743501
-0.059518888600896
-0.059649082589225
-0.059780263868425
-0.059912441749071
-0.060045625695566
-0.060179825329414
-0.060315050432571
-0.060451310950886
-0.060588616997634
-0.060726978857135
-0.06086640698847
-0.061006912029297
-0.061148504799761
-0.061291196306515
-0.061434997746838
-0.06157992051287
-0.061725976195959
-0.061873176591115
-0.062021533701598
-0.062171059743616
-0.062321767151162
-0.062473668580966
-0.062626776917602
-0.062781105278716
-0.062936667020407
-0.063093475742754
-0.063251545295495
-0.063410889783861
-0.063571523574575
-0.06373346130202
-0.063896717874571
-0.064061308481115
-0.064227248597749
-0.064394553994666
-0.064563240743241
-0.064733325223316
-0.064904824130695
-0.065077754484849
-0.065252133636851
-0.065427979277532
-0.06560530944588
-0.06578414253768
-0.065964497314407
-0.06614639291238
-0.066329848852187
-0.066514885048387
-0.066701521819498
-0.066889779898285
-0.067079680442356
-0.067271245045074
-0.067464495746798
-0.067659455046465
-0.067856145913521
-0.068054591800219
-0.068254816654289
-0.068456844932001
-0.068660701611627
-0.068866412207325
-0.069074002783448
-0.069283499969301
-0.069494930974362
-0.069708323603985
-0.069923706275587
-0.070141108035361
-0.070360558575514
-0.070582088252053
-0.070805728103153
-0.071031509868102
-0.071259466006871
-0.071489629720313
-0.071722034971021
-0.071956716504874
-0.072193709873283
-0.072433051456184
-0.07267477848578
-0.072918929071085
-0.073165542223281
-0.073414657881933
-0.073666316942087
-0.073920561282278
-0.074177433793509
-0.074436978409203
-0.07469924013619
-0.07496426508677
-0.075232100511875
-0.075502794835389
-0.075776397689674
-0.076052959952335
-0.076332533784287
-0.076615172669169
-0.076900931454161
-0.077189866392262
-0.077482035186089
-0.077777497033253
-0.078076312673385
-0.078378544436873
-0.078684256295387
-0.078993513914262
-0.079306384706815
-0.079622937890688
-0.079943244546286
-0.080267377677416
-0.08059541227421
-0.080927425378425
-0.08126349615125
-0.081603705943688
-0.081948138369662
-0.082296879381943
-0.082650017351027
-0.083007643147106
-0.083369850225249
-0.083736734713954
-0.084108395507217
-0.084484934360272
-0.084866455989186
-0.085253068174461
-0.08564488186885
-0.086042011309569
-0.086444574135123
-0.086852691506937
-0.087266488236059
-0.08768609291513
-0.088111638055916
-0.08854326023263
-0.088981100231358
-0.089425303205865
-0.089876018840095
-0.090333401517709
-0.090797610498994
-0.091268810105516
-0.091747169912916
-0.092232864952243
-0.092726075920276
-0.093226989399281
-0.093735798086703
-0.094252701035302
-0.094777903904276
-0.095311619221963
-0.09585406666072
-0.096405473324642
-0.096966074050805
-0.097536111724774
-0.098115837611148
-0.098705511699962
-0.099305403069853
-0.099915790268893
-0.1005369617141
-0.10116921611068
-0.10181286289218
-0.10246822268259
-0.10313562778195
-0.10381542267653
-0.10450796457529
-0.10521362397398
-0.10593278524872
-0.10666584728066
-0.10741322411385
-0.10817534564807
-0.10895265836908
-0.10974562611842
-0.11055473090544
-0.11138047376405
-0.11222337565728
-0.1130839784326
-0.11396284583146
-0.11486056455647
-0.11577774540034
-0.11671502444043
-0.11767306430367
-0.11865255550656
-0.1196542178755
-0.12067880205312
-0.12172709109672
-0.12279990217546
-0.12389808837345
-0.12502254060652
-0.12617418966122
-0.12735400836507
-0.12856301389818
-0.12980227025706
-0.13107289088253
-0.13237604146454
-0.13371294293823
-0.13508487468644
-0.13649317796578
-0.13793925957471
-0.13942459578398
-0.14095073655173
-0.14251931004798
-0.14413202751544
-0.14579068849659
-0.1474971864601
-0.14925351486304
-0.15106177368931
-0.15292417650937
-0.15484305811106
-0.15682088275715
-0.15886025313172
-0.16096392004457
-0.16313479297137
-0.16537595151658
-0.16769065789702
-0.1700823705564
-0.17255475903529
-0.17511172023748
-0.17775739625254
-0.18049619391642
-0.18333280631746
-0.18627223648479
-0.18931982353114
-0.19248127156276
-0.19576268171741
-0.19917058774834
-0.20271199563998
-0.20639442782182
-0.21022597264371
-0.21421533989267
-0.21837192327252
-0.22270587093929
-0.22722816539633
-0.23195071431162
-0.23688645414139
-0.24204946884444
-0.24745512647507
-0.25312023707915
-0.25906323613028
-0.26530439878656
-0.2718660916022
-0.27877307009696
-0.28605283292045
-0.2937360464543
-0.30185705786834
-0.31045452030443
-0.31957216160513
-0.32925973869953
-0.33957423466752
-0.350581376472
-0.362357581097
-0.37499248038844
-0.38859223627274
-0.40328394722586
-0.41922157743378
-0.43659403251854
-0.45563629113312
-0.47664492762537
-0.49999999999998
