-0.49994251378604
-0.47932870706594
-0.46006838404048
-0.44205545240093
-0.42519328006597
-0.40939373908293
-0.3945763606868
-0.38066758637532
-0.36760010228029
-0.35531224609286
-0.34374747742406
-0.33285390382142
-0.32258385577391
-0.31289350496446
-0.3037425208062
-0.29509376095366
-0.28691299203449
-0.27916863731926
-0.27183154845039
-0.26487479869742
-0.25827349550462
-0.25200461035532
-0.24604682420179
-0.24038038690544
-0.23498698930279
-0.22984964666324
-0.2249525924361
-0.22028118130106
-0.21582180063885
-0.2115617896298
-0.2074893652689
-0.2035935546576
-0.19986413299647
-0.19629156675988
-0.19286696158459
-0.18958201444983
-0.18642896976691
-0.18340057903317
-0.1804900637375
-0.1776910812346
-0.17499769333084
-0.17240433734934
-0.16990579946234
-0.16749719009913
-0.16517392125475
-0.16293168554044
-0.16076643683151
-0.15867437238048
-0.15665191627572
-0.15469570413574
-0.15280256893942
-0.1509695279006
-0.14919377030387
-0.147472646225
-0.14580365606648
-0.14418444084413
-0.14261277316637
-0.14108654885247
-0.13960377914068
-0.13816258344118
-0.1367611825924
-0.13539789258269
-0.13407111870256
-0.1327793500952
-0.13152115467592
-0.13029517439317
-0.1291001208063
-0.12793477095688
-0.12679796351239
-0.12568859516272
-0.12460561725132
-0.12354803262443
-0.12251489268297
-0.12150529462273
-0.12051837884996
-0.11955332655995
-0.11860935746744
-0.1176857276786
-0.11678172769463
-0.11589668053831
-0.11502993999514
-0.11418088896131
-0.11334893789152
-0.11253352333991
-0.11173410658809
-0.11095017235449
-0.11018122757968
-0.10942680028292
-0.10868643848521
-0.10795970919458
-0.10724619744978
-0.10654550541854
-0.10585725154705
-0.10518106975746
-0.10451660869028
-0.10386353098914
-0.10322151262511
-0.10259024225813
-0.10196942063356
-0.1013587600114
-0.10075798362641
-0.10016682517722
-0.099585028342753
-0.099012346324265
-0.098448541411538
-0.097893384571834
-0.097346655060242
-0.096808140050213
-0.096277634283094
-0.095754939735593
-0.095239865304147
-0.094732226505226
-0.0942318451907
-0.093738549277391
-0.093252172490054
-0.092772554117014
-0.092299538777781
-0.091832976201981
-0.091372721018978
-0.090918632557616
-0.090470574655533
-0.090028415477537
-0.089592027342549
-0.089161286558673
-0.088736073265952
-0.088316271286415
-0.087901767981029
-0.087492454113202
-0.087088223718489
-0.0866889739802
-0.086294605110587
-0.085905020237347
-0.085520125295151
-0.08513982892197
-0.084764042359936
-0.084392679360528
-0.084025656093861
-0.083662891061882
-0.083304305015269
-0.082949820873877
-0.08259936365053
-0.082252860378018
-0.081910240039146
-0.08157143349967
-0.08123637344401
-0.080904994313587
-0.080577232247671
-0.080253025026631
-0.07993231201745
-0.079615034121432
-0.079301133723978
-0.078990554646345
-0.078683242099299
-0.078379142638573
-0.078078204122051
-0.077780375668602
-0.077485607618489
-0.07719385149528
-0.076905059969206
-0.07661918682189
-0.076336186912396
-0.076056016144536
-0.075778631435387
-0.075503990684956
-0.075232052746958
-0.074962777400647
-0.074696125323662
-0.074432058065848
-0.074170538024007
-0.073911528417536
-0.073654993264932
-0.073400897361107
-0.073149206255499
-0.072899886230934
-0.072652904283215
-0.072408228101406
-0.072165826048785
-0.071925667144442
-0.071687721045489
-0.071451958029864
-0.071218348979705
-0.070986865365274
-0.070757479229403
-0.070530163172447
-0.070304890337724
-0.070081634397426
-0.069860369538977
-0.069641070451826
-0.069423712314659
-0.069208270783006
-0.06899472197725
-0.068783042470989
-0.068573209279778
-0.068365199850197
-0.068158992049271
-0.067954564154197
-0.067751894842392
-0.067550963181833
-0.067351748621688
-0.067154230983227
-0.066958390450998
-0.066764207564264
-0.066571663208693
-0.066380738608287
-0.066191415317539
-0.066003675213827
-0.065817500490015
-0.065632873647273
-0.06544977748809
-0.065268195109495
-0.065088109896458
-0.064909505515483
-0.064732365908369
-0.064556675286154
-0.064382418123217
-0.06420957915154
-0.064038143355134
-0.063868095964607
-0.063699422451883
-0.063532108525059
-0.063366140123397
-0.063201503412459
-0.063038184779354
-0.062876170828122
-0.062715448375235
-0.06255600444521
-0.062397826266343
-0.062240901266542
-0.062085217069281
-0.061930761489643
-0.061777522530468
-0.061625488378604
-0.061474647401239
-0.061324988142341
-0.061176499319169
-0.061029169818883
-0.060882988695233
-0.060737945165328
-0.060594028606484
-0.060451228553148
-0.060309534693903
-0.06016893686853
-0.06002942506516
-0.059890989417474
-0.059753620201982
-0.059617307835366
-0.059482042871878
-0.059347816000804
-0.059214618043987
-0.059082439953406
-0.05895127280881
-0.058821107815409
-0.058691936301619
-0.05856374971685
-0.058436539629354
-0.058310297724118
-0.058185015800802
-0.058060685771725
-0.057937299659897
-0.057814849597095
-0.057693327821978
-0.057572726678246
-0.057453038612842
-0.057334256174186
-0.057216372010455
-0.057099378867895
-0.056983269589175
-0.056868037111768
-0.056753674466377
-0.05664017477538
-0.05652753125133
-0.056415737195464
-0.056304785996255
-0.056194671127996
-0.056085386149407
-0.055976924702275
-0.055869280510122
-0.055762447376898
-0.055656419185708
-0.055551189897553
-0.055446753550107
-0.055343104256519
-0.055240236204228
-0.055138143653818
-0.055036820937883
-0.05493626245992
-0.054836462693246
-0.054737416179933
-0.054639117529764
-0.054541561419214
-0.054444742590446
-0.054348655850331
-0.054253296069483
-0.054158658181315
-0.054064737181116
-0.053971528125139
-0.053879026129715
-0.053787226370374
-0.053696124080997
-0.053605714552968
-0.053515993134353
-0.053426955229093
-0.053338596296209
-0.053250911849022
-0.053163897454396
-0.053077548731979
-0.052991861353478
-0.052906831041929
-0.052822453570994
-0.052738724764263
-0.052655640494574
-0.05257319668334
-0.052491389299896
-0.05241021436085
-0.05232966792945
-0.052249746114963
-0.052170445072063
-0.052091761000232
-0.052013690143168
-0.051936228788212
-0.051859373265774
-0.05178311994878
-0.051707465252119
-0.051632405632109
-0.051557937585965
-0.051484057651281
-0.051410762405521
-0.051338048465515
-0.051265912486966
-0.05119435116397
-0.051123361228536
-0.051052939450122
-0.050983082635172
-0.05091378762667
-0.050845051303691
-0.05077687058097
-0.050709242408469
-0.05064216377096
-0.050575631687609
-0.050509643211569
-0.050444195429581
-0.050379285461582
-0.050314910460314
-0.050251067610951
-0.050187754130719
-0.050124967268533
-0.050062704304633
-0.050000962550233
-0.049939739347166
-0.049879032067547
-0.049818838113431
-0.049759154916482
-0.04969997993765
-0.049641310666844
-0.049583144622621
-0.049525479351873
-0.049468312429524
-0.049411641458228
-0.049355464068072
-0.04929977791629
-0.049244580686971
-0.049189870090785
-0.049135643864699
-0.049081899771711
-0.049028635600581
-0.048975849165563
-0.048923538306154
-0.048871700886832
-0.048820334796809
-0.048769437949786
-0.048719008283705
-0.048669043760517
-0.048619542365939
-0.048570502109233
-0.04852192102297
-0.048473797162811
-0.048426128607285
-0.048378913457575
-0.048332149837302
-0.048285835892317
-0.048239969790494
-0.04819454972153
-0.048149573896739
-0.048105040548865
-0.048060947931878
-0.048017294320794
-0.047974078011481
-0.047931297320477
-0.04788895058481
-0.047847036161819
-0.047805552428977
-0.047764497783724
-0.04772387064329
-0.047683669444533
-0.047643892643773
-0.04760453871663
-0.047565606157868
-0.047527093481235
-0.04748899921931
-0.047451321923354
-0.047414060163157
-0.047377212526897
-0.047340777620989
-0.04730475406995
-0.047269140516257
-0.047233935620208
-0.047199138059791
-0.047164746530546
-0.047130759745443
-0.047097176434744
-0.047063995345884
-0.047031215243346
-0.046998834908535
-0.046966853139664
-0.04693526875163
-0.046904080575904
-0.046873287460414
-0.046842888269433
-0.046812881883471
-0.046783267199164
-0.04675404312917
-0.046725208602066
-0.046696762562241
-0.046668703969799
-0.046641031800457
-0.046613745045453
-0.046586842711444
-0.046560323820417
-0.046534187409595
-0.046508432531347
-0.046483058253099
-0.046458063657247
-0.046433447841072
-0.046409209916654
-0.046385349010795
-0.046361864264931
-0.046338754835059
-0.046316019891654
-0.0462936586196
-0.046271670218105
-0.04625005390064
-0.046228808894856
-0.046207934442521
-0.046187429799449
-0.046167294235433
-0.046147527034177
-0.046128127493233
-0.046109094923938
-0.046090428651353
-0.046072128014199
-0.046054192364801
-0.04603662106903
-0.046019413506245
-0.046002569069238
-0.045986087164181
-0.045969967210572
-0.045954208641186
-0.045938810902022
-0.045923773452257
-0.045909095764194
-0.045894777323221
-0.045880817627763
-0.045867216189238
-0.045853972532015
-0.04584108619337
-0.045828556723451
-0.045816383685234
-0.045804566654485
-0.045793105219727
-0.045781998982201
-0.045771247555834
-0.045760850567201
-0.045750807655498
-0.04574111847251
-0.045731782682576
-0.045722799962567
-0.045714170001855
-0.045705892502286
-0.045697967178153
-0.045690393756176
-0.045683171975476
-0.045676301587552
-0.045669782356261
-0.045663614057798
-0.045657796480676
-0.045652329425708
-0.045647212705993
-0.045642446146895
-0.045638029586035
-0.04563396287327
-0.045630245870685
-0.04562687845258
-0.045623860505462
-0.045621191928029
-0.04561887263117
-0.045616902537951
-0.045615281583612
-0.04561400971556
-0.045613086893365
-0.04561251308876
-0.045612288285634
-0.045612412480033
-0.04561288568016
-0.045613707906376
-0.045614879191202
-0.045616399579321
-0.045618269127583
-0.045620487905011
-0.045623055992806
-0.045625973484352
-0.045629240485228
-0.045632857113216
-0.045636823498311
-0.045641139782732
-0.045645806120934
-0.045650822679624
-0.045656189637773
-0.04566190718663
-0.045667975529746
-0.045674394882982
-0.045681165474535
-0.045688287544952
-0.04569576134716
-0.045703587146476
-0.045711765220639
-0.045720295859832
-0.045729179366706
-0.045738416056404
-0.045748006256596
-0.0457579503075
-0.045768248561914
-0.045778901385249
-0.045789909155559
-0.045801272263572
-0.045812991112728
-0.045825066119213
-0.045837497711992
-0.045850286332853
-0.04586343243644
-0.045876936490296
-0.045890798974902
-0.045905020383723
-0.045919601223245
-0.045934542013027
-0.045949843285742
-0.045965505587225
-0.045981529476523
-0.04599791552594
-0.046014664321096
-0.04603177646097
-0.046049252557959
-0.04606709323793
-0.046085299140279
-0.046103870917981
-0.046122809237659
-0.046142114779634
-0.046161788237993
-0.046181830320646
-0.046202241749394
-0.046223023259992
-0.046244175602217
-0.046265699539933
-0.046287595851165
-0.046309865328166
-0.046332508777489
-0.046355527020065
-0.046378920891272
-0.046402691241017
-0.046426838933811
-0.046451364848848
-0.046476269880092
-0.046501554936349
-0.046527220941364
-0.046553268833896
-0.046579699567811
-0.04660651411217
-0.046633713451319
-0.046661298584984
-0.046689270528359
-0.046717630312211
-0.046746378982966
-0.046775517602819
-0.046805047249828
-0.046834969018018
-0.046865284017488
-0.046895993374516
-0.046927098231665
-0.046958599747896
-0.046990499098678
-0.047022797476104
-0.047055496089005
-0.047088596163067
-0.047122098940953
-0.047156005682425
-0.047190317664464
-0.047225036181402
-0.047260162545043
-0.047295698084801
-0.047331644147824
-0.047368002099136
-0.047404773321768
-0.047441959216903
-0.04747956120401
-0.047517580720995
-0.047556019224341
-0.04759487818926
-0.047634159109845
-0.047673863499219
-0.047713992889692
-0.047754548832924
-0.04779553290008
-0.047836946681997
-0.047878791789348
-0.047921069852814
-0.047963782523253
-0.048006931471875
-0.048050518390421
-0.04809454499134
-0.048139013007976
-0.048183924194751
-0.048229280327354
-0.048275083202937
-0.048321334640305
-0.048368036480118
-0.048415190585092
-0.048462798840202
-0.048510863152894
-0.048559385453291
-0.048608367694414
-0.048657811852397
-0.04870771992671
-0.048758093940385
-0.048808935940243
-0.048860247997131
-0.048912032206157
-0.048964290686928
-0.0490170255838
-0.049070239066123
-0.049123933328495
-0.049178110591017
-0.049232773099558
-0.049287923126016
-0.04934356296859
-0.049399694952056
-0.049456321428039
-0.049513444775307
-0.049571067400047
-0.049629191736167
-0.049687820245589
-0.049746955418554
-0.049806599773927
-0.04986675585951
-0.049927426252364
-0.049988613559128
-0.050050320416346
-0.050112549490809
-0.050175303479887
-0.050238585111878
-0.05030239714636
-0.050366742374547
-0.050431623619651
-0.050497043737257
-0.050563005615692
-0.050629512176413
-0.050696566374393
-0.050764171198518
-0.050832329671989
-0.050901044852728
-0.050970319833802
-0.051040157743841
-0.05111056174747
-0.051181535045748
-0.051253080876614
-0.051325202515343
-0.051397903275006
-0.05147118650694
-0.051545055601228
-0.051619513987186
-0.051694565133856
-0.051770212550515
-0.051846459787186
-0.051923310435159
-0.052000768127528
-0.052078836539728
-0.05215751939009
-0.052236820440401
-0.052316743496474
-0.052397292408737
-0.052478471072816
-0.052560283430149
-0.052642733468593
-0.052725825223055
-0.052809562776129
-0.052893950258745
-0.052978991850832
-0.05306469178199
-0.053151054332183
-0.053238083832432
-0.053325784665532
-0.053414161266779
-0.053503218124711
-0.05359295978186
-0.053683390835524
-0.053774515938552
-0.053866339800141
-0.05395886718665
-0.054052102922435
-0.054146051890693
-0.054240719034325
-0.054336109356817
-0.054432227923139
-0.054529079860662
-0.054626670360086
-0.054725004676398
-0.054824088129844
-0.054923926106915
-0.055024524061364
-0.055125887515232
-0.055228022059907
-0.055330933357191
-0.055434627140403
-0.055539109215493
-0.055644385462184
-0.055750461835141
-0.055857344365155
-0.055965039160366
-0.056073552407492
-0.056182890373105
-0.056293059404918
-0.056404065933109
-0.056515916471664
-0.056628617619763
-0.056742176063178
-0.056856598575717
-0.056971892020687
-0.0570880633524
-0.057205119617702
-0.05732306795754
-0.057441915608566
-0.057561669904772
-0.057682338279161
-0.057803928265462
-0.057926447499876
-0.058049903722862
-0.05817430478097
-0.058299658628707
-0.058425973330453
-0.058553257062414
-0.058681518114626
-0.058810764892999
-0.058941005921418
-0.05907224984388
-0.059204505426693
-0.059337781560718
-0.059472087263671
-0.059607431682473
-0.059743824095661
-0.059881273915855
-0.060019790692282
-0.060159384113365
-0.060300064009374
-0.060441840355136
-0.06058472327282
-0.060728723034788
-0.060873850066507
-0.061020114949551
-0.06116752842466
-0.061316101394891
-0.061465844928835
-0.061616770263925
-0.061768888809824
-0.0619222121519
-0.062076752054793
-0.062232520466068
-0.062389529519968
-0.062547791541265
-0.062707319049206
-0.062868124761575
-0.063030221598843
-0.063193622688447
-0.063358341369177
-0.063524391195675
-0.063691785943065
-0.0638605396117
-0.064030666432044
-0.064202180869686
-0.064375097630491
-0.064549431665898
-0.064725198178358
-0.064902412626929
-0.06508109073303
-0.065261248486354
-0.065442902150948
-0.065626068271473
-0.065810763679636
-0.065997005500812
-0.066184811160861
-0.066374198393135
-0.066565185245698
-0.06675779008876
-0.066952031622324
-0.067147928884066
-0.067345501257452
-0.0675447684801
-0.067745750652387
-0.067948468246332
-0.068152942114738
-0.068359193500629
-0.068567244046964
-0.068777115806667
-0.068988831252964
-0.069202413290048
-0.069417885264084
-0.069635270974556
-0.069854594685994
-0.070075881140057
-0.07029915556803
-0.070524443703712
-0.070751771796733
-0.070981166626314
-0.071212655515471
-0.07144626634571
-0.0716820275722
-0.071919968239466
-0.072160117997612
-0.072402507119099
-0.072647166516103
-0.072894127758461
-0.073143423092255
-0.073395085459037
-0.073649148515734
-0.073905646655253
-0.074164615027824
-0.074426089563106
-0.074690106993087
-0.074956704875817
-0.075225921620004
-0.075497796510512
-0.075772369734804
-0.076049682410358
-0.07632977661312
-0.076612695407012
-0.076898482874567
-0.077187184148721
-0.077478845445831
-0.077773514099954
-0.078071238598466
-0.078372068619055
-0.078676055068182
-0.078983250121048
-0.07929370726315
-0.079607481333507
-0.07992462856961
-0.080245206654204
-0.080569274763967
-0.080896893620186
-0.081228125541524
-0.081563034498975
-0.081901686173111
-0.082244148013738
-0.082590489302076
-0.082940781215576
-0.083295096895524
-0.083653511517546
-0.08401610236518
-0.084382948906653
-0.084754132875031
-0.085129738351911
-0.085509851854837
-0.085894562428624
-0.086283961740801
-0.086678144181379
-0.087077206967166
-0.087481250250879
-0.087890377235297
-0.088304694292712
-0.088724311089988
-0.089149340719497
-0.08957989983627
-0.090016108801688
-0.090458091834074
-0.090905977166568
-0.091359897212676
-0.091819988739923
-0.092286393052068
-0.092759256180355
-0.093238729084305
-0.0937249678626
-0.094218133974635
-0.094718394473333
-0.095225922249897
-0.095740896291178
-0.096263501950401
-0.096793931232026
-0.097332383091593
-0.097879063751429
-0.098434187033174
-0.098997974708138
-0.099570656866555
-0.10015247230691
-0.10074366894654
-0.10134450425484
-0.10195524571046
-0.10257617128404
-0.10320756994795
-0.10384974221495
-0.1045030007074
-0.10516767075908
-0.10584409105176
-0.1065326142886
-0.10723360790696
-0.10794745483313
-0.10867455428163
-0.10941532260228
-0.11017019417798
-0.11093962237675
-0.11172408056161
-0.11252406316238
-0.11334008681337
-0.11417269156177
-0.11502244215147
-0.11588992938759
-0.11677577158748
-0.11768061612408
-0.11860514106849
-0.11955005693857
-0.12051610856133
-0.1215040770574
-0.12251478195633
-0.12354908345241
-0.12460788481142
-0.1256921349394
-0.12680283112568
-0.12794102197327
-0.12910781053065
-0.13030435764066
-0.13153188552279
-0.13279168160715
-0.13408510263969
-0.13541357907976
-0.13677861981333
-0.1381818172067
-0.13962485252804
-0.14110950176638
-0.14263764188021
-0.14421125751077
-0.14583244819826
-0.14750343614247
-0.14922657455331
-0.15100435664062
-0.15283942529729
-0.15473458353474
-0.15669280573506
-0.15871724979032
-0.16081127020615
-0.16297843225386
-0.16522252726348
-0.16754758915894
-0.16995791234643
-0.17245807107749
-0.17505294042073
-0.17774771898873
-0.18054795358162
-0.1834595659247
-0.18648888169525
-0.18964266205361
-0.19292813791534
-0.1963530472254
-0.19992567552265
-0.20365490011231
-0.20755023819771
-0.21162189935945
-0.2158808428112
-0.22033883990732
-0.2250085424284
-0.22990355722813
-0.23503852788823
-0.24042922409986
-0.24609263956941
-0.25204709933648
-0.25831237749282
-0.26490982640497
-0.27186251867303
-0.27919540320599
-0.28693547696455
-0.29511197412157
-0.30375657462521
-0.31290363443386
-0.32259044004203
-0.33285749036046
-0.34374880959444
-0.35531229554869
-0.36760010888046
-0.38066911039337
-0.39458135577984
-0.40940466070893
-0.42521325450676
-0.44208854899102
-0.4601200620763
-0.47940655641851
-0.50005748621392
