-0.50000000001733
-0.47854623899325
-0.45872477751538
-0.44036618778522
-0.42332334072633
-0.40746789211878
-0.39268740138226
-0.37888295732246
-0.3659672120358
-0.35386274496418
-0.34250069524595
-0.33181961310449
-0.32176449087645
-0.31228594203146
-0.30333950265044
-0.29488503467498
-0.28688621409457
-0.27931009031695
-0.27212670543572
-0.26530876409702
-0.25883134627403
-0.25267165656198
-0.24680880466897
-0.24122361264672
-0.23589844511909
-0.23081705935369
-0.22596447250871
-0.22132684379034
-0.21689136959253
-0.21264618997213
-0.20858030504782
-0.20468350010984
-0.20094627839504
-0.19735980062338
-0.19391583051267
-0.1906066855907
-0.18742519271187
-0.18436464776027
-0.18141877908584
-0.17858171427573
-0.17584794991091
-0.17321232399988
-0.17066999081681
-0.16821639790359
-0.16584726502164
-0.16355856486418
-0.16134650535959
-0.15920751341567
-0.15713821997012
-0.15513544622695
-0.15319619097122
-0.15131761886522
-0.14949704963929
-0.14773194809907
-0.14601991487857
-0.14435867787564
-0.14274608431207
-0.14118009336659
-0.13965876933329
-0.13818027526305
-0.13674286704874
-0.13534488791924
-0.13398476330982
-0.13266099607979
-0.13137216205046
-0.13011690583925
-0.12889393696736
-0.12770202622073
-0.12654000224553
-0.12540674836097
-0.12430119957376
-0.12322233977969
-0.12216919913899
-0.12114085161337
-0.12013641265329
-0.11915503702519
-0.11819591676907
-0.11725827927749
-0.11634138548795
-0.115444528181
-0.11456703037703
-0.11370824382546
-0.11286754758011
-0.11204434665533
-0.11123807075762
-0.1104481730881
-0.10967412921117
-0.10891543598543
-0.10817161055283
-0.10744218938261
-0.10672672736657
-0.10602479696267
-0.10533598738394
-0.10465990383015
-0.10399616675951
-0.10334441119825
-0.10270428608573
-0.10207545365305
-0.10145758883333
-0.10085037870167
-0.10025352194327
-0.099666728348046
-0.099089718330272
-0.09852222247185
-0.097963981087926
-0.097414743813602
-0.096874269210604
-0.096342324392829
-0.095818684669751
-0.095303133206725
-0.094795460701305
-0.094295465074723
-0.093802951177727
-0.093317730510042
-0.092839620952745
-0.092368446512874
-0.091904037079663
-0.09144622819181
-0.090994860815201
-0.090549781130584
-0.090110840330687
-0.089677894426308
-0.089250804060939
-0.0888294343335
-0.088413654628789
-0.088003338455266
-0.087598363289826
-0.087198610429226
-0.086803964847826
-0.086414315061376
-0.086029552996535
-0.085649573865872
-0.085274276048073
-0.084903560973131
-0.084537333012277
-0.084175499372431
-0.083817969994975
-0.083464657458641
-0.083115476886338
-0.082770345855725
-0.08242918431338
-0.082091914492384
-0.081758460833189
-0.081428749907604
-0.081102710345774
-0.080780272766027
-0.080461369707438
-0.08014593556502
-0.079833906527419
-0.079525220516989
-0.079219817132176
-0.078917637592084
-0.078618624683142
-0.078322722707793
-0.078029877435098
-0.077740036053191
-0.077453147123508
-0.077169160536704
-0.076888027470201
-0.076609700347296
-0.076334132797755
-0.076061279619854
-0.075791096743789
-0.075523541196402
-0.075258571067183
-0.074996145475482
-0.07473622453889
-0.074478769342744
-0.074223741910704
-0.073971105176366
-0.073720822955873
-0.073472859921476
-0.073227181576012
-0.07298375422827
-0.072742544969197
-0.072503521648929
-0.072266652854595
-0.072031907888888
-0.071799256749347
-0.071568670108353
-0.071340119293782
-0.071113576270316
-0.07088901362137
-0.070666404531618
-0.070445722770104
-0.070226942673894
-0.070010039132281
-0.069794987571489
-0.069581763939885
-0.069370344693664
-0.069160706782999
-0.068952827638631
-0.068746685158893
-0.06854225769714
-0.068339524049589
-0.068138463443528
-0.067939055525912
-0.067741280352301
-0.067545118376155
-0.067350550438459
-0.06715755775766
-0.066966121919931
-0.066776224869719
-0.066587848900591
-0.066400976646353
-0.066215591072446
-0.066031675467594
-0.065849213435709
-0.065668188888037
-0.065488586035538
-0.065310389381495
-0.065133583714341
-0.064958154100694
-0.064784085878603
-0.064611364650989
-0.064439976279279
-0.064269906877221
-0.064101142804879
-0.06393367066281
-0.063767477286393
-0.063602549740335
-0.063438875313323
-0.063276441512833
-0.063115236060084
-0.062955246885137
-0.062796462122128
-0.062638870104634
-0.062482459361175
-0.062327218610827
-0.062173136758972
-0.062020202893156
-0.061868406279058
-0.061717736356578
-0.061568182736024
-0.061419735194406
-0.061272383671828
-0.061126118267978
-0.060980929238713
-0.060836806992732
-0.06069374208834
-0.060551725230298
-0.060410747266754
-0.060270799186256
-0.060131872114842
-0.059993957313205
-0.05985704617394
-0.059721130218845
-0.05958620109631
-0.059452250578761
-0.059319270560172
-0.059187253053645
-0.059056190189044
-0.058926074210696
-0.058796897475143
-0.058668652448953
-0.058541331706591
-0.058414927928332
-0.058289433898238
-0.058164842502172
-0.058041146725871
-0.057918339653065
-0.057796414463634
-0.057675364431819
-0.057555182924471
-0.057435863399342
-0.057317399403424
-0.057199784571315
-0.057083012623638
-0.056967077365487
-0.056851972684909
-0.056737692551435
-0.056624231014635
-0.056511582202701
-0.056399740321076
-0.056288699651109
-0.056178454548739
-0.056068999443211
-0.055960328835824
-0.055852437298702
-0.055745319473599
-0.055638970070725
-0.055533383867604
-0.055428555707954
-0.055324480500594
-0.055221153218372
-0.055118568897123
-0.055016722634644
-0.054915609589693
-0.054815224981014
-0.054715564086377
-0.054616622241644
-0.054518394839851
-0.054420877330314
-0.054324065217752
-0.054227954061428
-0.054132539474311
-0.054037817122252
-0.053943782723181
-0.053850432046319
-0.053757760911408
-0.053665765187955
-0.053574440794494
-0.053483783697861
-0.053393789912487
-0.053304455499702
-0.053215776567057
-0.053127749267657
-0.053040369799507
-0.052953634404877
-0.052867539369672
-0.05278208102282
-0.052697255735669
-0.052613059921403
-0.052529490034455
-0.052446542569952
-0.052364214063151
-0.052282501088901
-0.052201400261106
-0.052120908232204
-0.052041021692656
-0.051961737370437
-0.051883052030553
-0.051804962474547
-0.051727465540034
-0.051650558100228
-0.051574237063493
-0.05149849937289
-0.051423342005741
-0.051348761973196
-0.051274756319812
-0.05120132212314
-0.051128456493314
-0.051056156572654
-0.050984419535273
-0.050913242586693
-0.050842622963469
-0.050772557932814
-0.05070304479224
-0.050634080869197
-0.050565663520723
-0.050497790133103
-0.050430458121526
-0.050363664929755
-0.050297408029803
-0.050231684921609
-0.050166493132727
-0.050101830218014
-0.050037693759329
-0.049974081365232
-0.049910990670698
-0.04984841933682
-0.049786365050534
-0.049724825524336
-0.049663798496015
-0.04960328172838
-0.049543273008998
-0.049483770149937
-0.04942477098751
-0.049366273382026
-0.049308275217544
-0.049250774401631
-0.049193768865126
-0.049137256561905
-0.049081235468656
-0.049025703584648
-0.048970658931514
-0.048916099553029
-0.048862023514902
-0.04880842890456
-0.048755313830944
-0.048702676424306
-0.048650514836004
-0.048598827238315
-0.048547611824231
-0.048496866807277
-0.04844659042132
-0.048396780920387
-0.048347436578483
-0.048298555689413
-0.048250136566609
-0.048202177542957
-0.048154676970628
-0.048107633220912
-0.048061044684056
-0.048014909769098
-0.047969226903716
-0.047923994534068
-0.047879211124639
-0.047834875158095
-0.047790985135128
-0.047747539574316
-0.04770453701198
-0.047661976002038
-0.047619855115873
-0.047578172942194
-0.0475369280869
-0.047496119172953
-0.047455744840245
-0.047415803745472
-0.047376294562007
-0.047337215979781
-0.047298566705157
-0.047260345460815
-0.047222550985632
-0.047185182034568
-0.047148237378552
-0.047111715804372
-0.047075616114564
-0.047039937127307
-0.047004677676313
-0.046969836610727
-0.046935412795021
-0.046901405108897
-0.046867812447186
-0.046834633719749
-0.046801867851389
-0.046769513781745
-0.046737570465213
-0.046706036870844
-0.046674911982262
-0.046644194797575
-0.046613884329286
-0.046583979604212
-0.046554479663399
-0.046525383562042
-0.046496690369402
-0.046468399168731
-0.046440509057193
-0.046413019145787
-0.046385928559273
-0.046359236436102
-0.04633294192834
-0.0463070442016
-0.04628154243497
-0.046256435820951
-0.046231723565383
-0.046207404887386
-0.046183479019293
-0.046159945206586
-0.046136802707839
-0.046114050794653
-0.046091688751599
-0.046069715876159
-0.046048131478671
-0.046026934882273
-0.046006125422847
-0.045985702448966
-0.045965665321843
-0.045946013415282
-0.045926746115621
-0.045907862821692
-0.045889362944766
-0.04587124590851
-0.045853511148942
-0.045836158114384
-0.04581918626542
-0.045802595074853
-0.045786384027665
-0.045770552620974
-0.045755100363997
-0.045740026778011
-0.045725331396314
-0.045711013764192
-0.045697073438881
-0.045683509989533
-0.045670322997183
-0.045657512054718
-0.045645076766842
-0.045633016750048
-0.045621331632589
-0.045610021054447
-0.045599084667308
-0.045588522134532
-0.045578333131131
-0.045568517343741
-0.045559074470599
-0.045550004221521
-0.045541306317877
-0.045532980492573
-0.04552502649003
-0.045517444066161
-0.045510232988357
-0.045503393035468
-0.045496923997784
-0.045490825677022
-0.045485097886308
-0.045479740450166
-0.045474753204501
-0.045470135996593
-0.045465888685076
-0.045462011139935
-0.045458503242494
-0.045455364885406
-0.045452595972644
-0.045450196419497
-0.045448166152562
-0.045446505109736
-0.045445213240217
-0.045444290504494
-0.045443736874346
-0.045443552332845
-0.045443736874347
-0.045444290504493
-0.045445213240217
-0.045446505109736
-0.045448166152562
-0.045450196419497
-0.045452595972644
-0.045455364885406
-0.045458503242494
-0.045462011139935
-0.045465888685076
-0.045470135996593
-0.045474753204502
-0.045479740450166
-0.045485097886308
-0.045490825677022
-0.045496923997784
-0.045503393035468
-0.045510232988357
-0.045517444066161
-0.04552502649003
-0.045532980492573
-0.045541306317877
-0.045550004221521
-0.045559074470599
-0.045568517343741
-0.045578333131131
-0.045588522134532
-0.045599084667308
-0.045610021054447
-0.045621331632589
-0.045633016750048
-0.045645076766842
-0.045657512054718
-0.045670322997183
-0.045683509989533
-0.045697073438881
-0.045711013764192
-0.045725331396314
-0.045740026778011
-0.045755100363997
-0.045770552620974
-0.045786384027665
-0.045802595074853
-0.04581918626542
-0.045836158114384
-0.045853511148942
-0.04587124590851
-0.045889362944766
-0.045907862821692
-0.045926746115621
-0.045946013415282
-0.045965665321844
-0.045985702448966
-0.046006125422847
-0.046026934882273
-0.046048131478671
-0.046069715876159
-0.046091688751599
-0.046114050794653
-0.04613680270784
-0.046159945206586
-0.046183479019293
-0.046207404887386
-0.046231723565383
-0.046256435820951
-0.04628154243497
-0.0463070442016
-0.046332941928341
-0.046359236436102
-0.046385928559273
-0.046413019145787
-0.046440509057193
-0.046468399168731
-0.046496690369402
-0.046525383562042
-0.046554479663399
-0.046583979604212
-0.046613884329286
-0.046644194797575
-0.046674911982262
-0.046706036870844
-0.046737570465213
-0.046769513781745
-0.046801867851388
-0.046834633719749
-0.046867812447186
-0.046901405108897
-0.046935412795021
-0.046969836610727
-0.047004677676313
-0.047039937127307
-0.047075616114564
-0.047111715804372
-0.047148237378551
-0.047185182034568
-0.047222550985632
-0.047260345460815
-0.047298566705157
-0.047337215979781
-0.047376294562007
-0.047415803745471
-0.047455744840245
-0.047496119172953
-0.0475369280869
-0.047578172942194
-0.047619855115873
-0.047661976002038
-0.047704537011979
-0.047747539574316
-0.047790985135128
-0.047834875158095
-0.047879211124639
-0.047923994534068
-0.047969226903716
-0.048014909769098
-0.048061044684055
-0.048107633220912
-0.048154676970628
-0.048202177542956
-0.048250136566608
-0.048298555689413
-0.048347436578483
-0.048396780920387
-0.04844659042132
-0.048496866807277
-0.048547611824231
-0.048598827238315
-0.048650514836004
-0.048702676424305
-0.048755313830944
-0.04880842890456
-0.048862023514902
-0.048916099553029
-0.048970658931513
-0.049025703584648
-0.049081235468656
-0.049137256561905
-0.049193768865126
-0.049250774401631
-0.049308275217544
-0.049366273382026
-0.04942477098751
-0.049483770149937
-0.049543273008998
-0.04960328172838
-0.049663798496016
-0.049724825524337
-0.049786365050534
-0.049848419336821
-0.049910990670698
-0.049974081365233
-0.050037693759329
-0.050101830218014
-0.050166493132728
-0.05023168492161
-0.050297408029804
-0.050363664929756
-0.050430458121526
-0.050497790133103
-0.050565663520723
-0.050634080869197
-0.05070304479224
-0.050772557932814
-0.050842622963469
-0.050913242586694
-0.050984419535273
-0.051056156572654
-0.051128456493315
-0.05120132212314
-0.051274756319813
-0.051348761973195
-0.051423342005741
-0.05149849937289
-0.051574237063494
-0.051650558100228
-0.051727465540034
-0.051804962474548
-0.051883052030553
-0.051961737370438
-0.052041021692656
-0.052120908232205
-0.052201400261106
-0.052282501088901
-0.052364214063152
-0.052446542569952
-0.052529490034456
-0.052613059921403
-0.05269725573567
-0.05278208102282
-0.052867539369672
-0.052953634404877
-0.053040369799507
-0.053127749267657
-0.053215776567057
-0.053304455499702
-0.053393789912487
-0.053483783697861
-0.053574440794494
-0.053665765187955
-0.053757760911408
-0.053850432046319
-0.053943782723181
-0.054037817122252
-0.054132539474312
-0.054227954061429
-0.054324065217752
-0.054420877330314
-0.054518394839851
-0.054616622241644
-0.054715564086377
-0.054815224981014
-0.054915609589693
-0.055016722634643
-0.055118568897123
-0.055221153218372
-0.055324480500594
-0.055428555707954
-0.055533383867604
-0.055638970070725
-0.055745319473599
-0.055852437298703
-0.055960328835824
-0.056068999443211
-0.056178454548739
-0.056288699651109
-0.056399740321076
-0.0565115822027
-0.056624231014635
-0.056737692551435
-0.056851972684908
-0.056967077365487
-0.05708301262364
-0.057199784571317
-0.057317399403426
-0.057435863399344
-0.057555182924472
-0.057675364431821
-0.057796414463636
-0.057918339653067
-0.058041146725873
-0.058164842502173
-0.05828943389824
-0.058414927928334
-0.058541331706593
-0.058668652448955
-0.058796897475145
-0.058926074210698
-0.059056190189046
-0.059187253053647
-0.059319270560174
-0.059452250578763
-0.059586201096313
-0.059721130218848
-0.059857046173942
-0.059993957313208
-0.060131872114844
-0.060270799186258
-0.060410747266756
-0.0605517252303
-0.060693742088342
-0.060836806992734
-0.060980929238715
-0.06112611826798
-0.06127238367183
-0.061419735194408
-0.061568182736026
-0.06171773635658
-0.06186840627906
-0.062020202893158
-0.062173136758974
-0.062327218610829
-0.062482459361177
-0.062638870104636
-0.062796462122129
-0.062955246885138
-0.063115236060085
-0.063276441512834
-0.063438875313325
-0.063602549740337
-0.063767477286395
-0.063933670662811
-0.064101142804881
-0.064269906877222
-0.064439976279281
-0.064611364650991
-0.064784085878604
-0.064958154100695
-0.065133583714343
-0.065310389381497
-0.065488586035539
-0.065668188888038
-0.06584921343571
-0.066031675467595
-0.066215591072447
-0.066400976646355
-0.066587848900592
-0.06677622486972
-0.066966121919932
-0.067157557757661
-0.06735055043846
-0.067545118376157
-0.067741280352302
-0.067939055525914
-0.06813846344353
-0.068339524049591
-0.068542257697142
-0.068746685158895
-0.068952827638633
-0.069160706783001
-0.069370344693666
-0.069581763939887
-0.069794987571491
-0.070010039132283
-0.070226942673896
-0.070445722770106
-0.07066640453162
-0.070889013621372
-0.071113576270318
-0.071340119293784
-0.071568670108355
-0.071799256749349
-0.07203190788889
-0.072266652854597
-0.072503521648931
-0.072742544969199
-0.072983754228272
-0.073227181576014
-0.073472859921478
-0.073720822955875
-0.073971105176368
-0.074223741910705
-0.074478769342746
-0.074736224538892
-0.074996145475483
-0.075258571067185
-0.075523541196404
-0.07579109674379
-0.076061279619856
-0.076334132797756
-0.076609700347297
-0.076888027470203
-0.077169160536706
-0.07745314712351
-0.077740036053193
-0.078029877435099
-0.078322722707795
-0.078618624683144
-0.078917637592085
-0.079219817132178
-0.07952522051699
-0.07983390652742
-0.080145935565022
-0.080461369707439
-0.080780272766028
-0.081102710345775
-0.081428749907605
-0.081758460833191
-0.082091914492386
-0.082429184313381
-0.082770345855726
-0.083115476886339
-0.083464657458642
-0.083817969994976
-0.084175499372433
-0.084537333012278
-0.084903560973133
-0.085274276048075
-0.085649573865874
-0.086029552996537
-0.086414315061378
-0.086803964847828
-0.087198610429228
-0.087598363289828
-0.088003338455268
-0.088413654628791
-0.088829434333503
-0.089250804060941
-0.089677894426309
-0.090110840330688
-0.090549781130586
-0.090994860815203
-0.091446228191811
-0.091904037079664
-0.092368446512874
-0.092839620952746
-0.093317730510043
-0.093802951177727
-0.094295465074724
-0.094795460701306
-0.095303133206726
-0.095818684669752
-0.09634232439283
-0.096874269210605
-0.097414743813603
-0.097963981087927
-0.098522222471851
-0.099089718330272
-0.099666728348047
-0.10025352194327
-0.10085037870167
-0.10145758883333
-0.10207545365305
-0.10270428608573
-0.10334441119825
-0.10399616675951
-0.10465990383015
-0.10533598738395
-0.10602479696267
-0.10672672736657
-0.10744218938261
-0.10817161055283
-0.10891543598543
-0.10967412921117
-0.1104481730881
-0.11123807075763
-0.11204434665533
-0.11286754758011
-0.11370824382546
-0.11456703037703
-0.115444528181
-0.11634138548795
-0.11725827927749
-0.11819591676907
-0.11915503702519
-0.12013641265329
-0.12114085161337
-0.12216919913899
-0.12322233977969
-0.12430119957376
-0.12540674836097
-0.12654000224553
-0.12770202622073
-0.12889393696736
-0.13011690583925
-0.13137216205046
-0.13266099607979
-0.13398476330982
-0.13534488791924
-0.13674286704874
-0.13818027526305
-0.13965876933329
-0.14118009336659
-0.14274608431207
-0.14435867787564
-0.14601991487857
-0.14773194809907
-0.14949704963929
-0.15131761886522
-0.15319619097122
-0.15513544622695
-0.15713821997011
-0.15920751341567
-0.16134650535958
-0.16355856486418
-0.16584726502164
-0.16821639790358
-0.17066999081681
-0.17321232399987
-0.17584794991091
-0.17858171427572
-0.18141877908584
-0.18436464776027
-0.18742519271187
-0.1906066855907
-0.19391583051267
-0.19735980062338
-0.20094627839503
-0.20468350010984
-0.20858030504782
-0.21264618997213
-0.21689136959252
-0.22132684379033
-0.22596447250871
-0.23081705935369
-0.23589844511909
-0.24122361264672
-0.24680880466896
-0.25267165656197
-0.25883134627402
-0.265308764097
-0.2721267054357
-0.27931009031692
-0.28688621409453
-0.29488503467492
-0.30333950265034
-0.31228594203132
-0.32176449087623
-0.33181961310416
-0.34250069524546
-0.35386274496343
-0.36596721203465
-0.37888295732071
-0.39268740137957
-0.40746789211468
-0.42332334072003
-0.44036618777558
-0.4587247775006
-0.4785462389706
-0.49999999998263
