1.5707963267949 -0.3585154015692 0.0005
4.7123889803847 -0.18353508163336 0.0005
7.8539816339745 -0.11976613812711 0.0005
10.995574287564 -0.087996762236696 0.0005
14.137166941154 -0.069304977199979 0.0005
17.278759594744 -0.057078067487111 0.0005
20.420352248334 -0.048484342908919 0.0005
23.561944901923 -0.042122974107256 0.0005
26.703537555513 -0.037228726672157 0.0005
29.845130209103 -0.03334854503825 0.0005
32.986722862693 -0.030197785115513 0.0005
36.128315516283 -0.027589622140915 0.0005
39.269908169872 -0.025395280649298 0.0005
42.411500823462 -0.023523105371194 0.0005
45.553093477052 -0.021907634290222 0.0005
48.694686130642 -0.020499571475338 0.0005
51.836278784232 -0.019261194575429 0.0005
54.977871437821 -0.018163687467166 0.0005
58.119464091411 -0.017184347718691 0.0005
61.261056745001 -0.016305102038825 0.0005
64.402649398591 -0.015511407264597 0.0005
67.544242052181 -0.014791355766048 0.0005
70.68583470577 -0.014135074950391 0.0005
73.82742735936 -0.013534523456001 0.0005
76.96902001295 -0.012982897868487 0.0005
80.11061266654 -0.012474504640027 0.0005
83.25220532013 -0.012004337717673 0.0005
86.393797973719 -0.011568328297126 0.0005
89.535390627309 -0.011162819200718 0.0005
92.676983280899 -0.010784853709015 0.0005
95.818575934489 -0.010431564751835 0.0005
98.960168588078 -0.010100686754989 0.0005
102.10176124167 -0.0097901639447229 0.0005
105.24335389526 -0.0094981422705136 0.0005
108.38494654885 -0.0092230572884786 0.0005
111.52653920244 -0.0089634096550321 0.0005
114.66813185603 -0.0087180158599524 0.0005
117.80972450962 -0.0084856632809537 0.0005
120.95131716321 -0.0082653881129934 0.0005
124.0929098168 -0.0080562678944719 0.0005
127.23450247039 -0.0078574313308544 0.0005
130.37609512398 -0.0076681921300968 0.0005
133.51768777757 -0.0074878571194551 0.0005
136.65928043116 -0.0073158132895775 0.0005
139.80087308475 -0.0071514855613469 0.0005
142.94246573834 -0.0069943648195634 0.0005
146.08405839193 -0.0068440088590082 0.0005
149.22565104552 -0.0066999689672453 0.0005
152.3672436991 -0.0065618797046914 0.0005
155.50883635269 -0.0064293831233239 0.0005
158.65042900628 -0.0063021033936653 0.0005
161.79202165987 -0.0061797741633591 0.0005
164.93361431346 -0.0060620974846849 0.0005
168.07520696705 -0.005948827545684 0.0005
171.21679962064 -0.0058397009756018 0.0005
174.35839227423 -0.0057345176159026 0.0005
177.49998492782 -0.0056330519857977 0.0005
180.64157758141 -0.005535095581208 0.0005
183.783170235 -0.005440510497685 0.0005
186.92476288859 -0.0053490937111167 0.0005
190.06635554218 -0.0052607047111414 0.0005
193.20794819577 -0.005175184381866 0.0005
196.34954084936 -0.0050924015315451 0.0005
199.49113350295 -0.0050122169818111 0.0005
202.63272615654 -0.0049345315614659 0.0005
205.77431881013 -0.0048592079542156 0.0005
208.91591146372 -0.0047861491247982 0.0005
212.05750411731 -0.0047152546813917 0.0005
215.1990967709 -0.0046464357890671 0.0005
218.34068942449 -0.0045795892290005 0.0005
221.48228207808 -0.0045146421253189 0.0005
224.62387473167 -0.0044515082785084 0.0005
227.76546738526 -0.0043901214402148 0.0005
230.90706003885 -0.0043304018977255 0.0005
234.04865269244 -0.004272281908829 0.0005
237.19024534603 -0.0042157070863779 0.0005
240.33183799962 -0.0041606087661889 0.0005
243.47343065321 -0.0041069299539793 0.0005
246.6150233068 -0.0040546214414259 0.0005
249.75661596039 -0.0040036301888347 0.0005
252.89820861398 -0.0039538972083442 0.0005
256.03980126757 -0.0039053902780323 0.0005
259.18139392116 -0.0038580576324282 0.0005
262.32298657475 -0.0038118631062158 0.0005
265.46457922834 -0.0037667535142103 0.0005
268.60617188193 -0.003722706301457 0.0005
271.74776453552 -0.003679672304378 0.0005
274.88935718911 -0.0036376205782889 0.0005
278.0309498427 -0.0035965221537805 0.0005
281.17254249629 -0.0035563409347783 0.0005
284.31413514988 -0.0035170521461473 0.0005
287.45572780347 -0.003478616896503 0.0005
290.59732045706 -0.0034410144658979 0.0005
293.73891311065 -0.0034042190860754 0.0005
296.88050576424 -0.0033681968253185 0.0005
300.02209841783 -0.003332928790359 0.0005
303.16369107142 -0.0032983943856372 0.0005
306.305283725 -0.0032645690376398 0.0005
309.44687637859 -0.0032314283884077 0.0005
312.58846903218 -0.0031989549054754 0.0005
315.73006168577 -0.0031671276957854 0.0005
318.87165433936 -0.0031359291423031 0.0005
322.01324699295 -0.0031053348417185 0.0005
325.15483964654 -0.0030753333196859 0.0005
328.29643230013 -0.0030459077254288 0.0005
331.43802495372 -0.0030170382910384 0.0005
334.57961760731 -0.0029887121469904 0.0005
337.7212102609 -0.0029609100778519 0.0005
340.86280291449 -0.0029336232818679 0.0005
344.00439556808 -0.0029068321893176 0.0005
347.14598822167 -0.002880529818449 0.0005
350.28758087526 -0.0028546978860412 0.0005
353.42917352885 -0.0028293232472914 0.0005
356.57076618244 -0.00280439891205 0.0005
359.71235883603 -0.0027799090677718 0.0005
362.85395148962 -0.0027558403910686 0.0005
365.99554414321 -0.0027321874460534 0.0005
369.1371367968 -0.0027089366715112 0.0005
372.27872945039 -0.0026860782096143 0.0005
375.42032210398 -0.0026636014560022 0.0005
378.56191475757 -0.0026414970693162 0.0005
381.70350741116 -0.0026197578020799 0.0005
384.84510006475 -0.0025983728352758 0.0005
387.98669271834 -0.0025773357918595 0.0005
391.12828537193 -0.0025566360775819 0.0005
394.26987802552 -0.0025362649358 0.0005
397.41147067911 -0.0025162148288873 0.0005
400.5530633327 -0.0024964815603784 0.0005
403.69465598629 -0.0024770540692133 0.0005
406.83624863988 -0.0024579285209448 0.0005
409.97784129347 -0.0024390945282506 0.0005
413.11943394706 -0.0024205479649518 0.0005
416.26102660065 -0.002402281113802 0.0005
419.40261925424 -0.0023842869431885 0.0005
422.54421190783 -0.0023665598279453 0.0005
425.68580456142 -0.0023490952114095 0.0005
428.82739721501 -0.002331886265963 0.0005
431.9689898686 -0.0023149279759942 0.0005
435.11058252219 -0.0022982150373462 0.0005
438.25217517578 -0.0022817414372817 0.0005
441.39376782937 -0.0022655018454411 0.0005
444.53536048296 -0.0022494928373483 0.0005
447.67695313655 -0.0022337079859015 0.0005
450.81854579014 -0.0022181416926763 0.0005
453.96013844373 -0.0022027914981996 0.0005
457.10173109731 -0.0021876517797454 0.0005
460.2433237509 -0.0021727190842679 0.0005
463.38491640449 -0.0021579901849765 0.0005
466.52650905808 -0.0021434581665773 0.0005
469.66810171167 -0.0021291216621151 0.0005
472.80969436526 -0.0021149751953005 0.0005
475.95128701885 -0.0021010162101541 0.0005
479.09287967244 -0.0020872397660106 0.0005
482.23447232603 -0.002073642635313 0.0005
485.37606497962 -0.0020602214316715 0.0005
488.51765763321 -0.0020469723572104 0.0005
491.6592502868 -0.0020338932310179 0.0005
494.80084294039 -0.0020209805876229 0.0005
497.94243559398 -0.002008230584627 0.0005
501.08402824757 -0.0019956389167941 0.0005
504.22562090116 -0.0019832053110182 0.0005
507.36721355475 -0.0019709269187479 0.0005
510.50880620834 -0.0019587976656628 0.0005
513.65039886193 -0.0019468185331832 0.0005
516.79199151552 -0.001934983503501 0.0005
519.93358416911 -0.0019232922752131 0.0005
523.0751768227 -0.001911740484038 0.0005
526.21676947629 -0.0019003281968943 0.0005
529.35836212988 -0.0018890507097012 0.0005
532.49995478347 -0.0018779053910921 0.0005
535.64154743706 -0.0018668927546801 0.0005
538.78314009065 -0.0018560065492436 0.0005
541.92473274424 -0.0018452479182892 0.0005
545.06632539783 -0.0018346139548741 0.0005
548.20791805142 -0.0018240995849222 0.0005
551.34951070501 -0.0018137061561831 0.0005
554.4911033586 -0.0018034306964247 0.0005
557.63269601219 -0.0017932709838677 0.0005
560.77428866578 -0.0017832251038811 0.0005
563.91588131937 -0.0017732907786571 0.0005
567.05747397296 -0.0017634665239413 0.0005
570.19906662655 -0.0017537507567346 0.0005
573.34065928014 -0.0017441403642782 0.0005
576.48225193373 -0.0017346365943671 0.0005
579.62384458732 -0.0017252351834208 0.0005
582.76543724091 -0.0017159350211196 0.0005
585.9070298945 -0.0017067353844009 0.0005
589.04862254809 -0.0016976316201915 0.0005
592.19021520168 -0.0016886256837376 0.0005
595.33180785527 -0.0016797155204219 0.0005
598.47340050886 -0.0016708982733994 0.0005
601.61499316245 -0.0016621731045616 0.0005
604.75658581604 -0.0016535387450906 0.0005
607.89817846963 -0.0016449927781483 0.0005
611.03977112321 -0.001636535983693 0.0005
614.1813637768 -0.0016281648885781 0.0005
617.32295643039 -0.0016198795103362 0.0005
620.46454908398 -0.0016116775605144 0.0005
623.60614173757 -0.0016035589741652 0.0005
626.74773439116 -0.001595520847499 0.0005
629.88932704475 -0.0015875631966692 0.0005
633.03091969834 -0.0015796851677397 0.0005
636.17251235193 -0.0015718840900951 0.0005
639.31410500552 -0.0015641596812475 0.0005
642.45569765911 -0.0015565120391319 0.0005
645.5972903127 -0.0015489380295244 0.0005
648.73888296629 -0.0015414370632207 0.0005
651.88047561988 -0.0015340082916393 0.0005
655.02206827347 -0.0015266506818612 0.0005
658.16366092706 -0.0015193639635466 0.0005
661.30525358065 -0.0015121462013941 0.0005
664.44684623424 -0.0015049961053781 0.0005
667.58843888783 -0.0014979146739918 0.0005
670.73003154142 -0.0014908986029854 0.0005
673.87162419501 -0.0014839489098281 0.0005
677.0132168486 -0.0014770627520498 0.0005
680.15480950219 -0.0014702400931733 0.0005
683.29640215578 -0.0014634803801056 0.0005
686.43799480937 -0.0014567828062221 0.0005
689.57958746296 -0.0014501458647736 0.0005
692.72118011655 -0.0014435696568836 0.0005
695.86277277014 -0.0014370529776747 0.0005
699.00436542373 -0.0014305936788145 0.0005
702.14595807732 -0.0014241928740925 0.0005
705.28755073091 -0.0014178489964746 0.0005
708.4291433845 -0.001411561877632 0.0005
711.57073603809 -0.0014053299624796 0.0005
714.71232869168 -0.0013991525735258 0.0005
717.85392134527 -0.0013930298740349 0.0005
720.99551399886 -0.0013869595643447 0.0005
724.13710665245 -0.0013809428817896 0.0005
727.27869930604 -0.0013749773463193 0.0005
730.42029195963 -0.0013690635477245 0.0005
733.56188461322 -0.0013632007357335 0.0005
736.70347726681 -0.001357387315523 0.0005
739.8450699204 -0.0013516241048989 0.0005
742.98666257399 -0.0013459090270288 0.0005
746.12825522758 -0.0013402419047926 0.0005
749.26984788117 -0.0013346225530845 0.0005
752.41144053476 -0.0013290504872041 0.0005
755.55303318835 -0.0013235240968025 0.0005
758.69462584194 -0.0013180442753839 0.0005
761.83621849552 -0.0013126086517981 0.0005
764.97781114911 -0.0013072179715779 0.0005
768.1194038027 -0.001301871527902 0.0005
771.26099645629 -0.0012965688155757 0.0005
774.40258910988 -0.0012913088649417 0.0005
777.54418176347 -0.0012860918292562 0.0005
780.68577441706 -0.0012809162804806 0.0005
783.82736707065 -0.0012757826194304 0.0005
786.96895972424 -0.0012706896582473 0.0005
790.11055237783 -0.0012656372102693 0.0005
793.25214503142 -0.0012606248829534 0.0005
796.39373768501 -0.0012556521591741 0.0005
799.5353303386 -0.001250718255791 0.0005
802.67692299219 -0.0012458234763908 0.0005
805.81851564578 -0.0012409661962349 0.0005
808.96010829937 -0.0012361468775258 0.0005
812.10170095296 -0.0012313649161866 0.0005
815.24329360655 -0.0012266204708053 0.0005
818.38488626014 -0.0012219116219707 0.0005
821.52647891373 -0.0012172388291957 0.0005
824.66807156732 -0.0012126015968429 0.0005
827.80966422091 -0.0012079993784449 0.0005
830.9512568745 -0.0012034324824891 0.0005
834.09284952809 -0.0011989003153365 0.0005
837.23444218168 -0.0011944014162445 0.0005
840.37603483527 -0.0011899359319065 0.0005
843.51762748886 -0.0011855044869607 0.0005
846.65922014245 -0.0011811057540969 0.0005
849.80081279604 -0.0011767393258944 0.0005
852.94240544963 -0.001172404977009 0.0005
856.08399810322 -0.0011681030854387 0.0005
859.22559075681 -0.001163831912659 0.0005
862.3671834104 -0.0011595923206671 0.0005
865.50877606399 -0.0011553833502359 0.0005
868.65036871758 -0.0011512046932121 0.0005
871.79196137117 -0.0011470558731228 0.0005
874.93355402476 -0.0011429375072556 0.0005
878.07514667835 -0.0011388482546439 0.0005
881.21673933194 -0.001134788235165 0.0005
884.35833198553 -0.0011307568607202 0.0005
887.49992463912 -0.0011267547813043 0.0005
890.64151729271 -0.0011227801373349 0.0005
893.7831099463 -0.0011188336288872 0.0005
896.92470259989 -0.0011149148832277 0.0005
900.06629525348 -0.0011110230452663 0.0005
903.20788790707 -0.001107159020147 0.0005
906.34948056066 -0.0011033211594693 0.0005
909.49107321425 -0.0010995102617396 0.0005
912.63266586783 -0.0010957253889637 0.0005
915.77425852142 -0.001091966383621 0.0005
918.91585117501 -0.0010882331946474 0.0005
922.0574438286 -0.0010845254439908 0.0005
925.19903648219 -0.0010808432639439 0.0005
928.34062913578 -0.001077185477224 0.0005
931.48222178937 -0.0010735525204199 0.0005
934.62381444296 -0.0010699440317926 0.0005
937.76540709655 -0.0010663594623039 0.0005
940.90699975014 -0.0010627990493024 0.0005
944.04859240373 -0.0010592625498576 0.0005
947.19018505732 -0.0010557489082479 0.0005
950.33177771091 -0.0010522588135514 0.0005
953.4733703645 -0.0010487917087062 0.0005
956.61496301809 -0.0010453477486064 0.0005
959.75655567168 -0.0010419257989254 0.0005
962.89814832527 -0.0010385265638126 0.0005
966.03974097886 -0.0010351494165863 0.0005
969.18133363245 -0.001031794070293 0.0005
972.32292628604 -0.0010284605022149 0.0005
975.46451893963 -0.0010251479876085 0.0005
978.60611159322 -0.0010218569722702 0.0005
981.74770424681 -0.0010185873680511 0.0005
984.8892969004 -0.0010153382396736 0.0005
988.03088955399 -0.0010121096265043 0.0005
991.17248220758 -0.0010089017820852 0.0005
994.31407486117 -0.0010057142912662 0.0005
997.45566751476 -0.001002546900756 0.0005
1000.5972601683 -0.0009993988160491 0.0005
1003.7388528219 -0.00099627108173945 0.0005
1006.8804454755 -0.00099316221913073 0.0005
1010.0220381291 -0.00099007328354949 0.0005
1013.1636307827 -0.00098700319120768 0.0005
1016.3052234363 -0.00098395195078638 0.0005
1019.4468160899 -0.00098092002651195 0.0005
1022.5884087435 -0.000977906761969 0.0005
1025.7300013971 -0.00097491164282305 0.0005
1028.8715940507 -0.00097193459749934 0.0005
1032.0131867042 -0.00096897593552448 0.0005
1035.1547793578 -0.00096603508314129 0.0005
1038.2963720114 -0.0009631122467437 0.0005
1041.437964665 -0.00096020682574858 0.0005
1044.5795573186 -0.00095731923028612 0.0005
1047.7211499722 -0.00095444886350912 0.0005
1050.8627426258 -0.00095159534031381 0.0005
1054.0043352794 -0.00094875912328093 0.0005
1057.145927933 -0.00094593957546249 0.0005
1060.2875205866 -0.00094313681118189 0.0005
1063.4291132401 -0.00094035075053633 0.0005
1066.5707058937 -0.00093758100222234 0.0005
1069.7122985473 -0.00093482754075032 0.0005
1072.8538912009 -0.00093208996791845 0.0005
1075.9954838545 -0.00092936863886893 0.0005
1079.1370765081 -0.00092666297755374 0.0005
1082.2786691617 -0.0009239731710737 0.0005
1085.4202618153 -0.00092129896260079 0.0005
1088.5618544689 -0.00091863984174677 0.0005
1091.7034471225 -0.00091599651216689 0.0005
1094.845039776 -0.00091336800649842 0.0005
1097.9866324296 -0.00091075460675534 0.0005
1101.1282250832 -0.00090815614593148 0.0005
1104.2698177368 -0.00090557265734768 0.0005
1107.4114103904 -0.00090300368517211 0.0005
1110.553003044 -0.00090044916876241 0.0005
1113.6945956976 -0.00089790915000445 0.0005
1116.8361883512 -0.00089538341427333 0.0005
1119.9777810048 -0.0008928716962373 0.0005
1123.1193736584 -0.00089037433136132 0.0005
1126.2609663119 -0.00088789080171136 0.0005
1129.4025589655 -0.00088542068835906 0.0005
1132.5441516191 -0.00088296478995272 0.0005
1135.6857442727 -0.00088052202281403 0.0005
1138.8273369263 -0.00087809332068426 0.0005
1141.9689295799 -0.0008756777634704 0.0005
1145.1105222335 -0.0008732752194553 0.0005
1148.2521148871 -0.00087088587552274 0.0005
1151.3937075407 -0.00086850983816462 0.0005
1154.5353001942 -0.00086614668731752 0.0005
1157.6768928478 -0.0008637960469956 0.0005
1160.8184855014 -0.00086145830511578 0.0005
1163.960078155 -0.00085913333236238 0.0005
1167.1016708086 -0.00085682088343164 0.0005
1170.2432634622 -0.0008545207691451 0.0005
1173.3848561158 -0.00085223267441513 0.0005
1176.5264487694 -0.00084995696076968 0.0005
1179.668041423 -0.0008476932234494 0.0005
1182.8096340766 -0.00084544185725757 0.0005
1185.9512267301 -0.00084320248691594 0.0005
1189.0928193837 -0.00084097472107909 0.0005
1192.2344120373 -0.00083875861988936 0.0005
1195.3760046909 -0.00083655439253226 0.0005
1198.5175973445 -0.00083436142958483 0.0005
1201.6591899981 -0.00083218028975421 0.0005
1204.8007826517 -0.0008300103415428 0.0005
1207.9423753053 -0.00082785185026033 0.0005
1211.0839679589 -0.00082570438010677 0.0005
1214.2255606125 -0.00082356794828619 0.0005
1217.367153266 -0.0008214426433345 0.0005
1220.5087459196 -0.00081932814343482 0.0005
1223.6503385732 -0.00081722459038094 0.0005
1226.7919312268 -0.00081513181015214 0.0005
1229.9335238804 -0.00081304973674357 0.0005
1233.075116534 -0.00081097819659617 0.0005
1236.2167091876 -0.00080891730166438 0.0005
1239.3583018412 -0.00080686681498885 0.0005
1242.4998944948 -0.0008048267583236 0.0005
1245.6414871484 -0.00080279704995671 0.0005
1248.7830798019 -0.000800777300472 0.0005
1251.9246724555 -0.00079876803621859 0.0005
1255.0662651091 -0.00079676857021298 0.0005
1258.2078577627 -0.00079477899487323 0.0005
1261.3494504163 -0.0007927995649865 0.0005
1264.4910430699 -0.00079082980064548 0.0005
1267.6326357235 -0.00078887005837867 0.0005
1270.7742283771 -0.00078691968910801 0.0005
1273.9158210307 -0.00078497903748631 0.0005
1277.0574136843 -0.00078304810348142 0.0005
1280.1990063378 -0.00078112654438131 0.0005
1283.3405989914 -0.0007792143162663 0.0005
1286.482191645 -0.00077731158974458 0.0005
1289.6237842986 -0.00077541786447366 0.0005
1292.7653769522 -0.00077353356857018 0.0005
1295.9069696058 -0.0007716584215536 0.0005
1299.0485622594 -0.00076979210866862 0.0005
1302.190154913 -0.00076793501068198 0.0005
1305.3317475666 -0.00076608671625729 0.0005
1308.4733402201 -0.00076424760557701 0.0005
1311.6149328737 -0.00076241699189379 0.0005
1314.7565255273 -0.00076059516097574 0.0005
1317.8981181809 -0.00075878212212582 0.0005
1321.0397108345 -0.00075697773385228 0.0005
1324.1813034881 -0.00075518184733442 0.0005
1327.3228961417 -0.00075339435354458 0.0005
1330.4644887953 -0.00075161543615826 0.0005
1333.6060814489 -0.00074984468187653 0.0005
1336.7476741025 -0.00074808256213142 0.0005
1339.889266756 -0.00074632850268636 0.0005
1343.0308594096 -0.00074458272623544 0.0005
1346.1724520632 -0.00074284520827085 0.0005
1349.3140447168 -0.00074111561547641 0.0005
1352.4556373704 -0.00073939397945313 0.0005
1355.597230024 -0.00073768049180927 0.0005
1358.7388226776 -0.00073597500429291 0.0005
1361.8804153312 -0.00073427723449175 0.0005
1365.0220079848 -0.00073258729408198 0.0005
1368.1636006384 -0.0007309050651396 0.0005
1371.3051932919 -0.00072923053302423 0.0005
1374.4467859455 -0.00072756377226211 0.0005
1377.5883785991 -0.00072590454855355 0.0005
1380.7299712527 -0.00072425292270342 0.0005
1383.8715639063 -0.00072260887219714 0.0005
1387.0131565599 -0.00072097221358891 0.0005
1390.1547492135 -0.00071934275649723 0.0005
1393.2963418671 -0.00071772100676923 0.0005
1396.4379345207 -0.00071610634713646 0.0005
1399.5795271743 -0.0007144987832935 0.0005
1402.7211198278 -0.00071289854233623 0.0005
1405.8627124814 -0.00071130547057599 0.0005
1409.004305135 -0.00070971953041179 0.0005
1412.1458977886 -0.00070814053264979 0.0005
1415.2874904422 -0.00070656858062015 0.0005
1418.4290830958 -0.00070500369581783 0.0005
1421.5706757494 -0.00070344588325261 0.0005
1424.712268403 -0.00070189466623249 0.0005
1427.8538610566 -0.00070035027922289 0.0005
1430.9954537102 -0.00069881271316222 0.0005
1434.1370463637 -0.00069728204697502 0.0005
1437.2786390173 -0.00069575792397605 0.0005
1440.4202316709 -0.00069424046928564 0.0005
1443.5618243245 -0.00069272956344036 0.0005
1446.7034169781 -0.00069122522194764 0.0005
1449.8450096317 -0.00068972754420456 0.0005
1452.9866022853 -0.00068823624846105 0.0005
1456.1281949389 -0.00068675139355196 0.0005
1459.2697875925 -0.00068527280087676 0.0005
1462.411380246 -0.00068380077580145 0.0005
1465.5529728996 -0.00068233500370726 0.0005
1468.6945655532 -0.00068087546648596 0.0005
1471.8361582068 -0.00067942207673079 0.0005
1474.9777508604 -0.00067797498530719 0.0005
1478.119343514 -0.00067653400807667 0.0005
1481.2609361676 -0.00067509908115106 0.0005
1484.4025288212 -0.00067367042557895 0.0005
1487.5441214748 -0.00067224773822982 0.0005
1490.6857141284 -0.00067083103551352 0.0005
1493.8273067819 -0.00066942020255996 0.0005
1496.9688994355 -0.00066801535862696 0.0005
1500.1104920891 -0.00066661632502112 0.0005
1503.2520847427 -0.00066522317289359 0.0005
1506.3936773963 -0.00066383584749341 0.0005
1509.5352700499 -0.00066245427502653 0.0005
1512.6768627035 -0.00066107846721049 0.0005
1515.8184553571 -0.00065970831520549 0.0005
1518.9600480107 -0.00065834387316088 0.0005
1522.1016406643 -0.000656984981228 0.0005
1525.2432333178 -0.00065563198516258 0.0005
1528.3848259714 -0.00065428432121068 0.0005
1531.526418625 -0.00065294214055557 0.0005
1534.6680112786 -0.00065160558709873 0.0005
1537.8096039322 -0.00065027430154945 0.0005
1540.9511965858 -0.00064894856711863 0.0005
1544.0927892394 -0.00064762828535367 0.0005
1547.234381893 -0.00064631338697347 0.0005
1550.3759745466 -0.00064500358355614 0.0005
1553.5175672002 -0.00064369931115632 0.0005
1556.6591598537 -0.0006424002586771 0.0005
1559.8007525073 -0.00064110640280808 0.0005
1562.9423451609 -0.00063981772036753 0.0005
1566.0839378145 -0.00063853434423844 0.0005
1569.2255304681 -0.00063725597749089 0.0005
1572.3671231217 -0.00063598269519697 0.0005
1575.5087157753 -0.0006347144391007 0.0005
1578.6503084289 -0.00063345134341987 0.0005
1581.7919010825 -0.000632193281833 0.0005
1584.9334937361 -0.00063094015898179 0.0005
1588.0750863896 -0.00062969202031249 0.0005
1591.2166790432 -0.00062844871556729 0.0005
1594.3582716968 -0.00062721046223004 0.0005
1597.4998643504 -0.00062597704891396 0.0005
1600.641457004 -0.00062474845294306 0.0005
1603.7830496576 -0.00062352465014697 0.0005
1606.9246423112 -0.00062230562696056 0.0005
1610.0662349648 -0.00062109142998733 0.0005
1613.2078276184 -0.00061988178705154 0.0005
1616.3494202719 -0.00061867695925649 0.0005
1619.4910129255 -0.00061747683340854 0.0005
1622.6326055791 -0.00061628140822033 0.0005
1625.7741982327 -0.00061509061116514 0.0005
1628.9157908863 -0.00061390434729209 0.0005
1632.0573835399 -0.00061272260699426 0.0005
1635.1989761935 -0.00061154539053191 0.0005
1638.3405688471 -0.00061037273124708 0.0005
1641.4821615007 -0.00060920468952157 0.0005
1644.6237541543 -0.00060804083595131 0.0005
1647.7653468078 -0.00060688153135359 0.0005
1650.9069394614 -0.0006057266195187 0.0005
1654.048532115 -0.00060457628437588 0.0005
1657.1901247686 -0.00060343010537913 0.0005
1660.3317174222 -0.00060228845404241 0.0005
1663.4733100758 -0.00060115093991603 0.0005
1666.6149027294 -0.00060001764501581 0.0005
1669.756495383 -0.00059888868953691 0.0005
1672.8980880366 -0.00059776415770289 0.0005
1676.0396806902 -0.00059664364227559 0.0005
1679.1812733437 -0.00059552744439365 0.0005
1682.3228659973 -0.00059441526254107 0.0005
1685.4644586509 -0.00059330731964177 0.0005
1688.6060513045 -0.00059220353013991 0.0005
1691.7476439581 -0.00059110383235483 0.0005
1694.8892366117 -0.0005900081319201 0.0005
1698.0308292653 -0.00058891661066768 0.0005
1701.1724219189 -0.0005878290205853 0.0005
1704.3140145725 -0.00058674540964929 0.0005
1707.4556072261 -0.00058566591933007 0.0005
1710.5971998796 -0.00058459030062313 0.0005
1713.7387925332 -0.00058351870592044 0.0005
1716.8803851868 -0.00058245094763877 0.0005
1720.0219778404 -0.00058138708724299 0.0005
1723.163570494 -0.00058032707997371 0.0005
1726.3051631476 -0.0005792709766365 0.0005
1729.4467558012 -0.00057821875263111 0.0005
1732.5883484548 -0.00057717030801621 0.0005
1735.7299411084 -0.00057612559813364 0.0005
1738.871533762 -0.00057508472769978 0.0005
1742.0131264155 -0.00057404768307083 0.0005
1745.1547190691 -0.00057301418119847 0.0005
1748.2963117227 -0.00057198453961797 0.0005
1751.4379043763 -0.0005709586161557 0.0005
1754.5794970299 -0.0005699363214894 0.0005
1757.7210896835 -0.00056891762906318 0.0005
1760.8626823371 -0.00056790270318626 0.0005
1764.0042749907 -0.00056689121681459 0.0005
1767.1458676443 -0.00056588349495369 0.0005
1770.2874602978 -0.00056487928937188 0.0005
1773.4290529514 -0.00056387853201269 0.0005
1776.570645605 -0.00056288148897414 0.0005
1779.7122382586 -0.00056188796856228 0.0005
1782.8538309122 -0.00056089782635257 0.0005
1785.9954235658 -0.00055991122570721 0.0005
1789.1370162194 -0.00055892805714451 0.0005
1792.278608873 -0.0005579482092685 0.0005
1795.4202015266 -0.00055697192065243 0.0005
1798.5617941802 -0.00055599903893535 0.0005
1801.7033868337 -0.00055502962049297 0.0005
1804.8449794873 -0.00055406348570745 0.0005
1807.9865721409 -0.00055310076658591 0.0005
1811.1281647945 -0.0005521414095146 0.0005
1814.2697574481 -0.00055118524159644 0.0005
1817.4113501017 -0.00055023244600471 0.0005
1820.5529427553 -0.00054928295255154 0.0005
1823.6945354089 -0.0005483367361209 0.0005
1826.8361280625 -0.00054739379530072 0.0005
1829.9777207161 -0.00054645407670347 0.0005
1833.1193133696 -0.00054551745393564 0.0005
1836.2609060232 -0.000544584273381 0.0005
1839.4024986768 -0.00054365414200789 0.0005
1842.5440913304 -0.00054272716678259 0.0005
1845.685683984 -0.00054180337551519 0.0005
1848.8272766376 -0.00054088271916343 0.0005
1851.9688692912 -0.0005399652246359 0.0005
1855.1104619448 -0.00053905078599871 0.0005
1858.2520545984 -0.00053813946945786 0.0005
1861.393647252 -0.00053723121619804 0.0005
1864.5352399055 -0.000536325944152 0.0005
1867.6768325591 -0.0005354238626685 0.0005
1870.8184252127 -0.00053452468374056 0.0005
1873.9600178663 -0.00053362866000512 0.0005
1877.1016105199 -0.00053273547614365 0.0005
1880.2432031735 -0.00053184542975551 0.0005
1883.3847958271 -0.00053095828299373 0.0005
1886.5263884807 -0.00053007402557046 0.0005
1889.6679811343 -0.00052919286045799 0.0005
1892.8095737879 -0.00052831452468738 0.0005
1895.9511664414 -0.00052743919621406 0.0005
1899.092759095 -0.00052656662718715 0.0005
1902.2343517486 -0.00052569702056313 0.0005
1905.3759444022 -0.00052483021583082 0.0005
1908.5175370558 -0.00052396628972404 0.0005
1911.6591297094 -0.00052310527640483 0.0005
1914.800722363 -0.00052224701766514 0.0005
1917.9423150166 -0.0005213915397086 0.0005
1921.0839076702 -0.0005205388678248 0.0005
1924.2255003237 -0.00051968902589338 0.0005
1927.3670929773 -0.00051884184373153 0.0005
1930.5086856309 -0.00051799758009574 0.0005
1933.6502782845 -0.00051715595755339 0.0005
1936.7918709381 -0.00051631710404064 0.0005
1939.9334635917 -0.00051548100169228 0.0005
1943.0750562453 -0.0005146475774977 0.0005
1946.2166488989 -0.00051381681588941 0.0005
1949.3582415525 -0.00051298879510611 0.0005
1952.4998342061 -0.00051216341555582 0.0005
1955.6414268596 -0.00051134066103844 0.0005
1958.7830195132 -0.00051052052900963 0.0005
1961.9246121668 -0.00050970303324745 0.0005
1965.0662048204 -0.00050888817022902 0.0005
1968.207797474 -0.00050807592427717 0.0005
1971.3493901276 -0.00050726627130039 0.0005
1974.4909827812 -0.00050645905535365 0.0005
1977.6325754348 -0.00050565458641364 0.0005
1980.7741680884 -0.00050485254817505 0.0005
1983.915760742 -0.00050405311017767 0.0005
1987.0573533955 -0.00050325618398668 0.0005
1990.1989460491 -0.00050246182803193 0.0005
1993.3405387027 -0.00050166990346658 0.0005
1996.4821313563 -0.00050088045915464 0.0005
1999.6237240099 -0.00050009352770199 0.0005
2002.7653166635 -0.00049930911379754 0.0005
2005.9069093171 -0.0004985271104043 0.0005
2009.0485019707 -0.00049774749860609 0.0005
2012.1900946243 -0.00049697039767985 0.0005
2015.3316872779 -0.00049619569867523 0.0005
2018.4732799314 -0.00049542332129324 0.0005
2021.614872585 -0.00049465349531428 0.0005
2024.7564652386 -0.00049388606066038 0.0005
2027.8980578922 -0.00049312085973256 0.0005
2031.0396505458 -0.00049235809846666 0.0005
2034.1812431994 -0.00049159772089274 0.0005
2037.322835853 -0.00049083971315677 0.0005
2040.4644285066 -0.00049008393831296 0.0005
2043.6060211602 -0.0004893305670658 0.0005
2046.7476138138 -0.00048857955052751 0.0005
2049.8892064673 -0.00048783071545648 0.0005
2053.0307991209 -0.00048708422206776 0.0005
2056.1723917745 -0.00048634007420401 0.0005
2059.3139844281 -0.00048559814389336 0.0005
2062.4555770817 -0.00048485846190146 0.0005
2065.5971697353 -0.00048412099834624 0.0005
2068.7387623889 -0.00048338586076236 0.0005
2071.8803550425 -0.00048265285257339 0.0005
2075.0219476961 -0.00048192213401621 0.0005
2078.1635403496 -0.00048119357798831 0.0005
2081.3051330032 -0.00048046726642674 0.0005
2084.4467256568 -0.00047974313488596 0.0005
2087.5883183104 -0.00047902115782623 0.0005
2090.729910964 -0.00047830139557312 0.0005
2093.8715036176 -0.00047758377734114 0.0005
2097.0130962712 -0.00047686828948387 0.0005
2100.1546889248 -0.00047615488457165 0.0005
2103.2962815784 -0.00047544374695557 0.0005
2106.437874232 -0.00047473462053111 0.0005
2109.5794668855 -0.00047402760646528 0.0005
2112.7210595391 -0.00047332276302692 0.0005
2115.8626521927 -0.00047261992819028 0.0005
2119.0042448463 -0.00047191931035292 0.0005
2122.1458374999 -0.00047122065335933 0.0005
2125.2874301535 -0.00047052411914564 0.0005
2128.4290228071 -0.00046982966643537 0.0005
2131.5706154607 -0.00046913721851358 0.0005
2134.7122081143 -0.0004684468129725 0.0005
2137.8538007679 -0.00046775840427117 0.0005
2140.9953934214 -0.00046707206749608 0.0005
2144.136986075 -0.00046638768438315 0.0005
2147.2785787286 -0.0004657052986552 0.0005
2150.4201713822 -0.00046502494145805 0.0005
2153.5617640358 -0.00046434658992538 0.0005
2156.7033566894 -0.00046367015950889 0.0005
2159.844949343 -0.00046299572791475 0.0005
2162.9865419966 -0.0004623233474337 0.0005
2166.1281346502 -0.00046165281259083 0.0005
2169.2697273038 -0.00046098422312401 0.0005
2172.4113199573 -0.00046031762887965 0.0005
2175.5529126109 -0.00045965288960697 0.0005
2178.6945052645 -0.00045899007793669 0.0005
2181.8360979181 -0.00045832914008159 0.0005
2184.9776905717 -0.00045767020674097 0.0005
2188.1192832253 -0.00045701307014363 0.0005
2191.2608758789 -0.00045635787851451 0.0005
2194.4024685325 -0.00045570455902464 0.0005
2197.5440611861 -0.00045505301918339 0.0005
2200.6856538397 -0.00045440338303269 0.0005
2203.8272464932 -0.00045375570528042 0.0005
2206.9688391468 -0.00045310974723934 0.0005
2210.1104318004 -0.00045246568634095 0.0005
2213.252024454 -0.00045182338223774 0.0005
2216.3936171076 -0.00045118301265542 0.0005
2219.5352097612 -0.00045054447154693 0.0005
2222.6768024148 -0.0004499075685045 0.0005
2225.8183950684 -0.00044927256731538 0.0005
2228.959987722 -0.00044863930731913 0.0005
2232.1015803755 -0.00044800789255639 0.0005
2235.2431730291 -0.00044737820975321 0.0005
2238.3847656827 -0.0004467503193556 0.0005
2241.5263583363 -0.00044612417129613 0.0005
2244.6679509899 -0.00044549979737303 0.0005
2247.8095436435 -0.00044487718775078 0.0005
2250.9511362971 -0.00044425624825759 0.0005
2254.0927289507 -0.00044363713304041 0.0005
2257.2343216043 -0.00044301970031305 0.0005
2260.3759142579 -0.00044240398607577 0.0005
2263.5175069114 -0.00044178985444232 0.0005
2266.659099565 -0.00044117758798295 0.0005
2269.8006922186 -0.00044056698567641 0.0005
2272.9422848722 -0.00043995802022206 0.0005
2276.0838775258 -0.00043935075483298 0.0005
2279.2254701794 -0.00043874517933902 0.0005
2282.367062833 -0.0004381412613163 0.0005
2285.5086554866 -0.00043753903946531 0.0005
2288.6502481402 -0.00043693839936538 0.0005
2291.7918407938 -0.00043633944038741 0.0005
2294.9334334473 -0.00043574217507114 0.0005
2298.0750261009 -0.00043514639234073 0.0005
2301.2166187545 -0.00043455236037681 0.0005
2304.3582114081 -0.00043395989733043 0.0005
2307.4998040617 -0.00043336917148437 0.0005
2310.6413967153 -0.00043277992621027 0.0005
2313.7829893689 -0.00043219230400648 0.0005
2316.9245820225 -0.00043160631911712 0.0005
2320.0661746761 -0.0004310218300855 0.0005
2323.2077673297 -0.00043043896731101 0.0005
2326.3493599832 -0.00042985774088221 0.0005
2329.4909526368 -0.00042927796727171 0.0005
2332.6325452904 -0.00042869988668291 0.0005
2335.774137944 -0.00042812326246564 0.0005
2338.9157305976 -0.00042754821284281 0.0005
2342.0573232512 -0.00042697462884472 0.0005
2345.1989159048 -0.00042640272026654 0.0005
2348.3405085584 -0.00042583230634566 0.0005
2351.482101212 -0.00042526332131317 0.0005
2354.6236938655 -0.00042469598947793 0.0005
2357.7652865191 -0.00042413010309767 0.0005
2360.9068791727 -0.0004235656849925 0.0005
2364.0484718263 -0.00042300283984634 0.0005
2367.1900644799 -0.00042244146228937 0.0005
2370.3316571335 -0.00042188163147191 0.0005
2373.4732497871 -0.0004213231762221 0.0005
2376.6148424407 -0.00042076620993747 0.0005
2379.7564350943 -0.000420210720361 0.0005
2382.8980277479 -0.00041965674629131 0.0005
2386.0396204014 -0.00041910423962532 0.0005
2389.181213055 -0.00041855308437704 0.0005
2392.3228057086 -0.00041800344101938 0.0005
2395.4643983622 -0.00041745525805082 0.0005
2398.6059910158 -0.0004169084958093 0.0005
2401.7475836694 -0.00041636315455419 0.0005
2404.889176323 -0.00041581926394215 0.0005
2408.0307689766 -0.00041527677469569 0.0005
2411.1723616302 -0.00041473568146994 0.0005
2414.3139542838 -0.00041419605064458 0.0005
2417.4555469373 -0.00041365782510837 0.0005
2420.5971395909 -0.00041312094083756 0.0005
2423.7387322445 -0.00041258546621809 0.0005
2426.8803248981 -0.00041205133472192 0.0005
2430.0219175517 -0.00041151866318054 0.0005
2433.1635102053 -0.00041098731104026 0.0005
2436.3051028589 -0.00041045734833332 0.0005
2439.4466955125 -0.00040992874585032 0.0005
2442.5882881661 -0.00040940147034552 0.0005
2445.7298808197 -0.00040887561062253 0.0005
2448.8714734732 -0.00040835108722465 0.0005
2452.0130661268 -0.00040782789480482 0.0005
2455.1546587804 -0.00040730602277909 0.0005
2458.296251434 -0.00040678551089851 0.0005
2461.4378440876 -0.00040626628739952 0.0005
2464.5794367412 -0.00040574847647134 0.0005
2467.7210293948 -0.00040523191606984 0.0005
2470.8626220484 -0.00040471668479355 0.0005
2474.004214702 -0.00040420275507432 0.0005
2477.1458073556 -0.00040369011162023 0.0005
2480.2874000091 -0.00040317879499129 0.0005
2483.4289926627 -0.00040266872552922 0.0005
2486.5705853163 -0.0004021600292679 0.0005
2489.7121779699 -0.00040165259105725 0.0005
2492.8537706235 -0.00040114638893802 0.0005
2495.9953632771 -0.00040064146608398 0.0005
2499.1369559307 -0.00040013782493808 0.0005
2502.2785485843 -0.00039963549294899 0.0005
2505.4201412379 -0.00039913440113019 0.0005
2508.5617338914 -0.0003986345570751 0.0005
2511.703326545 -0.00039813590890443 0.0005
2514.8449191986 -0.00039763858403434 0.0005
2517.9865118522 -0.00039714245395603 0.0005
2521.1281045058 -0.00039664758036191 0.0005
2524.2696971594 -0.00039615388609025 0.0005
2527.411289813 -0.00039566148008386 0.0005
2530.5528824666 -0.00039517030327572 0.0005
2533.6944751202 -0.00039468035505268 0.0005
2536.8360677738 -0.00039419160426953 0.0005
2539.9776604273 -0.00039370399632597 0.0005
2543.1192530809 -0.0003932176376365 0.0005
2546.2608457345 -0.00039273243932248 0.0005
2549.4024383881 -0.00039224852820802 0.0005
2552.5440310417 -0.00039176577575965 0.0005
2555.6856236953 -0.00039128424640266 0.0005
2558.8272163489 -0.0003908038287094 0.0005
2561.9688090025 -0.00039032454980279 0.0005
2565.1104016561 -0.00038984653235688 0.0005
2568.2519943097 -0.00038936962735506 0.0005
2571.3935869632 -0.0003888938815759 0.0005
2574.5351796168 -0.00038841937990326 0.0005
2577.6767722704 -0.00038794596986012 0.0005
2580.818364924 -0.00038747377895975 0.0005
2583.9599575776 -0.00038700268058836 0.0005
2587.1015502312 -0.0003865326957694 0.0005
2590.2431428848 -0.00038606388025416 0.0005
2593.3847355384 -0.00038559623290409 0.0005
2596.526328192 -0.0003851297013237 0.0005
2599.6679208456 -0.00038466425041459 0.0005
2602.8095134991 -0.00038419997028211 0.0005
2605.9511061527 -0.00038373681466574 0.0005
2609.0926988063 -0.00038327475183457 0.0005
2612.2342914599 -0.00038281387112281 0.0005
2615.3758841135 -0.00038235400548548 0.0005
2618.5174767671 -0.00038189524604842 0.0005
2621.6590694207 -0.00038143757411904 0.0005
2624.8006620743 -0.00038098109505681 0.0005
2627.9422547279 -0.00038052561044962 0.0005
2631.0838473815 -0.00038007125684488 0.0005
2634.225440035 -0.0003796179786607 0.0005
2637.3670326886 -0.00037916581869977 0.0005
2640.5086253422 -0.00037871469252926 0.0005
2643.6502179958 -0.00037826466444388 0.0005
2646.7918106494 -0.00037781564980076 0.0005
2649.933403303 -0.00037736772288103 0.0005
2653.0749959566 -0.00037692085887498 0.0005
2656.2165886102 -0.00037647511244721 0.0005
2659.3581812638 -0.00037603034384411 0.0005
2662.4997739173 -0.00037558668072579 0.0005
2665.6413665709 -0.00037514402109533 0.0005
2668.7829592245 -0.00037470239669685 0.0005
2671.9245518781 -0.00037426180945509 0.0005
2675.0661445317 -0.00037382230072006 0.0005
2678.2077371853 -0.0003733838060775 0.0005
2681.3493298389 -0.0003729463447876 0.0005
2684.4909224925 -0.0003725098689691 0.0005
2687.6325151461 -0.00037207444764092 0.0005
2690.7741077997 -0.0003716399982089 0.0005
2693.9157004532 -0.00037120663487123 0.0005
2697.0572931068 -0.00037077424987416 0.0005
2700.1988857604 -0.00037034289259927 0.0005
2703.340478414 -0.00036991250890987 0.0005
2706.4820710676 -0.00036948313744624 0.0005
2709.6236637212 -0.00036905471204575 0.0005
2712.7652563748 -0.0003686273448437 0.0005
2715.9068490284 -0.00036820093905685 0.0005
2719.048441682 -0.0003677755247983 0.0005
2722.1900343356 -0.00036735107267662 0.0005
2725.3316269891 -0.00036692763903958 0.0005
2728.4732196427 -0.00036650515407357 0.0005
2731.6148122963 -0.00036608357615029 0.0005
2734.7564049499 -0.00036566306182589 0.0005
2737.8979976035 -0.00036524348216766 0.0005
2741.0395902571 -0.00036482485329531 0.0005
2744.1811829107 -0.0003644072179694 0.0005
2747.3227755643 -0.00036399054771268 0.0005
2750.4643682179 -0.00036357480758813 0.0005
2753.6059608715 -0.00036315999852544 0.0005
2756.747553525 -0.00036274611977659 0.0005
2759.8891461786 -0.0003623331834599 0.0005
2763.0307388322 -0.00036192120744387 0.0005
2766.1723314858 -0.00036151019302723 0.0005
2769.3139241394 -0.00036110007322766 0.0005
2772.455516793 -0.00036069090811565 0.0005
2775.5971094466 -0.00036028268067877 0.0005
2778.7387021002 -0.00035987530711533 0.0005
2781.8802947538 -0.00035946888457918 0.0005
2785.0218874074 -0.00035906340474071 0.0005
2788.1634800609 -0.00035865882924523 0.0005
2791.3050727145 -0.00035825522012556 0.0005
2794.4466653681 -0.00035785239563752 0.0005
2797.5882580217 -0.00035745058101199 0.0005
2800.7298506753 -0.00035704960532484 0.0005
2803.8714433289 -0.00035664950526438 0.0005
2807.0130359825 -0.0003562503994781 0.0005
2810.1546286361 -0.00035585214021171 0.0005
2813.2962212897 -0.00035545476610974 0.0005
2816.4378139432 -0.00035505825273918 0.0005
2819.5794065968 -0.00035466263070868 0.0005
2822.7209992504 -0.00035426787545566 0.0005
2825.862591904 -0.00035387405809033 0.0005
2829.0041845576 -0.00035348111916788 0.0005
2832.1457772112 -0.00035308902045044 0.0005
2835.2873698648 -0.00035269777188246 0.0005
2838.4289625184 -0.00035230740798363 0.0005
2841.570555172 -0.00035191788514629 0.0005
2844.7121478256 -0.0003515292444882 0.0005
2847.8537404791 -0.00035114144088855 0.0005
2850.9953331327 -0.0003507545402265 0.0005
2854.1369257863 -0.00035036842544446 0.0005
2857.2785184399 -0.00034998321148974 0.0005
2860.4201110935 -0.00034959883847407 0.0005
2863.5617037471 -0.00034921528769059 0.0005
2866.7032964007 -0.00034883255335327 0.0005
2869.8448890543 -0.00034845067949198 0.0005
2872.9864817079 -0.00034806965886548 0.0005
2876.1280743615 -0.00034768949416091 0.0005
2879.269667015 -0.00034731010415606 0.0005
2882.4112596686 -0.00034693157057931 0.0005
2885.5528523222 -0.00034655388477389 0.0005
2888.6944449758 -0.00034617696725347 0.0005
2891.8360376294 -0.0003458009016503 0.0005
2894.977630283 -0.00034542564998155 0.0005
2898.1192229366 -0.00034505120459143 0.0005
2901.2608155902 -0.00034467755625884 0.0005
2904.4024082438 -0.00034430472886095 0.0005
2907.5440008974 -0.00034393270384889 0.0005
2910.6855935509 -0.00034356149508256 0.0005
2913.8271862045 -0.00034319106254871 0.0005
2916.9687788581 -0.00034282143138848 0.0005
2920.1103715117 -0.00034245261222201 0.0005
2923.2519641653 -0.00034208461312904 0.0005
2926.3935568189 -0.00034171739750748 0.0005
2929.5351494725 -0.00034135091636121 0.0005
2932.6767421261 -0.00034098524021253 0.0005
2935.8183347797 -0.00034062032295774 0.0005
2938.9599274333 -0.00034025625590737 0.0005
2942.1015200868 -0.00033989293758984 0.0005
2945.2431127404 -0.00033953038007556 0.0005
2948.384705394 -0.00033916859111206 0.0005
2951.5262980476 -0.00033880755822493 0.0005
2954.6678907012 -0.00033844733896205 0.0005
2957.8094833548 -0.00033808785920077 0.0005
2960.9510760084 -0.00033772917249326 0.0005
2964.092668662 -0.00033737122177091 0.0005
2967.2342613156 -0.000337014019644 0.0005
2970.3758539691 -0.00033665760232762 0.0005
2973.5174466227 -0.00033630190297867 0.0005
2976.6590392763 -0.00033594693820624 0.0005
2979.8006319299 -0.00033559274330673 0.0005
2982.9422245835 -0.00033523931692481 0.0005
2986.0838172371 -0.00033488662149873 0.0005
2989.2254098907 -0.00033453466182822 0.0005
2992.3670025443 -0.00033418342618031 0.0005
2995.5085951979 -0.00033383295527367 0.0005
2998.6501878515 -0.00033348321269115 0.0005
3001.791780505 -0.000333134187378 0.0005
3004.9333731586 -0.00033278588957485 0.0005
3008.0749658122 -0.0003324383187329 0.0005
3011.2165584658 -0.00033209154339248 0.0005
3014.3581511194 -0.00033174542444162 0.0005
3017.499743773 -0.00033140005334224 0.0005
3020.6413364266 -0.00033105540467247 0.0005
3023.7829290802 -0.00033071142839761 0.0005
3026.9245217338 -0.00033036817672439 0.0005
3030.0661143874 -0.00033002562956329 0.0005
3033.2077070409 -0.00032968383601585 0.0005
3036.3492996945 -0.00032934271556245 0.0005
3039.4908923481 -0.00032900230713515 0.0005
3042.6324850017 -0.00032866262172168 0.0005
3045.7740776553 -0.00032832360551402 0.0005
3048.9156703089 -0.00032798532208506 0.0005
3052.0572629625 -0.00032764770361878 0.0005
3055.1988556161 -0.00032731078692091 0.0005
3058.3404482697 -0.00032697456273791 0.0005
3061.4820409233 -0.00032663903728132 0.0005
3064.6236335768 -0.00032630418795002 0.0005
3067.7652262304 -0.00032597004515513 0.0005
3070.906818884 -0.00032563654822008 0.0005
3074.0484115376 -0.00032530376951746 0.0005
3077.1900041912 -0.00032497164596956 0.0005
3080.3315968448 -0.00032464020675677 0.0005
3083.4731894984 -0.00032430947485308 0.0005
3086.614782152 -0.00032397936605399 0.0005
3089.7563748056 -0.00032364996041948 0.0005
3092.8979674592 -0.00032332120348934 0.0005
3096.0395601127 -0.00032299315429861 0.0005
3099.1811527663 -0.0003226657364827 0.0005
3102.3227454199 -0.00032233897578506 0.0005
3105.4643380735 -0.00032201290967335 0.0005
3108.6059307271 -0.00032168746644013 0.0005
3111.7475233807 -0.00032136267479773 0.0005
3114.8891160343 -0.00032103859486546 0.0005
3118.0307086879 -0.00032071511888283 0.0005
3121.1723013415 -0.00032039230978291 0.0005
3124.313893995 -0.00032007014687575 0.0005
3127.4554866486 -0.00031974862460085 0.0005
3130.5970793022 -0.00031942775127814 0.0005
3133.7386719558 -0.00031910751244007 0.0005
3136.8802646094 -0.00031878794729838 0.0005
3140.021857263 -0.0003184689872648 0.0005
3143.1634499166 -0.0003181506599796 0.0005
3146.3050425702 -0.00031783296406346 0.0005
3149.4466352238 -0.00031751593358431 0.0005
3152.5882278774 -0.00031719957634786 0.0005
3155.7298205309 -0.00031688376329645 0.0005
3158.8714131845 -0.0003165685960968 0.0005
3162.0130058381 -0.00031625408835583 0.0005
3165.1545984917 -0.00031594019713404 0.0005
3168.2961911453 -0.00031562694907871 0.0005
3171.4377837989 -0.00031531429250103 0.0005
3174.5793764525 -0.00031500221470925 0.0005
3177.7209691061 -0.00031469084011555 0.0005
3180.8625617597 -0.0003143799970057 0.0005
3184.0041544133 -0.00031406980531705 0.0005
3187.1457470668 -0.00031376021761558 0.0005
3190.2873397204 -0.00031345125111836 0.0005
3193.428932374 -0.00031314287995604 0.0005
3196.5705250276 -0.00031283512218358 0.0005
3199.7121176812 -0.00031252795110096 0.0005
3202.8537103348 -0.00031222143100795 0.0005
3205.9953029884 -0.00031191548257872 0.0005
3209.136895642 -0.00031161012919438 0.0005
3212.2784882956 -0.00031130539769789 0.0005
3215.4200809492 -0.00031100125136759 0.0005
