0 -0.3585154015692 0.0005
1 -0.18353508163336 0.0005
2 -0.11976613812711 0.0005
3 -0.087996762236696 0.0005
4 -0.069304977199979 0.0005
5 -0.057078067487111 0.0005
6 -0.048484342908919 0.0005
7 -0.042122974107256 0.0005
8 -0.037228726672157 0.0005
9 -0.03334854503825 0.0005
10 -0.030197785115513 0.0005
11 -0.027589622140915 0.0005
12 -0.025395280649298 0.0005
13 -0.023523105371194 0.0005
14 -0.021907634290222 0.0005
15 -0.020499571475338 0.0005
16 -0.019261194575429 0.0005
17 -0.018163687467166 0.0005
18 -0.017184347718691 0.0005
19 -0.016305102038825 0.0005
20 -0.015511407264597 0.0005
21 -0.014791355766048 0.0005
22 -0.014135074950391 0.0005
23 -0.013534523456001 0.0005
24 -0.012982897868487 0.0005
25 -0.012474504640027 0.0005
26 -0.012004337717673 0.0005
27 -0.011568328297126 0.0005
28 -0.011162819200718 0.0005
29 -0.010784853709015 0.0005
30 -0.010431564751835 0.0005
31 -0.010100686754989 0.0005
32 -0.0097901639447229 0.0005
33 -0.0094981422705136 0.0005
34 -0.0092230572884786 0.0005
35 -0.0089634096550321 0.0005
36 -0.0087180158599524 0.0005
37 -0.0084856632809537 0.0005
38 -0.0082653881129934 0.0005
39 -0.0080562678944719 0.0005
40 -0.0078574313308544 0.0005
41 -0.0076681921300968 0.0005
42 -0.0074878571194551 0.0005
43 -0.0073158132895775 0.0005
44 -0.0071514855613469 0.0005
45 -0.0069943648195634 0.0005
46 -0.0068440088590082 0.0005
47 -0.0066999689672453 0.0005
48 -0.0065618797046914 0.0005
49 -0.0064293831233239 0.0005
50 -0.0063021033936653 0.0005
51 -0.0061797741633591 0.0005
52 -0.0060620974846849 0.0005
53 -0.005948827545684 0.0005
54 -0.0058397009756018 0.0005
55 -0.0057345176159026 0.0005
56 -0.0056330519857977 0.0005
57 -0.005535095581208 0.0005
58 -0.005440510497685 0.0005
59 -0.0053490937111167 0.0005
60 -0.0052607047111414 0.0005
61 -0.005175184381866 0.0005
62 -0.0050924015315451 0.0005
63 -0.0050122169818111 0.0005
64 -0.0049345315614659 0.0005
65 -0.0048592079542156 0.0005
66 -0.0047861491247982 0.0005
67 -0.0047152546813917 0.0005
68 -0.0046464357890671 0.0005
69 -0.0045795892290005 0.0005
70 -0.0045146421253189 0.0005
71 -0.0044515082785084 0.0005
72 -0.0043901214402148 0.0005
73 -0.0043304018977255 0.0005
74 -0.004272281908829 0.0005
75 -0.0042157070863779 0.0005
76 -0.0041606087661889 0.0005
77 -0.0041069299539793 0.0005
78 -0.0040546214414259 0.0005
79 -0.0040036301888347 0.0005
80 -0.0039538972083442 0.0005
81 -0.0039053902780323 0.0005
82 -0.0038580576324282 0.0005
83 -0.0038118631062158 0.0005
84 -0.0037667535142103 0.0005
85 -0.003722706301457 0.0005
86 -0.003679672304378 0.0005
87 -0.0036376205782889 0.0005
88 -0.0035965221537805 0.0005
89 -0.0035563409347783 0.0005
90 -0.0035170521461473 0.0005
91 -0.003478616896503 0.0005
92 -0.0034410144658979 0.0005
93 -0.0034042190860754 0.0005
94 -0.0033681968253185 0.0005
95 -0.003332928790359 0.0005
96 -0.0032983943856372 0.0005
97 -0.0032645690376398 0.0005
98 -0.0032314283884077 0.0005
99 -0.0031989549054754 0.0005
100 -0.0031671276957854 0.0005
101 -0.0031359291423031 0.0005
102 -0.0031053348417185 0.0005
103 -0.0030753333196859 0.0005
104 -0.0030459077254288 0.0005
105 -0.0030170382910384 0.0005
106 -0.0029887121469904 0.0005
107 -0.0029609100778519 0.0005
108 -0.0029336232818679 0.0005
109 -0.0029068321893176 0.0005
110 -0.002880529818449 0.0005
111 -0.0028546978860412 0.0005
112 -0.0028293232472914 0.0005
113 -0.00280439891205 0.0005
114 -0.0027799090677718 0.0005
115 -0.0027558403910686 0.0005
116 -0.0027321874460534 0.0005
117 -0.0027089366715112 0.0005
118 -0.0026860782096143 0.0005
119 -0.0026636014560022 0.0005
120 -0.0026414970693162 0.0005
121 -0.0026197578020799 0.0005
122 -0.0025983728352758 0.0005
123 -0.0025773357918595 0.0005
124 -0.0025566360775819 0.0005
125 -0.0025362649358 0.0005
126 -0.0025162148288873 0.0005
127 -0.0024964815603784 0.0005
128 -0.0024770540692133 0.0005
129 -0.0024579285209448 0.0005
130 -0.0024390945282506 0.0005
131 -0.0024205479649518 0.0005
132 -0.002402281113802 0.0005
133 -0.0023842869431885 0.0005
134 -0.0023665598279453 0.0005
135 -0.0023490952114095 0.0005
136 -0.002331886265963 0.0005
137 -0.0023149279759942 0.0005
138 -0.0022982150373462 0.0005
139 -0.0022817414372817 0.0005
140 -0.0022655018454411 0.0005
141 -0.0022494928373483 0.0005
142 -0.0022337079859015 0.0005
143 -0.0022181416926763 0.0005
144 -0.0022027914981996 0.0005
145 -0.0021876517797454 0.0005
146 -0.0021727190842679 0.0005
147 -0.0021579901849765 0.0005
148 -0.0021434581665773 0.0005
149 -0.0021291216621151 0.0005
150 -0.0021149751953005 0.0005
151 -0.0021010162101541 0.0005
152 -0.0020872397660106 0.0005
153 -0.002073642635313 0.0005
154 -0.0020602214316715 0.0005
155 -0.0020469723572104 0.0005
156 -0.0020338932310179 0.0005
157 -0.0020209805876229 0.0005
158 -0.002008230584627 0.0005
159 -0.0019956389167941 0.0005
160 -0.0019832053110182 0.0005
161 -0.0019709269187479 0.0005
162 -0.0019587976656628 0.0005
163 -0.0019468185331832 0.0005
164 -0.001934983503501 0.0005
165 -0.0019232922752131 0.0005
166 -0.001911740484038 0.0005
167 -0.0019003281968943 0.0005
168 -0.0018890507097012 0.0005
169 -0.0018779053910921 0.0005
170 -0.0018668927546801 0.0005
171 -0.0018560065492436 0.0005
172 -0.0018452479182892 0.0005
173 -0.0018346139548741 0.0005
174 -0.0018240995849222 0.0005
175 -0.0018137061561831 0.0005
176 -0.0018034306964247 0.0005
177 -0.0017932709838677 0.0005
178 -0.0017832251038811 0.0005
179 -0.0017732907786571 0.0005
180 -0.0017634665239413 0.0005
181 -0.0017537507567346 0.0005
182 -0.0017441403642782 0.0005
183 -0.0017346365943671 0.0005
184 -0.0017252351834208 0.0005
185 -0.0017159350211196 0.0005
186 -0.0017067353844009 0.0005
187 -0.0016976316201915 0.0005
188 -0.0016886256837376 0.0005
189 -0.0016797155204219 0.0005
190 -0.0016708982733994 0.0005
191 -0.0016621731045616 0.0005
192 -0.0016535387450906 0.0005
193 -0.0016449927781483 0.0005
194 -0.001636535983693 0.0005
195 -0.0016281648885781 0.0005
196 -0.0016198795103362 0.0005
197 -0.0016116775605144 0.0005
198 -0.0016035589741652 0.0005
199 -0.001595520847499 0.0005
200 -0.0015875631966692 0.0005
201 -0.0015796851677397 0.0005
202 -0.0015718840900951 0.0005
203 -0.0015641596812475 0.0005
204 -0.0015565120391319 0.0005
205 -0.0015489380295244 0.0005
206 -0.0015414370632207 0.0005
207 -0.0015340082916393 0.0005
208 -0.0015266506818612 0.0005
209 -0.0015193639635466 0.0005
210 -0.0015121462013941 0.0005
211 -0.0015049961053781 0.0005
212 -0.0014979146739918 0.0005
213 -0.0014908986029854 0.0005
214 -0.0014839489098281 0.0005
215 -0.0014770627520498 0.0005
216 -0.0014702400931733 0.0005
217 -0.0014634803801056 0.0005
218 -0.0014567828062221 0.0005
219 -0.0014501458647736 0.0005
220 -0.0014435696568836 0.0005
221 -0.0014370529776747 0.0005
222 -0.0014305936788145 0.0005
223 -0.0014241928740925 0.0005
224 -0.0014178489964746 0.0005
225 -0.001411561877632 0.0005
226 -0.0014053299624796 0.0005
227 -0.0013991525735258 0.0005
228 -0.0013930298740349 0.0005
229 -0.0013869595643447 0.0005
230 -0.0013809428817896 0.0005
231 -0.0013749773463193 0.0005
232 -0.0013690635477245 0.0005
233 -0.0013632007357335 0.0005
234 -0.001357387315523 0.0005
235 -0.0013516241048989 0.0005
236 -0.0013459090270288 0.0005
237 -0.0013402419047926 0.0005
238 -0.0013346225530845 0.0005
239 -0.0013290504872041 0.0005
240 -0.0013235240968025 0.0005
241 -0.0013180442753839 0.0005
242 -0.0013126086517981 0.0005
243 -0.0013072179715779 0.0005
244 -0.001301871527902 0.0005
245 -0.0012965688155757 0.0005
246 -0.0012913088649417 0.0005
247 -0.0012860918292562 0.0005
248 -0.0012809162804806 0.0005
249 -0.0012757826194304 0.0005
250 -0.0012706896582473 0.0005
251 -0.0012656372102693 0.0005
252 -0.0012606248829534 0.0005
253 -0.0012556521591741 0.0005
254 -0.001250718255791 0.0005
255 -0.0012458234763908 0.0005
256 -0.0012409661962349 0.0005
257 -0.0012361468775258 0.0005
258 -0.0012313649161866 0.0005
259 -0.0012266204708053 0.0005
260 -0.0012219116219707 0.0005
261 -0.0012172388291957 0.0005
262 -0.0012126015968429 0.0005
263 -0.0012079993784449 0.0005
264 -0.0012034324824891 0.0005
265 -0.0011989003153365 0.0005
266 -0.0011944014162445 0.0005
267 -0.0011899359319065 0.0005
268 -0.0011855044869607 0.0005
269 -0.0011811057540969 0.0005
270 -0.0011767393258944 0.0005
271 -0.001172404977009 0.0005
272 -0.0011681030854387 0.0005
273 -0.001163831912659 0.0005
274 -0.0011595923206671 0.0005
275 -0.0011553833502359 0.0005
276 -0.0011512046932121 0.0005
277 -0.0011470558731228 0.0005
278 -0.0011429375072556 0.0005
279 -0.0011388482546439 0.0005
280 -0.001134788235165 0.0005
281 -0.0011307568607202 0.0005
282 -0.0011267547813043 0.0005
283 -0.0011227801373349 0.0005
284 -0.0011188336288872 0.0005
285 -0.0011149148832277 0.0005
286 -0.0011110230452663 0.0005
287 -0.001107159020147 0.0005
288 -0.0011033211594693 0.0005
289 -0.0010995102617396 0.0005
290 -0.0010957253889637 0.0005
291 -0.001091966383621 0.0005
292 -0.0010882331946474 0.0005
293 -0.0010845254439908 0.0005
294 -0.0010808432639439 0.0005
295 -0.001077185477224 0.0005
296 -0.0010735525204199 0.0005
297 -0.0010699440317926 0.0005
298 -0.0010663594623039 0.0005
299 -0.0010627990493024 0.0005
300 -0.0010592625498576 0.0005
301 -0.0010557489082479 0.0005
302 -0.0010522588135514 0.0005
303 -0.0010487917087062 0.0005
304 -0.0010453477486064 0.0005
305 -0.0010419257989254 0.0005
306 -0.0010385265638126 0.0005
307 -0.0010351494165863 0.0005
308 -0.001031794070293 0.0005
309 -0.0010284605022149 0.0005
310 -0.0010251479876085 0.0005
311 -0.0010218569722702 0.0005
312 -0.0010185873680511 0.0005
313 -0.0010153382396736 0.0005
314 -0.0010121096265043 0.0005
315 -0.0010089017820852 0.0005
316 -0.0010057142912662 0.0005
317 -0.001002546900756 0.0005
318 -0.0009993988160491 0.0005
319 -0.00099627108173945 0.0005
320 -0.00099316221913073 0.0005
321 -0.00099007328354949 0.0005
322 -0.00098700319120768 0.0005
323 -0.00098395195078638 0.0005
324 -0.00098092002651195 0.0005
325 -0.000977906761969 0.0005
326 -0.00097491164282305 0.0005
327 -0.00097193459749934 0.0005
328 -0.00096897593552448 0.0005
329 -0.00096603508314129 0.0005
330 -0.0009631122467437 0.0005
331 -0.00096020682574858 0.0005
332 -0.00095731923028612 0.0005
333 -0.00095444886350912 0.0005
334 -0.00095159534031381 0.0005
335 -0.00094875912328093 0.0005
336 -0.00094593957546249 0.0005
337 -0.00094313681118189 0.0005
338 -0.00094035075053633 0.0005
339 -0.00093758100222234 0.0005
340 -0.00093482754075032 0.0005
341 -0.00093208996791845 0.0005
342 -0.00092936863886893 0.0005
343 -0.00092666297755374 0.0005
344 -0.0009239731710737 0.0005
345 -0.00092129896260079 0.0005
346 -0.00091863984174677 0.0005
347 -0.00091599651216689 0.0005
348 -0.00091336800649842 0.0005
349 -0.00091075460675534 0.0005
350 -0.00090815614593148 0.0005
351 -0.00090557265734768 0.0005
352 -0.00090300368517211 0.0005
353 -0.00090044916876241 0.0005
354 -0.00089790915000445 0.0005
355 -0.00089538341427333 0.0005
356 -0.0008928716962373 0.0005
357 -0.00089037433136132 0.0005
358 -0.00088789080171136 0.0005
359 -0.00088542068835906 0.0005
360 -0.00088296478995272 0.0005
361 -0.00088052202281403 0.0005
362 -0.00087809332068426 0.0005
363 -0.0008756777634704 0.0005
364 -0.0008732752194553 0.0005
365 -0.00087088587552274 0.0005
366 -0.00086850983816462 0.0005
367 -0.00086614668731752 0.0005
368 -0.0008637960469956 0.0005
369 -0.00086145830511578 0.0005
370 -0.00085913333236238 0.0005
371 -0.00085682088343164 0.0005
372 -0.0008545207691451 0.0005
373 -0.00085223267441513 0.0005
374 -0.00084995696076968 0.0005
375 -0.0008476932234494 0.0005
376 -0.00084544185725757 0.0005
377 -0.00084320248691594 0.0005
378 -0.00084097472107909 0.0005
379 -0.00083875861988936 0.0005
380 -0.00083655439253226 0.0005
381 -0.00083436142958483 0.0005
382 -0.00083218028975421 0.0005
383 -0.0008300103415428 0.0005
384 -0.00082785185026033 0.0005
385 -0.00082570438010677 0.0005
386 -0.00082356794828619 0.0005
387 -0.0008214426433345 0.0005
388 -0.00081932814343482 0.0005
389 -0.00081722459038094 0.0005
390 -0.00081513181015214 0.0005
391 -0.00081304973674357 0.0005
392 -0.00081097819659617 0.0005
393 -0.00080891730166438 0.0005
394 -0.00080686681498885 0.0005
395 -0.0008048267583236 0.0005
396 -0.00080279704995671 0.0005
397 -0.000800777300472 0.0005
398 -0.00079876803621859 0.0005
399 -0.00079676857021298 0.0005
400 -0.00079477899487323 0.0005
401 -0.0007927995649865 0.0005
402 -0.00079082980064548 0.0005
403 -0.00078887005837867 0.0005
404 -0.00078691968910801 0.0005
405 -0.00078497903748631 0.0005
406 -0.00078304810348142 0.0005
407 -0.00078112654438131 0.0005
408 -0.0007792143162663 0.0005
409 -0.00077731158974458 0.0005
410 -0.00077541786447366 0.0005
411 -0.00077353356857018 0.0005
412 -0.0007716584215536 0.0005
413 -0.00076979210866862 0.0005
414 -0.00076793501068198 0.0005
415 -0.00076608671625729 0.0005
416 -0.00076424760557701 0.0005
417 -0.00076241699189379 0.0005
418 -0.00076059516097574 0.0005
419 -0.00075878212212582 0.0005
420 -0.00075697773385228 0.0005
421 -0.00075518184733442 0.0005
422 -0.00075339435354458 0.0005
423 -0.00075161543615826 0.0005
424 -0.00074984468187653 0.0005
425 -0.00074808256213142 0.0005
426 -0.00074632850268636 0.0005
427 -0.00074458272623544 0.0005
428 -0.00074284520827085 0.0005
429 -0.00074111561547641 0.0005
430 -0.00073939397945313 0.0005
431 -0.00073768049180927 0.0005
432 -0.00073597500429291 0.0005
433 -0.00073427723449175 0.0005
434 -0.00073258729408198 0.0005
435 -0.0007309050651396 0.0005
436 -0.00072923053302423 0.0005
437 -0.00072756377226211 0.0005
438 -0.00072590454855355 0.0005
439 -0.00072425292270342 0.0005
440 -0.00072260887219714 0.0005
441 -0.00072097221358891 0.0005
442 -0.00071934275649723 0.0005
443 -0.00071772100676923 0.0005
444 -0.00071610634713646 0.0005
445 -0.0007144987832935 0.0005
446 -0.00071289854233623 0.0005
447 -0.00071130547057599 0.0005
448 -0.00070971953041179 0.0005
449 -0.00070814053264979 0.0005
450 -0.00070656858062015 0.0005
451 -0.00070500369581783 0.0005
452 -0.00070344588325261 0.0005
453 -0.00070189466623249 0.0005
454 -0.00070035027922289 0.0005
455 -0.00069881271316222 0.0005
456 -0.00069728204697502 0.0005
457 -0.00069575792397605 0.0005
458 -0.00069424046928564 0.0005
459 -0.00069272956344036 0.0005
460 -0.00069122522194764 0.0005
461 -0.00068972754420456 0.0005
462 -0.00068823624846105 0.0005
463 -0.00068675139355196 0.0005
464 -0.00068527280087676 0.0005
465 -0.00068380077580145 0.0005
466 -0.00068233500370726 0.0005
467 -0.00068087546648596 0.0005
468 -0.00067942207673079 0.0005
469 -0.00067797498530719 0.0005
470 -0.00067653400807667 0.0005
471 -0.00067509908115106 0.0005
472 -0.00067367042557895 0.0005
473 -0.00067224773822982 0.0005
474 -0.00067083103551352 0.0005
475 -0.00066942020255996 0.0005
476 -0.00066801535862696 0.0005
477 -0.00066661632502112 0.0005
478 -0.00066522317289359 0.0005
479 -0.00066383584749341 0.0005
480 -0.00066245427502653 0.0005
481 -0.00066107846721049 0.0005
482 -0.00065970831520549 0.0005
483 -0.00065834387316088 0.0005
484 -0.000656984981228 0.0005
485 -0.00065563198516258 0.0005
486 -0.00065428432121068 0.0005
487 -0.00065294214055557 0.0005
488 -0.00065160558709873 0.0005
489 -0.00065027430154945 0.0005
490 -0.00064894856711863 0.0005
491 -0.00064762828535367 0.0005
492 -0.00064631338697347 0.0005
493 -0.00064500358355614 0.0005
494 -0.00064369931115632 0.0005
495 -0.0006424002586771 0.0005
496 -0.00064110640280808 0.0005
497 -0.00063981772036753 0.0005
498 -0.00063853434423844 0.0005
499 -0.00063725597749089 0.0005
500 -0.00063598269519697 0.0005
501 -0.0006347144391007 0.0005
502 -0.00063345134341987 0.0005
503 -0.000632193281833 0.0005
504 -0.00063094015898179 0.0005
505 -0.00062969202031249 0.0005
506 -0.00062844871556729 0.0005
507 -0.00062721046223004 0.0005
508 -0.00062597704891396 0.0005
509 -0.00062474845294306 0.0005
510 -0.00062352465014697 0.0005
511 -0.00062230562696056 0.0005
512 -0.00062109142998733 0.0005
513 -0.00061988178705154 0.0005
514 -0.00061867695925649 0.0005
515 -0.00061747683340854 0.0005
516 -0.00061628140822033 0.0005
517 -0.00061509061116514 0.0005
518 -0.00061390434729209 0.0005
519 -0.00061272260699426 0.0005
520 -0.00061154539053191 0.0005
521 -0.00061037273124708 0.0005
522 -0.00060920468952157 0.0005
523 -0.00060804083595131 0.0005
524 -0.00060688153135359 0.0005
525 -0.0006057266195187 0.0005
526 -0.00060457628437588 0.0005
527 -0.00060343010537913 0.0005
528 -0.00060228845404241 0.0005
529 -0.00060115093991603 0.0005
530 -0.00060001764501581 0.0005
531 -0.00059888868953691 0.0005
532 -0.00059776415770289 0.0005
533 -0.00059664364227559 0.0005
534 -0.00059552744439365 0.0005
535 -0.00059441526254107 0.0005
536 -0.00059330731964177 0.0005
537 -0.00059220353013991 0.0005
538 -0.00059110383235483 0.0005
539 -0.0005900081319201 0.0005
540 -0.00058891661066768 0.0005
541 -0.0005878290205853 0.0005
542 -0.00058674540964929 0.0005
543 -0.00058566591933007 0.0005
544 -0.00058459030062313 0.0005
545 -0.00058351870592044 0.0005
546 -0.00058245094763877 0.0005
547 -0.00058138708724299 0.0005
548 -0.00058032707997371 0.0005
549 -0.0005792709766365 0.0005
550 -0.00057821875263111 0.0005
551 -0.00057717030801621 0.0005
552 -0.00057612559813364 0.0005
553 -0.00057508472769978 0.0005
554 -0.00057404768307083 0.0005
555 -0.00057301418119847 0.0005
556 -0.00057198453961797 0.0005
557 -0.0005709586161557 0.0005
558 -0.0005699363214894 0.0005
559 -0.00056891762906318 0.0005
560 -0.00056790270318626 0.0005
561 -0.00056689121681459 0.0005
562 -0.00056588349495369 0.0005
563 -0.00056487928937188 0.0005
564 -0.00056387853201269 0.0005
565 -0.00056288148897414 0.0005
566 -0.00056188796856228 0.0005
567 -0.00056089782635257 0.0005
568 -0.00055991122570721 0.0005
569 -0.00055892805714451 0.0005
570 -0.0005579482092685 0.0005
571 -0.00055697192065243 0.0005
572 -0.00055599903893535 0.0005
573 -0.00055502962049297 0.0005
574 -0.00055406348570745 0.0005
575 -0.00055310076658591 0.0005
576 -0.0005521414095146 0.0005
577 -0.00055118524159644 0.0005
578 -0.00055023244600471 0.0005
579 -0.00054928295255154 0.0005
580 -0.0005483367361209 0.0005
581 -0.00054739379530072 0.0005
582 -0.00054645407670347 0.0005
583 -0.00054551745393564 0.0005
584 -0.000544584273381 0.0005
585 -0.00054365414200789 0.0005
586 -0.00054272716678259 0.0005
587 -0.00054180337551519 0.0005
588 -0.00054088271916343 0.0005
589 -0.0005399652246359 0.0005
590 -0.00053905078599871 0.0005
591 -0.00053813946945786 0.0005
592 -0.00053723121619804 0.0005
593 -0.000536325944152 0.0005
594 -0.0005354238626685 0.0005
595 -0.00053452468374056 0.0005
596 -0.00053362866000512 0.0005
597 -0.00053273547614365 0.0005
598 -0.00053184542975551 0.0005
599 -0.00053095828299373 0.0005
600 -0.00053007402557046 0.0005
601 -0.00052919286045799 0.0005
602 -0.00052831452468738 0.0005
603 -0.00052743919621406 0.0005
604 -0.00052656662718715 0.0005
605 -0.00052569702056313 0.0005
606 -0.00052483021583082 0.0005
607 -0.00052396628972404 0.0005
608 -0.00052310527640483 0.0005
609 -0.00052224701766514 0.0005
610 -0.0005213915397086 0.0005
611 -0.0005205388678248 0.0005
612 -0.00051968902589338 0.0005
613 -0.00051884184373153 0.0005
614 -0.00051799758009574 0.0005
615 -0.00051715595755339 0.0005
616 -0.00051631710404064 0.0005
617 -0.00051548100169228 0.0005
618 -0.0005146475774977 0.0005
619 -0.00051381681588941 0.0005
620 -0.00051298879510611 0.0005
621 -0.00051216341555582 0.0005
622 -0.00051134066103844 0.0005
623 -0.00051052052900963 0.0005
624 -0.00050970303324745 0.0005
625 -0.00050888817022902 0.0005
626 -0.00050807592427717 0.0005
627 -0.00050726627130039 0.0005
628 -0.00050645905535365 0.0005
629 -0.00050565458641364 0.0005
630 -0.00050485254817505 0.0005
631 -0.00050405311017767 0.0005
632 -0.00050325618398668 0.0005
633 -0.00050246182803193 0.0005
634 -0.00050166990346658 0.0005
635 -0.00050088045915464 0.0005
636 -0.00050009352770199 0.0005
637 -0.00049930911379754 0.0005
638 -0.0004985271104043 0.0005
639 -0.00049774749860609 0.0005
640 -0.00049697039767985 0.0005
641 -0.00049619569867523 0.0005
642 -0.00049542332129324 0.0005
643 -0.00049465349531428 0.0005
644 -0.00049388606066038 0.0005
645 -0.00049312085973256 0.0005
646 -0.00049235809846666 0.0005
647 -0.00049159772089274 0.0005
648 -0.00049083971315677 0.0005
649 -0.00049008393831296 0.0005
650 -0.0004893305670658 0.0005
651 -0.00048857955052751 0.0005
652 -0.00048783071545648 0.0005
653 -0.00048708422206776 0.0005
654 -0.00048634007420401 0.0005
655 -0.00048559814389336 0.0005
656 -0.00048485846190146 0.0005
657 -0.00048412099834624 0.0005
658 -0.00048338586076236 0.0005
659 -0.00048265285257339 0.0005
660 -0.00048192213401621 0.0005
661 -0.00048119357798831 0.0005
662 -0.00048046726642674 0.0005
663 -0.00047974313488596 0.0005
664 -0.00047902115782623 0.0005
665 -0.00047830139557312 0.0005
666 -0.00047758377734114 0.0005
667 -0.00047686828948387 0.0005
668 -0.00047615488457165 0.0005
669 -0.00047544374695557 0.0005
670 -0.00047473462053111 0.0005
671 -0.00047402760646528 0.0005
672 -0.00047332276302692 0.0005
673 -0.00047261992819028 0.0005
674 -0.00047191931035292 0.0005
675 -0.00047122065335933 0.0005
676 -0.00047052411914564 0.0005
677 -0.00046982966643537 0.0005
678 -0.00046913721851358 0.0005
679 -0.0004684468129725 0.0005
680 -0.00046775840427117 0.0005
681 -0.00046707206749608 0.0005
682 -0.00046638768438315 0.0005
683 -0.0004657052986552 0.0005
684 -0.00046502494145805 0.0005
685 -0.00046434658992538 0.0005
686 -0.00046367015950889 0.0005
687 -0.00046299572791475 0.0005
688 -0.0004623233474337 0.0005
689 -0.00046165281259083 0.0005
690 -0.00046098422312401 0.0005
691 -0.00046031762887965 0.0005
692 -0.00045965288960697 0.0005
693 -0.00045899007793669 0.0005
694 -0.00045832914008159 0.0005
695 -0.00045767020674097 0.0005
696 -0.00045701307014363 0.0005
697 -0.00045635787851451 0.0005
698 -0.00045570455902464 0.0005
699 -0.00045505301918339 0.0005
700 -0.00045440338303269 0.0005
701 -0.00045375570528042 0.0005
702 -0.00045310974723934 0.0005
703 -0.00045246568634095 0.0005
704 -0.00045182338223774 0.0005
705 -0.00045118301265542 0.0005
706 -0.00045054447154693 0.0005
707 -0.0004499075685045 0.0005
708 -0.00044927256731538 0.0005
709 -0.00044863930731913 0.0005
710 -0.00044800789255639 0.0005
711 -0.00044737820975321 0.0005
712 -0.0004467503193556 0.0005
713 -0.00044612417129613 0.0005
714 -0.00044549979737303 0.0005
715 -0.00044487718775078 0.0005
716 -0.00044425624825759 0.0005
717 -0.00044363713304041 0.0005
718 -0.00044301970031305 0.0005
719 -0.00044240398607577 0.0005
720 -0.00044178985444232 0.0005
721 -0.00044117758798295 0.0005
722 -0.00044056698567641 0.0005
723 -0.00043995802022206 0.0005
724 -0.00043935075483298 0.0005
725 -0.00043874517933902 0.0005
726 -0.0004381412613163 0.0005
727 -0.00043753903946531 0.0005
728 -0.00043693839936538 0.0005
729 -0.00043633944038741 0.0005
730 -0.00043574217507114 0.0005
731 -0.00043514639234073 0.0005
732 -0.00043455236037681 0.0005
733 -0.00043395989733043 0.0005
734 -0.00043336917148437 0.0005
735 -0.00043277992621027 0.0005
736 -0.00043219230400648 0.0005
737 -0.00043160631911712 0.0005
738 -0.0004310218300855 0.0005
739 -0.00043043896731101 0.0005
740 -0.00042985774088221 0.0005
741 -0.00042927796727171 0.0005
742 -0.00042869988668291 0.0005
743 -0.00042812326246564 0.0005
744 -0.00042754821284281 0.0005
745 -0.00042697462884472 0.0005
746 -0.00042640272026654 0.0005
747 -0.00042583230634566 0.0005
748 -0.00042526332131317 0.0005
749 -0.00042469598947793 0.0005
750 -0.00042413010309767 0.0005
751 -0.0004235656849925 0.0005
752 -0.00042300283984634 0.0005
753 -0.00042244146228937 0.0005
754 -0.00042188163147191 0.0005
755 -0.0004213231762221 0.0005
756 -0.00042076620993747 0.0005
757 -0.000420210720361 0.0005
758 -0.00041965674629131 0.0005
759 -0.00041910423962532 0.0005
760 -0.00041855308437704 0.0005
761 -0.00041800344101938 0.0005
762 -0.00041745525805082 0.0005
763 -0.0004169084958093 0.0005
764 -0.00041636315455419 0.0005
765 -0.00041581926394215 0.0005
766 -0.00041527677469569 0.0005
767 -0.00041473568146994 0.0005
768 -0.00041419605064458 0.0005
769 -0.00041365782510837 0.0005
770 -0.00041312094083756 0.0005
771 -0.00041258546621809 0.0005
772 -0.00041205133472192 0.0005
773 -0.00041151866318054 0.0005
774 -0.00041098731104026 0.0005
775 -0.00041045734833332 0.0005
776 -0.00040992874585032 0.0005
777 -0.00040940147034552 0.0005
778 -0.00040887561062253 0.0005
779 -0.00040835108722465 0.0005
780 -0.00040782789480482 0.0005
781 -0.00040730602277909 0.0005
782 -0.00040678551089851 0.0005
783 -0.00040626628739952 0.0005
784 -0.00040574847647134 0.0005
785 -0.00040523191606984 0.0005
786 -0.00040471668479355 0.0005
787 -0.00040420275507432 0.0005
788 -0.00040369011162023 0.0005
789 -0.00040317879499129 0.0005
790 -0.00040266872552922 0.0005
791 -0.0004021600292679 0.0005
792 -0.00040165259105725 0.0005
793 -0.00040114638893802 0.0005
794 -0.00040064146608398 0.0005
795 -0.00040013782493808 0.0005
796 -0.00039963549294899 0.0005
797 -0.00039913440113019 0.0005
798 -0.0003986345570751 0.0005
799 -0.00039813590890443 0.0005
800 -0.00039763858403434 0.0005
801 -0.00039714245395603 0.0005
802 -0.00039664758036191 0.0005
803 -0.00039615388609025 0.0005
804 -0.00039566148008386 0.0005
805 -0.00039517030327572 0.0005
806 -0.00039468035505268 0.0005
807 -0.00039419160426953 0.0005
808 -0.00039370399632597 0.0005
809 -0.0003932176376365 0.0005
810 -0.00039273243932248 0.0005
811 -0.00039224852820802 0.0005
812 -0.00039176577575965 0.0005
813 -0.00039128424640266 0.0005
814 -0.0003908038287094 0.0005
815 -0.00039032454980279 0.0005
816 -0.00038984653235688 0.0005
817 -0.00038936962735506 0.0005
818 -0.0003888938815759 0.0005
819 -0.00038841937990326 0.0005
820 -0.00038794596986012 0.0005
821 -0.00038747377895975 0.0005
822 -0.00038700268058836 0.0005
823 -0.0003865326957694 0.0005
824 -0.00038606388025416 0.0005
825 -0.00038559623290409 0.0005
826 -0.0003851297013237 0.0005
827 -0.00038466425041459 0.0005
828 -0.00038419997028211 0.0005
829 -0.00038373681466574 0.0005
830 -0.00038327475183457 0.0005
831 -0.00038281387112281 0.0005
832 -0.00038235400548548 0.0005
833 -0.00038189524604842 0.0005
834 -0.00038143757411904 0.0005
835 -0.00038098109505681 0.0005
836 -0.00038052561044962 0.0005
837 -0.00038007125684488 0.0005
838 -0.0003796179786607 0.0005
839 -0.00037916581869977 0.0005
840 -0.00037871469252926 0.0005
841 -0.00037826466444388 0.0005
842 -0.00037781564980076 0.0005
843 -0.00037736772288103 0.0005
844 -0.00037692085887498 0.0005
845 -0.00037647511244721 0.0005
846 -0.00037603034384411 0.0005
847 -0.00037558668072579 0.0005
848 -0.00037514402109533 0.0005
849 -0.00037470239669685 0.0005
850 -0.00037426180945509 0.0005
851 -0.00037382230072006 0.0005
852 -0.0003733838060775 0.0005
853 -0.0003729463447876 0.0005
854 -0.0003725098689691 0.0005
855 -0.00037207444764092 0.0005
856 -0.0003716399982089 0.0005
857 -0.00037120663487123 0.0005
858 -0.00037077424987416 0.0005
859 -0.00037034289259927 0.0005
860 -0.00036991250890987 0.0005
861 -0.00036948313744624 0.0005
862 -0.00036905471204575 0.0005
863 -0.0003686273448437 0.0005
864 -0.00036820093905685 0.0005
865 -0.0003677755247983 0.0005
866 -0.00036735107267662 0.0005
867 -0.00036692763903958 0.0005
868 -0.00036650515407357 0.0005
869 -0.00036608357615029 0.0005
870 -0.00036566306182589 0.0005
871 -0.00036524348216766 0.0005
872 -0.00036482485329531 0.0005
873 -0.0003644072179694 0.0005
874 -0.00036399054771268 0.0005
875 -0.00036357480758813 0.0005
876 -0.00036315999852544 0.0005
877 -0.00036274611977659 0.0005
878 -0.0003623331834599 0.0005
879 -0.00036192120744387 0.0005
880 -0.00036151019302723 0.0005
881 -0.00036110007322766 0.0005
882 -0.00036069090811565 0.0005
883 -0.00036028268067877 0.0005
884 -0.00035987530711533 0.0005
885 -0.00035946888457918 0.0005
886 -0.00035906340474071 0.0005
887 -0.00035865882924523 0.0005
888 -0.00035825522012556 0.0005
889 -0.00035785239563752 0.0005
890 -0.00035745058101199 0.0005
891 -0.00035704960532484 0.0005
892 -0.00035664950526438 0.0005
893 -0.0003562503994781 0.0005
894 -0.00035585214021171 0.0005
895 -0.00035545476610974 0.0005
896 -0.00035505825273918 0.0005
897 -0.00035466263070868 0.0005
898 -0.00035426787545566 0.0005
899 -0.00035387405809033 0.0005
900 -0.00035348111916788 0.0005
901 -0.00035308902045044 0.0005
902 -0.00035269777188246 0.0005
903 -0.00035230740798363 0.0005
904 -0.00035191788514629 0.0005
905 -0.0003515292444882 0.0005
906 -0.00035114144088855 0.0005
907 -0.0003507545402265 0.0005
908 -0.00035036842544446 0.0005
909 -0.00034998321148974 0.0005
910 -0.00034959883847407 0.0005
911 -0.00034921528769059 0.0005
912 -0.00034883255335327 0.0005
913 -0.00034845067949198 0.0005
914 -0.00034806965886548 0.0005
915 -0.00034768949416091 0.0005
916 -0.00034731010415606 0.0005
917 -0.00034693157057931 0.0005
918 -0.00034655388477389 0.0005
919 -0.00034617696725347 0.0005
920 -0.0003458009016503 0.0005
921 -0.00034542564998155 0.0005
922 -0.00034505120459143 0.0005
923 -0.00034467755625884 0.0005
924 -0.00034430472886095 0.0005
925 -0.00034393270384889 0.0005
926 -0.00034356149508256 0.0005
927 -0.00034319106254871 0.0005
928 -0.00034282143138848 0.0005
929 -0.00034245261222201 0.0005
930 -0.00034208461312904 0.0005
931 -0.00034171739750748 0.0005
932 -0.00034135091636121 0.0005
933 -0.00034098524021253 0.0005
934 -0.00034062032295774 0.0005
935 -0.00034025625590737 0.0005
936 -0.00033989293758984 0.0005
937 -0.00033953038007556 0.0005
938 -0.00033916859111206 0.0005
939 -0.00033880755822493 0.0005
940 -0.00033844733896205 0.0005
941 -0.00033808785920077 0.0005
942 -0.00033772917249326 0.0005
943 -0.00033737122177091 0.0005
944 -0.000337014019644 0.0005
945 -0.00033665760232762 0.0005
946 -0.00033630190297867 0.0005
947 -0.00033594693820624 0.0005
948 -0.00033559274330673 0.0005
949 -0.00033523931692481 0.0005
950 -0.00033488662149873 0.0005
951 -0.00033453466182822 0.0005
952 -0.00033418342618031 0.0005
953 -0.00033383295527367 0.0005
954 -0.00033348321269115 0.0005
955 -0.000333134187378 0.0005
956 -0.00033278588957485 0.0005
957 -0.0003324383187329 0.0005
958 -0.00033209154339248 0.0005
959 -0.00033174542444162 0.0005
960 -0.00033140005334224 0.0005
961 -0.00033105540467247 0.0005
962 -0.00033071142839761 0.0005
963 -0.00033036817672439 0.0005
964 -0.00033002562956329 0.0005
965 -0.00032968383601585 0.0005
966 -0.00032934271556245 0.0005
967 -0.00032900230713515 0.0005
968 -0.00032866262172168 0.0005
969 -0.00032832360551402 0.0005
970 -0.00032798532208506 0.0005
971 -0.00032764770361878 0.0005
972 -0.00032731078692091 0.0005
973 -0.00032697456273791 0.0005
974 -0.00032663903728132 0.0005
975 -0.00032630418795002 0.0005
976 -0.00032597004515513 0.0005
977 -0.00032563654822008 0.0005
978 -0.00032530376951746 0.0005
979 -0.00032497164596956 0.0005
980 -0.00032464020675677 0.0005
981 -0.00032430947485308 0.0005
982 -0.00032397936605399 0.0005
983 -0.00032364996041948 0.0005
984 -0.00032332120348934 0.0005
985 -0.00032299315429861 0.0005
986 -0.0003226657364827 0.0005
987 -0.00032233897578506 0.0005
988 -0.00032201290967335 0.0005
989 -0.00032168746644013 0.0005
990 -0.00032136267479773 0.0005
991 -0.00032103859486546 0.0005
992 -0.00032071511888283 0.0005
993 -0.00032039230978291 0.0005
994 -0.00032007014687575 0.0005
995 -0.00031974862460085 0.0005
996 -0.00031942775127814 0.0005
997 -0.00031910751244007 0.0005
998 -0.00031878794729838 0.0005
999 -0.0003184689872648 0.0005
1000 -0.0003181506599796 0.0005
1001 -0.00031783296406346 0.0005
1002 -0.00031751593358431 0.0005
1003 -0.00031719957634786 0.0005
1004 -0.00031688376329645 0.0005
1005 -0.0003165685960968 0.0005
1006 -0.00031625408835583 0.0005
1007 -0.00031594019713404 0.0005
1008 -0.00031562694907871 0.0005
1009 -0.00031531429250103 0.0005
1010 -0.00031500221470925 0.0005
1011 -0.00031469084011555 0.0005
1012 -0.0003143799970057 0.0005
1013 -0.00031406980531705 0.0005
1014 -0.00031376021761558 0.0005
1015 -0.00031345125111836 0.0005
1016 -0.00031314287995604 0.0005
1017 -0.00031283512218358 0.0005
1018 -0.00031252795110096 0.0005
1019 -0.00031222143100795 0.0005
1020 -0.00031191548257872 0.0005
1021 -0.00031161012919438 0.0005
1022 -0.00031130539769789 0.0005
1023 -0.00031100125136759 0.0005
