1.5707963267949 -0.03158953764285 0.0005
4.7123889803847 -0.029847318775471 0.0005
7.8539816339745 -0.023814398782168 0.0005
10.995574287564 -0.019301945533924 0.0005
14.137166941154 -0.015948166419811 0.0005
17.278759594744 -0.013545945620002 0.0005
20.420352248334 -0.011385611877586 0.0005
23.561944901923 -0.0098783980820478 0.0005
26.703537555513 -0.0087328544493595 0.0005
29.845130209103 -0.0079403309318913 0.0005
32.986722862693 -0.0076080028715353 0.0005
36.128315516283 -0.0069229650498173 0.0005
39.269908169872 -0.0059714957932826 0.0005
42.411500823462 -0.0058529121226272 0.0005
45.553093477052 -0.0055064233842899 0.0005
48.694686130642 -0.0048576157084028 0.0005
51.836278784232 -0.0045648864896677 0.0005
54.977871437821 -0.0043979718475811 0.0005
58.119464091411 -0.0043098422199961 0.0005
61.261056745001 -0.0042364883735715 0.0005
64.402649398591 -0.004003055339453 0.0005
67.544242052181 -0.0036602912553718 0.0005
70.68583470577 -0.0036354201155575 0.0005
73.82742735936 -0.0035726215845955 0.0005
76.96902001295 -0.0034634260520079 0.0005
80.11061266654 -0.0030008753908248 0.0005
83.25220532013 -0.0030054312560424 0.0005
86.393797973719 -0.0028482077439236 0.0005
89.535390627309 -0.0030682546310743 0.0005
92.676983280899 -0.0025123182430207 0.0005
95.818575934489 -0.0025976854308141 0.0005
98.960168588078 -0.0026020044256256 0.0005
102.10176124167 -0.0024173159818446 0.0005
105.24335389526 -0.0024031454079108 0.0005
108.38494654885 -0.0020815854891794 0.0005
111.52653920244 -0.0022978641905524 0.0005
114.66813185603 -0.0019976746448833 0.0005
117.80972450962 -0.0021614586040073 0.0005
120.95131716321 -0.0020776978917638 0.0005
124.0929098168 -0.0018219051537471 0.0005
127.23450247039 -0.0021243921874543 0.0005
130.37609512398 -0.0020686191323023 0.0005
133.51768777757 -0.0019193157231996 0.0005
136.65928043116 -0.0016603816006864 0.0005
139.80087308475 -0.0016094771610824 0.0005
142.94246573834 -0.0017973663842383 0.0005
146.08405839193 -0.0017617093638194 0.0005
149.22565104552 -0.0019729349847353 0.0005
152.3672436991 -0.0018668838681037 0.0005
155.50883635269 -0.0013642044337985 0.0005
158.65042900628 -0.0015444422767814 0.0005
161.79202165987 -0.0014712687345479 0.0005
164.93361431346 -0.0015441568664301 0.0005
168.07520696705 -0.001349822503272 0.0005
171.21679962064 -0.0014871375170173 0.0005
174.35839227423 -0.0012544350647374 0.0005
177.49998492782 -0.0011426048594103 0.0005
180.64157758141 -0.0016362444358435 0.0005
183.783170235 -0.0013491244226032 0.0005
186.92476288859 -0.0013980764000507 0.0005
190.06635554218 -0.001203446656973 0.0005
193.20794819577 -0.0011819445242622 0.0005
196.34954084936 -0.0010937741923556 0.0005
199.49113350295 -0.0013299871617392 0.0005
202.63272615654 -0.0010175960026118 0.0005
205.77431881013 -0.0011005676398952 0.0005
208.91591146372 -0.0011839156516942 0.0005
212.05750411731 -0.0012572931236718 0.0005
215.1990967709 -0.001045831983447 0.0005
218.34068942449 -0.0011882438162445 0.0005
221.48228207808 -0.0011591187391105 0.0005
224.62387473167 -0.0012804532687767 0.0005
227.76546738526 -0.0011040952696817 0.0005
230.90706003885 -0.0010670819914651 0.0005
234.04865269244 -0.0012094422276903 0.0005
237.19024534603 -0.0010234092368933 0.0005
240.33183799962 -0.00096297494138753 0.0005
243.47343065321 -0.0010246816310655 0.0005
246.6150233068 -0.00090760224563269 0.0005
249.75661596039 -0.00068869718231213 0.0005
252.89820861398 -0.00099818757797721 0.0005
256.03980126757 -0.00093255160913941 0.0005
259.18139392116 -0.00096096298227621 0.0005
262.32298657475 -0.0006729534892429 0.0005
265.46457922834 -0.00095848332705373 0.0005
268.60617188193 -0.00071934880929803 0.0005
271.74776453552 -0.0008473152150259 0.0005
274.88935718911 -0.0010691337191133 0.0005
278.0309498427 -0.0010538617067937 0.0005
281.17254249629 -0.0011213157930001 0.0005
284.31413514988 -0.00081965801774686 0.0005
287.45572780347 -0.0009330576137927 0.0005
290.59732045706 -0.00088775991576995 0.0005
293.73891311065 -0.00059672204355365 0.0005
296.88050576424 -0.00078513860711382 0.0005
300.02209841783 -0.00098330202723673 0.0005
303.16369107142 -0.00092963182197536 0.0005
306.305283725 -0.0008042397553254 0.0005
309.44687637859 -0.00086985823310215 0.0005
312.58846903218 -0.00082863418361967 0.0005
315.73006168577 -0.00077510422562455 0.0005
318.87165433936 -0.00055826621792221 0.0005
322.01324699295 -0.00079623359187053 0.0005
325.15483964654 -0.0008640479825317 0.0005
328.29643230013 -0.00073894396501828 0.0005
331.43802495372 -0.00078814370073133 0.0005
334.57961760731 -0.00070379463778636 0.0005
337.7212102609 -0.00094477291281692 0.0005
340.86280291449 -0.00085940186795597 0.0005
344.00439556808 -0.0010840969931678 0.0005
347.14598822167 -0.00084708020744984 0.0005
350.28758087526 -0.00076590748432181 0.0005
353.42917352885 -0.00092002212852549 0.0005
356.57076618244 -0.00066783776753709 0.0005
359.71235883603 -0.00051819800188468 0.0005
362.85395148962 -0.00074243477212121 0.0005
365.99554414321 -0.00062580273254298 0.0005
369.1371367968 -0.00056117161057045 0.0005
372.27872945039 -0.00050522134051789 0.0005
375.42032210398 -0.00056485233233161 0.0005
378.56191475757 -0.00071996325380042 0.0005
381.70350741116 -0.00068939311250915 0.0005
384.84510006475 -0.00074670559189371 0.0005
387.98669271834 -0.00055857261088477 0.0005
391.12828537193 -0.00045734868996306 0.0005
394.26987802552 -0.00055306838447677 0.0005
397.41147067911 -0.00081039160994578 0.0005
400.5530633327 -0.00069454207931585 0.0005
403.69465598629 -0.00079394013192768 0.0005
406.83624863988 -0.00057593594698346 0.0005
409.97784129347 -0.00061252657161504 0.0005
413.11943394706 -0.00047873660912501 0.0005
416.26102660065 -0.00038034701390188 0.0005
419.40261925424 -0.00044952871002124 0.0005
422.54421190783 -0.00060859308320005 0.0005
425.68580456142 -0.00061388244466798 0.0005
428.82739721501 -0.00065668285208176 0.0005
431.9689898686 -0.00063290952255102 0.0005
435.11058252219 -0.00051748038680444 0.0005
438.25217517578 -0.00044994364549211 0.0005
441.39376782937 -0.00047429989155034 0.0005
444.53536048296 -0.00028889884242744 0.0005
447.67695313655 -0.00020457865019807 0.0005
450.81854579014 -0.00040900803094246 0.0005
453.96013844373 -0.00048004874474827 0.0005
457.10173109731 -0.00065881171542514 0.0005
460.2433237509 -0.00076601517361041 0.0005
463.38491640449 -0.00058894297256984 0.0005
466.52650905808 -0.00073090646174023 0.0005
469.66810171167 -0.0006284691043561 0.0005
472.80969436526 -0.00062975660375741 0.0005
475.95128701885 -0.00046345723063723 0.0005
479.09287967244 -0.00041381527881867 0.0005
482.23447232603 -0.00040415155399387 0.0005
485.37606497962 -0.00041283488570798 0.0005
488.51765763321 -0.00053664748395477 0.0005
491.6592502868 -0.00050742884599231 0.0005
494.80084294039 -0.00037818008297563 0.0005
497.94243559398 -0.00031847002031782 0.0005
501.08402824757 -0.00064260616818501 0.0005
504.22562090116 -0.00067482978766975 0.0005
507.36721355475 -0.00038710896967586 0.0005
510.50880620834 -0.00060986620570702 0.0005
513.65039886193 -0.00037166613265072 0.0005
516.79199151552 -0.00054010148687667 0.0005
519.93358416911 -0.00049799280168372 0.0005
523.0751768227 -0.00072673013653457 0.0005
526.21676947629 -0.00052114615834853 0.0005
529.35836212988 -0.000495663175343 0.0005
532.49995478347 -0.00072319454136505 0.0005
535.64154743706 -0.00039363723192309 0.0005
538.78314009065 -0.00063813133658641 0.0005
541.92473274424 -0.0004852036909142 0.0005
545.06632539783 -0.00013621669893382 0.0005
548.20791805142 -0.00046867971002484 0.0005
551.34951070501 -0.00046322220305228 0.0005
554.4911033586 -0.00039585769309269 0.0005
557.63269601219 -0.00033644859206561 0.0005
560.77428866578 -0.00027551961045447 0.0005
563.91588131937 -0.00033244231690333 0.0005
567.05747397296 -0.00039029941297031 0.0005
570.19906662655 -0.00037227939685636 0.0005
573.34065928014 -0.0007141639848669 0.0005
576.48225193373 -0.00043465725434544 0.0005
579.62384458732 -0.00037354791265898 0.0005
582.76543724091 -0.000349338940282 0.0005
585.9070298945 -5.1771989092231e-05 0.0005
589.04862254809 -0.00053295005159271 0.0005
592.19021520168 -0.00058459259787469 0.0005
595.33180785527 -0.00037911157028248 0.0005
598.47340050886 -0.00039550062024318 0.0005
601.61499316245 -0.00041380598656815 0.0005
604.75658581604 -0.00037330415273118 0.0005
607.89817846963 -0.00064595561241276 0.0005
611.03977112321 -0.00043635942722631 0.0005
614.1813637768 -0.00053104208654986 0.0005
617.32295643039 -0.00042941914057337 0.0005
620.46454908398 -0.00050826258984671 0.0005
623.60614173757 -0.0003052541934494 0.0005
626.74773439116 -0.00046438436243079 0.0005
629.88932704475 -0.0005070707327377 0.0005
633.03091969834 -0.0002936255343684 0.0005
636.17251235193 -0.00042371076062864 0.0005
639.31410500552 -0.00055425250934604 0.0005
642.45569765911 -0.00018058920397834 0.0005
645.5972903127 -0.00013458490025187 0.0005
648.73888296629 -0.00021885621993079 0.0005
651.88047561988 -0.00034715441825028 0.0005
655.02206827347 -0.00051760936116807 0.0005
658.16366092706 -0.00040650261439623 0.0005
661.30525358065 -0.00041432000125496 0.0005
664.44684623424 -0.00068050285040044 0.0005
667.58843888783 -0.00033795603781073 0.0005
670.73003154142 -0.00043054553077582 0.0005
673.87162419501 -8.727634542538e-05 0.0005
677.0132168486 -0.00018137961342291 0.0005
680.15480950219 -0.0003285859376092 0.0005
683.29640215578 -0.00037893733599503 0.0005
686.43799480937 -0.00030394205805351 0.0005
689.57958746296 -0.00041453338110387 0.0005
692.72118011655 -0.0002688800825581 0.0005
695.86277277014 -4.8620120992382e-05 0.0005
699.00436542373 -0.00041030849570234 0.0005
702.14595807732 -0.000432981025142 0.0005
705.28755073091 -0.00050273564636427 0.0005
708.4291433845 -0.00032459297210607 0.0005
711.57073603809 -0.00030201333856894 0.0005
714.71232869168 -0.00041130898443953 0.0005
717.85392134527 -0.00020118670340707 0.0005
720.99551399886 -0.00049128840373669 0.0005
724.13710665245 -0.00028178586171634 0.0005
727.27869930604 -0.00051037720322711 0.0005
730.42029195963 -0.00051599784274003 0.0005
733.56188461322 -0.00034179711076376 0.0005
736.70347726681 -0.00049703470551776 0.0005
739.8450699204 -0.00019389079079701 0.0005
742.98666257399 -0.00022141793226638 0.0005
746.12825522758 -0.00034397797173824 0.0005
749.26984788117 -0.0003280439491391 0.0005
752.41144053476 -0.00010751361946859 0.0005
755.55303318835 -0.00026241393663895 0.0005
758.69462584194 4.3478272345965e-05 0.0005
761.83621849552 -0.0002259588832203 0.0005
764.97781114911 -0.00032293306639986 0.0005
768.1194038027 -0.00033697166190905 0.0005
771.26099645629 -0.00024601348889064 0.0005
774.40258910988 -0.00031111484429402 0.0005
777.54418176347 -0.00012816385924452 0.0005
780.68577441706 -0.00024875495068954 0.0005
783.82736707065 -0.00012383206058075 0.0005
786.96895972424 -0.00017543102887885 0.0005
790.11055237783 -0.00021913410853358 0.0005
793.25214503142 -0.00019897030085758 0.0005
796.39373768501 -0.000141029204201 0.0005
799.5353303386 -0.0002470746775316 0.0005
802.67692299219 -2.976688142553e-05 0.0005
805.81851564578 -0.00024320120451193 0.0005
808.96010829937 -0.0003040542889039 0.0005
812.10170095296 -0.0003183800744182 0.0005
815.24329360655 0.00010680288551157 0.0005
818.38488626014 -1.9617173506958e-05 0.0005
821.52647891373 -0.0001182849879342 0.0005
824.66807156732 -0.00024571154176556 0.0005
827.80966422091 -0.00049926264591704 0.0005
830.9512568745 -0.00039314338107488 0.0005
834.09284952809 -5.8588099022927e-05 0.0005
837.23444218168 -0.00024293230364947 0.0005
840.37603483527 -0.00058495109976775 0.0005
843.51762748886 -0.00037630046779213 0.0005
846.65922014245 -0.00029065571663978 0.0005
849.80081279604 -0.00036163641334497 0.0005
852.94240544963 -0.00049524069152085 0.0005
856.08399810322 -0.00015629537483619 0.0005
859.22559075681 -0.00036026887153184 0.0005
862.3671834104 -0.00022241598230721 0.0005
865.50877606399 -0.00019994837555259 0.0005
868.65036871758 -0.00027596303948485 0.0005
871.79196137117 -0.0005645985972933 0.0005
874.93355402476 -0.00034956498336669 0.0005
878.07514667835 -0.00040731018134466 0.0005
881.21673933194 -0.00040589508910216 0.0005
884.35833198553 -0.00056098222410128 0.0005
887.49992463912 -0.00012265916006982 0.0005
890.64151729271 -0.00031383108876071 0.0005
893.7831099463 -0.00035082267640973 0.0005
896.92470259989 -0.00029401548817987 0.0005
900.06629525348 -0.00059964838487758 0.0005
903.20788790707 -0.0003040551750928 0.0005
906.34948056066 -0.00051749126214418 0.0005
909.49107321425 -0.00036048315166681 0.0005
912.63266586783 -0.00037852572029351 0.0005
915.77425852142 -0.0004809236663732 0.0005
918.91585117501 -0.00048763750385206 0.0005
922.0574438286 -0.00049475141202038 0.0005
925.19903648219 -0.00016720981807339 0.0005
928.34062913578 -0.00029249295437239 0.0005
931.48222178937 -0.00028225625567302 0.0005
934.62381444296 -0.00023239522010954 0.0005
937.76540709655 -0.00040908954088081 0.0005
940.90699975014 -0.00039238030376509 0.0005
944.04859240373 -0.00018189770116805 0.0005
947.19018505732 -0.00050940574101332 0.0005
950.33177771091 -0.00055320629064681 0.0005
953.4733703645 -0.00060530435757755 0.0005
956.61496301809 -0.00031675864863701 0.0005
959.75655567168 -0.0005197348011734 0.0005
962.89814832527 -0.00036645495890752 0.0005
966.03974097886 -0.00023145828890847 0.0005
969.18133363245 -0.00018271852422913 0.0005
972.32292628604 -4.2779718910424e-05 0.0005
975.46451893963 -0.00030016772905128 0.0005
978.60611159322 -0.00033762057148579 0.0005
981.74770424681 -3.9038755744514e-05 0.0005
984.8892969004 -0.00010968670858347 0.0005
988.03088955399 -0.00032401570194907 0.0005
991.17248220758 -0.00024265978618132 0.0005
994.31407486117 -7.8614909284624e-05 0.0005
997.45566751476 0.00010822989918324 0.0005
1000.5972601683 -0.0002878308396248 0.0005
1003.7388528219 -3.7233681155158e-05 0.0005
1006.8804454755 -0.00043989923722165 0.0005
1010.0220381291 -0.00024571470851242 0.0005
1013.1636307827 -0.00037133062085104 0.0005
1016.3052234363 -0.00063027818725914 0.0005
1019.4468160899 -0.00036019336732807 0.0005
1022.5884087435 -5.6422305988235e-05 0.0005
1025.7300013971 -7.9430647929257e-05 0.0005
1028.8715940507 -0.0003320532023281 0.0005
1032.0131867042 -0.00031093209531718 0.0005
1035.1547793578 -0.00044901816931997 0.0005
1038.2963720114 -0.00035097558361485 0.0005
1041.437964665 -0.00048921725465334 0.0005
1044.5795573186 -0.00024691665203136 0.0005
1047.7211499722 -9.9793029221473e-05 0.0005
1050.8627426258 -0.00030336049303514 0.0005
1054.0043352794 -0.00017955429689209 0.0005
1057.145927933 -0.00026484320642339 0.0005
1060.2875205866 -0.00026599854686538 0.0005
1063.4291132401 -0.00010441575545883 0.0005
1066.5707058937 -5.5886067457322e-05 0.0005
1069.7122985473 1.3872540876037e-05 0.0005
1072.8538912009 -0.00018861434728024 0.0005
1075.9954838545 -9.3439496595238e-05 0.0005
1079.1370765081 -0.00020361256633805 0.0005
1082.2786691617 -0.00014195919015947 0.0005
1085.4202618153 -4.7367334673254e-05 0.0005
1088.5618544689 -0.00036432707202039 0.0005
1091.7034471225 -0.00010253274012939 0.0005
1094.845039776 -0.00025360357221871 0.0005
1097.9866324296 -0.00032771271594356 0.0005
1101.1282250832 -0.00036991923570895 0.0005
1104.2698177368 -0.00018383790438747 0.0005
1107.4114103904 -0.00017027157696248 0.0005
1110.553003044 -0.00025355149819006 0.0005
1113.6945956976 -0.00023081607241693 0.0005
1116.8361883512 -0.00021627255500789 0.0005
1119.9777810048 -0.00039204879612953 0.0005
1123.1193736584 -0.00018820927994057 0.0005
1126.2609663119 -0.00010619240606502 0.0005
1129.4025589655 -0.00053412975103129 0.0005
1132.5441516191 -0.00030867436430526 0.0005
1135.6857442727 -0.00066994145572608 0.0005
1138.8273369263 -0.00027086327804682 0.0005
1141.9689295799 -0.00015365123636002 0.0005
1145.1105222335 -0.0003515041682931 0.0005
1148.2521148871 -0.00047978639940993 0.0005
1151.3937075407 -0.00025349744328196 0.0005
1154.5353001942 -8.4867303030478e-05 0.0005
1157.6768928478 -0.00033768117805266 0.0005
1160.8184855014 -0.00035578440861173 0.0005
1163.960078155 -0.00017096268743444 0.0005
1167.1016708086 2.4745805831117e-05 0.0005
1170.2432634622 0.00011047295197386 0.0005
1173.3848561158 -0.00021209490660112 0.0005
1176.5264487694 -0.00031252591338671 0.0005
1179.668041423 -0.00061464781924769 0.0005
1182.8096340766 -0.00043420902125035 0.0005
1185.9512267301 -0.00015690230907239 0.0005
1189.0928193837 -0.00020087369193789 0.0005
1192.2344120373 -0.0003527985945766 0.0005
1195.3760046909 -0.00018320039475839 0.0005
1198.5175973445 -0.00043082410456918 0.0005
1201.6591899981 -0.00016461258587697 0.0005
1204.8007826517 -0.00016292986902045 0.0005
1207.9423753053 8.6678789330108e-05 0.0005
1211.0839679589 7.7715167890346e-05 0.0005
1214.2255606125 -4.0354816064792e-05 0.0005
1217.367153266 -1.0520884870857e-05 0.0005
1220.5087459196 -0.00018303665069652 0.0005
1223.6503385732 -0.00022254305304159 0.0005
1226.7919312268 -0.00026334556196161 0.0005
1229.9335238804 -0.00028042465964973 0.0005
1233.075116534 -0.00041306269167762 0.0005
1236.2167091876 -0.00036832501064055 0.0005
1239.3583018412 -0.00038448586519735 0.0005
1242.4998944948 -0.00030654248757855 0.0005
1245.6414871484 -0.00013812066595165 0.0005
1248.7830798019 -0.00036402829073268 0.0005
1251.9246724555 -4.4780482085116e-05 0.0005
1255.0662651091 -0.00013437710208564 0.0005
1258.2078577627 -0.00037340285757637 0.0005
1261.3494504163 -0.0002400240668976 0.0005
1264.4910430699 -0.00037788852864651 0.0005
1267.6326357235 -0.00010063986815112 0.0005
1270.7742283771 -0.00033333793999191 0.0005
1273.9158210307 -0.00040791142851049 0.0005
1277.0574136843 -0.00020627320304811 0.0005
1280.1990063378 -0.00017081190458157 0.0005
1283.3405989914 -0.00026170179808105 0.0005
1286.482191645 -8.4370988815863e-05 0.0005
1289.6237842986 -0.00035350580606064 0.0005
1292.7653769522 -0.00024721215640966 0.0005
1295.9069696058 -0.00011861236771438 0.0005
1299.0485622594 -0.00038669823470627 0.0005
1302.190154913 -0.00030026187187104 0.0005
1305.3317475666 -0.00044423990584619 0.0005
1308.4733402201 -6.0816878203696e-05 0.0005
1311.6149328737 -0.00021410606177596 0.0005
1314.7565255273 -0.00030871084754835 0.0005
1317.8981181809 -0.00021895764552937 0.0005
1321.0397108345 -8.0984919122784e-05 0.0005
1324.1813034881 -4.7444168330912e-05 0.0005
1327.3228961417 -0.00020481372439463 0.0005
1330.4644887953 -0.00012407847225404 0.0005
1333.6060814489 -0.00043080981254207 0.0005
1336.7476741025 -0.00018250043353873 0.0005
1339.889266756 -0.00029712485002165 0.0005
1343.0308594096 -0.00027353566792954 0.0005
1346.1724520632 -5.0082864845535e-05 0.0005
1349.3140447168 -0.00012720082440865 0.0005
1352.4556373704 -0.00034817465802917 0.0005
1355.597230024 -0.00026023700979749 0.0005
1358.7388226776 -3.058699326175e-05 0.0005
1361.8804153312 -7.9358432458321e-05 0.0005
1365.0220079848 -0.00010111105211763 0.0005
1368.1636006384 -0.00021543985826611 0.0005
1371.3051932919 -0.00035084827709397 0.0005
1374.4467859455 -0.00026698537294578 0.0005
1377.5883785991 -0.00030608961787948 0.0005
1380.7299712527 -0.00025500474748696 0.0005
1383.8715639063 -5.7135656788887e-05 0.0005
1387.0131565599 3.4626263413884e-05 0.0005
1390.1547492135 -0.00025151864838335 0.0005
1393.2963418671 0.00015842566494939 0.0005
1396.4379345207 0.00016690890538484 0.0005
1399.5795271743 -0.00012411286047609 0.0005
1402.7211198278 -0.00017600567184672 0.0005
1405.8627124814 -0.00019388617874938 0.0005
1409.004305135 -0.0001569706760165 0.0005
1412.1458977886 -0.00034726116336969 0.0005
1415.2874904422 -0.0004666966062814 0.0005
1418.4290830958 -0.00037736271951871 0.0005
1421.5706757494 2.6941648911816e-05 0.0005
1424.712268403 -0.00012433267374945 0.0005
1427.8538610566 -0.00026809221981239 0.0005
1430.9954537102 -0.00033072399219236 0.0005
1434.1370463637 -5.7165849966623e-05 0.0005
1437.2786390173 -8.8574994379087e-05 0.0005
1440.4202316709 -7.8528780704801e-05 0.0005
1443.5618243245 -0.00018497902306081 0.0005
1446.7034169781 -0.00028693772378574 0.0005
1449.8450096317 -8.57353977608e-05 0.0005
1452.9866022853 -8.2970583662245e-05 0.0005
1456.1281949389 -6.7602937861011e-05 0.0005
1459.2697875925 -0.00033129479288618 0.0005
1462.411380246 -0.00013646335969497 0.0005
1465.5529728996 -6.5187890413654e-05 0.0005
1468.6945655532 -7.0774760843051e-05 0.0005
1471.8361582068 -0.00025658140748419 0.0005
1474.9777508604 -0.0002100851825162 0.0005
1478.119343514 -0.0002443699761443 0.0005
1481.2609361676 -0.0004147747533807 0.0005
1484.4025288212 -0.00015044748465698 0.0005
1487.5441214748 -3.1467933240492e-05 0.0005
1490.6857141284 6.1550877489935e-05 0.0005
1493.8273067819 -4.3637178805511e-05 0.0005
1496.9688994355 1.7770771592041e-06 0.0005
1500.1104920891 -0.00011870307889694 0.0005
1503.2520847427 -0.00016301574032695 0.0005
1506.3936773963 -0.00017142122715086 0.0005
1509.5352700499 -0.0002289519848091 0.0005
1512.6768627035 -0.00022708501660418 0.0005
1515.8184553571 -0.0003331768159569 0.0005
1518.9600480107 -0.00034199477340735 0.0005
1522.1016406643 -0.00054135906407282 0.0005
1525.2432333178 -4.8306937287634e-05 0.0005
1528.3848259714 -9.0540769633662e-05 0.0005
1531.526418625 -0.00023979543607311 0.0005
1534.6680112786 -7.8499202345483e-05 0.0005
1537.8096039322 -0.00037285957500899 0.0005
1540.9511965858 -0.00037667029118893 0.0005
1544.0927892394 -0.00024209729531321 0.0005
1547.234381893 -5.4638618621539e-05 0.0005
1550.3759745466 -0.00042858727260864 0.0005
1553.5175672002 -0.00024037542516453 0.0005
1556.6591598537 -0.00015928727589198 0.0005
1559.8007525073 -0.00016595323995716 0.0005
1562.9423451609 -0.00024098592530208 0.0005
1566.0839378145 1.7475204231232e-05 0.0005
1569.2255304681 -4.1267291408076e-05 0.0005
1572.3671231217 -0.0001592852520389 0.0005
1575.5087157753 -0.00040603992238175 0.0005
1578.6503084289 -0.00037302589885257 0.0005
1581.7919010825 -0.00029770180572086 0.0005
1584.9334937361 -0.00034416148264427 0.0005
1588.0750863896 -0.00032459652061334 0.0005
1591.2166790432 -0.00054431729222415 0.0005
1594.3582716968 -0.00037926267373223 0.0005
1597.4998643504 -0.00029056181824672 0.0005
1600.641457004 -0.00026375145807833 0.0005
1603.7830496576 -0.00028855195796496 0.0005
1606.9246423112 -0.00032770328516563 0.0005
1610.0662349648 -0.00018794939114741 0.0005
1613.2078276184 -0.00050318832950325 0.0005
1616.3494202719 -0.00052454842193583 0.0005
1619.4910129255 -0.00047369416006404 0.0005
1622.6326055791 -0.00028168780067972 0.0005
1625.7741982327 -6.7383972464086e-05 0.0005
1628.9157908863 -1.1546666655704e-05 0.0005
1632.0573835399 -7.0958368041829e-05 0.0005
1635.1989761935 -0.00017587554020793 0.0005
1638.3405688471 -0.00016721092515581 0.0005
1641.4821615007 0.00018889064654104 0.0005
1644.6237541543 -0.00019545493591977 0.0005
1647.7653468078 -0.00027978711955257 0.0005
1650.9069394614 -0.0004173527236162 0.0005
1654.048532115 -3.6764771039088e-05 0.0005
1657.1901247686 -0.00021852834993297 0.0005
1660.3317174222 0.00012334422558524 0.0005
1663.4733100758 -1.7621900042286e-05 0.0005
1666.6149027294 -0.00035137613872394 0.0005
1669.756495383 -0.00047749141981512 0.0005
1672.8980880366 -9.066218967746e-05 0.0005
1676.0396806902 -0.00026210046030428 0.0005
1679.1812733437 -8.2281127788519e-05 0.0005
1682.3228659973 -0.00033412976767977 0.0005
1685.4644586509 -0.00032299036479344 0.0005
1688.6060513045 -0.00022387954504666 0.0005
1691.7476439581 -0.0001466149267344 0.0005
1694.8892366117 -0.00029704226631111 0.0005
1698.0308292653 -8.8177589987026e-05 0.0005
1701.1724219189 -0.00016876565177881 0.0005
1704.3140145725 -0.00033791219198065 0.0005
1707.4556072261 -0.00011962600501647 0.0005
1710.5971998796 -0.00017395852501068 0.0005
1713.7387925332 7.6784392604168e-06 0.0005
1716.8803851868 -6.1240431250553e-05 0.0005
1720.0219778404 -0.0001380596738727 0.0005
1723.163570494 -0.00029242218761283 0.0005
1726.3051631476 -0.00031065229768501 0.0005
1729.4467558012 -0.00020195030970172 0.0005
1732.5883484548 -0.00020228907578712 0.0005
1735.7299411084 -0.00038498218555105 0.0005
1738.871533762 -0.0003731837621217 0.0005
1742.0131264155 -0.00014420343268284 0.0005
1745.1547190691 -0.0004959866421359 0.0005
1748.2963117227 -0.00040273579838868 0.0005
1751.4379043763 -0.00023444802673112 0.0005
1754.5794970299 -0.00020422078205229 0.0005
1757.7210896835 -0.00033473082430646 0.0005
1760.8626823371 -5.7593419796831e-05 0.0005
1764.0042749907 -0.00032567483162893 0.0005
1767.1458676443 -6.9675791792179e-05 0.0005
1770.2874602978 -1.9277629235148e-06 0.0005
1773.4290529514 -0.00027870808094121 0.0005
1776.570645605 -4.2499314076849e-06 0.0005
1779.7122382586 0.0002795085906655 0.0005
1782.8538309122 0.00017273752609981 0.0005
1785.9954235658 0.00025132220139312 0.0005
1789.1370162194 0.00022550795847565 0.0005
1792.278608873 -0.00020511698744485 0.0005
1795.4202015266 -0.0002174383791953 0.0005
1798.5617941802 -0.00024178214607673 0.0005
1801.7033868337 -3.7355903032221e-05 0.0005
1804.8449794873 -0.00012915242768941 0.0005
1807.9865721409 -3.1260777177522e-05 0.0005
1811.1281647945 0.00013974935973238 0.0005
1814.2697574481 -0.00012736106259581 0.0005
1817.4113501017 -0.00017522453072161 0.0005
1820.5529427553 -0.00017746826165421 0.0005
1823.6945354089 -0.0001606312775948 0.0005
1826.8361280625 -7.2905280148916e-05 0.0005
1829.9777207161 -3.6215871432432e-05 0.0005
1833.1193133696 -0.00041988305042651 0.0005
1836.2609060232 -4.5312062866287e-06 0.0005
1839.4024986768 -5.6167573347921e-05 0.0005
1842.5440913304 -0.00016109287753352 0.0005
1845.685683984 -0.0001699401566384 0.0005
1848.8272766376 -0.00019437230525909 0.0005
1851.9688692912 -8.7459457972727e-05 0.0005
1855.1104619448 -0.00015781736533427 0.0005
1858.2520545984 -0.0001242121204541 0.0005
1861.393647252 -0.00013512682244254 0.0005
1864.5352399055 -0.00042226419577673 0.0005
1867.6768325591 -0.00020428711331988 0.0005
1870.8184252127 -0.00043040282071161 0.0005
1873.9600178663 -0.00016439328601336 0.0005
1877.1016105199 -0.00045899259976068 0.0005
1880.2432031735 -0.00021458375158545 0.0005
1883.3847958271 -0.00021644768503393 0.0005
1886.5263884807 -0.00045087963962942 0.0005
1889.6679811343 -0.00014279795277616 0.0005
1892.8095737879 -0.00017647804497756 0.0005
1895.9511664414 0.00013661688421962 0.0005
1899.092759095 -4.1853101038214e-05 0.0005
1902.2343517486 6.9538567686322e-05 0.0005
1905.3759444022 -5.7301995184389e-05 0.0005
1908.5175370558 -9.3657212573817e-05 0.0005
1911.6591297094 0.00013762941421191 0.0005
1914.800722363 0.00011037808485526 0.0005
1917.9423150166 -3.0504867709169e-05 0.0005
1921.0839076702 -0.00014189597641234 0.0005
1924.2255003237 -8.4341041883818e-05 0.0005
1927.3670929773 -0.00043779238012576 0.0005
1930.5086856309 -0.00019151379774485 0.0005
1933.6502782845 -0.00032670906171006 0.0005
1936.7918709381 -0.00031712036093268 0.0005
1939.9334635917 -0.00017864676283352 0.0005
1943.0750562453 -0.0001359355940167 0.0005
1946.2166488989 -0.00019929516884076 0.0005
1949.3582415525 -2.301433755747e-05 0.0005
1952.4998342061 6.4831507415875e-05 0.0005
1955.6414268596 5.053654990661e-05 0.0005
1958.7830195132 -2.7694190748662e-05 0.0005
1961.9246121668 -6.864249849059e-05 0.0005
1965.0662048204 -3.6907189723934e-05 0.0005
1968.207797474 5.5966939953578e-05 0.0005
1971.3493901276 0.00016527084676454 0.0005
1974.4909827812 -0.00026863674770539 0.0005
1977.6325754348 9.4048177743389e-06 0.0005
1980.7741680884 -0.00018694002415032 0.0005
1983.915760742 -0.00014718611396347 0.0005
1987.0573533955 -0.00017068959618882 0.0005
1990.1989460491 2.0798332343475e-05 0.0005
1993.3405387027 -7.5114094897799e-05 0.0005
1996.4821313563 -0.00021926893532509 0.0005
1999.6237240099 -0.00023477489435209 0.0005
2002.7653166635 -5.4784079111414e-05 0.0005
2005.9069093171 -6.1463582824217e-05 0.0005
2009.0485019707 -0.00028640171399275 0.0005
2012.1900946243 -0.000202324051088 0.0005
2015.3316872779 -0.0002025983042131 0.0005
2018.4732799314 -0.00056908478677542 0.0005
2021.614872585 -0.00032016028126236 0.0005
2024.7564652386 -6.0526378092618e-05 0.0005
2027.8980578922 -0.00039254011676348 0.0005
2031.0396505458 -0.00042668362493714 0.0005
2034.1812431994 -0.00034639577802409 0.0005
2037.322835853 -0.00016287990524688 0.0005
2040.4644285066 -0.00040026033252616 0.0005
2043.6060211602 -0.00030455738669843 0.0005
2046.7476138138 -3.266600083407e-05 0.0005
2049.8892064673 -0.00026625529744706 0.0005
2053.0307991209 -0.0002901450693571 0.0005
2056.1723917745 -4.1743815472728e-05 0.0005
2059.3139844281 -1.6981267890515e-05 0.0005
2062.4555770817 -4.2910247429973e-05 0.0005
2065.5971697353 -0.00020349095029815 0.0005
2068.7387623889 4.1316111492051e-06 0.0005
2071.8803550425 -0.00021678748771592 0.0005
2075.0219476961 -0.00013662016908711 0.0005
2078.1635403496 -0.00025807796964727 0.0005
2081.3051330032 -0.00018471817702448 0.0005
2084.4467256568 -0.00015157470215854 0.0005
2087.5883183104 -0.00022724162636223 0.0005
2090.729910964 -0.00010606443038341 0.0005
2093.8715036176 -5.3792632570548e-05 0.0005
2097.0130962712 -8.8373725702695e-05 0.0005
2100.1546889248 -0.00037722750721514 0.0005
2103.2962815784 -6.4659244344512e-05 0.0005
2106.437874232 -0.00023931789792186 0.0005
2109.5794668855 -0.00041317309523947 0.0005
2112.7210595391 -0.00028406878482201 0.0005
2115.8626521927 -0.00053273673893273 0.0005
2119.0042448463 -0.00018500211808714 0.0005
2122.1458374999 -0.00034746800292851 0.0005
2125.2874301535 -0.00025168558795485 0.0005
2128.4290228071 -4.0916354009823e-05 0.0005
2131.5706154607 -2.1398397620942e-05 0.0005
2134.7122081143 1.7662814116193e-05 0.0005
2137.8538007679 -9.0637110588432e-05 0.0005
2140.9953934214 3.7531687667069e-05 0.0005
2144.136986075 -9.8618592801358e-05 0.0005
2147.2785787286 -0.00025911614147844 0.0005
2150.4201713822 -0.00025955632690966 0.0005
2153.5617640358 -0.00016411328942922 0.0005
2156.7033566894 -0.00032486584495928 0.0005
2159.844949343 -0.00034133350845877 0.0005
2162.9865419966 7.2506014475948e-05 0.0005
2166.1281346502 -3.7117329156899e-06 0.0005
2169.2697273038 -6.5049532622652e-05 0.0005
2172.4113199573 0.00016363303348044 0.0005
2175.5529126109 6.0692309943988e-05 0.0005
2178.6945052645 7.5360662776802e-06 0.0005
2181.8360979181 -0.00021203101096035 0.0005
2184.9776905717 6.3836921981419e-05 0.0005
2188.1192832253 -0.00011616543224591 0.0005
2191.2608758789 -5.1761617214652e-06 0.0005
2194.4024685325 8.7582170635869e-05 0.0005
2197.5440611861 -0.00024585249548181 0.0005
2200.6856538397 -0.00036965873459849 0.0005
2203.8272464932 2.231496046079e-05 0.0005
2206.9688391468 -0.00018956882286147 0.0005
2210.1104318004 -0.00010539031609369 0.0005
2213.252024454 -0.00037180315575824 0.0005
2216.3936171076 -8.0541306488158e-05 0.0005
2219.5352097612 0.00028881229673061 0.0005
2222.6768024148 -0.00016578313034188 0.0005
2225.8183950684 -0.00010658703649824 0.0005
2228.959987722 -0.00028967057824048 0.0005
2232.1015803755 -0.00016106868179122 0.0005
2235.2431730291 -0.00024654363278387 0.0005
2238.3847656827 -0.00020760432789757 0.0005
2241.5263583363 -0.00025742123852979 0.0005
2244.6679509899 -0.0001992911106754 0.0005
2247.8095436435 -4.4870429519506e-05 0.0005
2250.9511362971 -0.00023347604246737 0.0005
2254.0927289507 5.2147094720567e-05 0.0005
2257.2343216043 0.00013037594180787 0.0005
2260.3759142579 0.00022012084673406 0.0005
2263.5175069114 -0.00033812682841017 0.0005
2266.659099565 -6.1480450312956e-05 0.0005
2269.8006922186 5.7775338063948e-05 0.0005
2272.9422848722 -8.6409459072456e-05 0.0005
2276.0838775258 -0.00013253573661132 0.0005
2279.2254701794 -9.6509083050478e-05 0.0005
2282.367062833 -0.00011054123706344 0.0005
2285.5086554866 6.3017800130183e-05 0.0005
2288.6502481402 -0.00013779962500848 0.0005
2291.7918407938 -0.00015844392282816 0.0005
2294.9334334473 0.0001042328690346 0.0005
2298.0750261009 -0.00042664827651606 0.0005
2301.2166187545 -0.00030200965284166 0.0005
2304.3582114081 -0.00044676981269731 0.0005
2307.4998040617 6.8121542426525e-05 0.0005
2310.6413967153 -8.69667292136e-05 0.0005
2313.7829893689 -0.00011960662050114 0.0005
2316.9245820225 8.260911454272e-05 0.0005
2320.0661746761 -0.00020498388812484 0.0005
2323.2077673297 -0.00024781916681604 0.0005
2326.3493599832 4.535396465144e-05 0.0005
2329.4909526368 -0.00028409581045707 0.0005
2332.6325452904 0.00010024055745816 0.0005
2335.774137944 -5.2607664201787e-05 0.0005
2338.9157305976 -6.5965215981123e-05 0.0005
2342.0573232512 -0.00050223722200826 0.0005
2345.1989159048 -0.00017686349337964 0.0005
2348.3405085584 -4.6551556806662e-05 0.0005
2351.482101212 -0.00044263090785535 0.0005
2354.6236938655 -9.1875090220128e-05 0.0005
2357.7652865191 -0.00010940812080662 0.0005
2360.9068791727 -0.00033734618682502 0.0005
2364.0484718263 -0.000158763924901 0.0005
2367.1900644799 -0.00012739563726427 0.0005
2370.3316571335 0.00023366106779577 0.0005
2373.4732497871 -3.96076893594e-06 0.0005
2376.6148424407 -0.00017132650782514 0.0005
2379.7564350943 -0.00030417412790484 0.0005
2382.8980277479 -0.00014889390649842 0.0005
2386.0396204014 5.5875282669149e-05 0.0005
2389.181213055 -0.00031870155498837 0.0005
2392.3228057086 -0.00032601947805233 0.0005
2395.4643983622 -0.00022602349463341 0.0005
2398.6059910158 -0.00021346596895455 0.0005
2401.7475836694 -0.00025503585402475 0.0005
2404.889176323 -0.00014721879460922 0.0005
2408.0307689766 -0.00014224809956431 0.0005
2411.1723616302 -0.000239755608618 0.0005
2414.3139542838 -2.1454096895468e-05 0.0005
2417.4555469373 0.00021344534616219 0.0005
2420.5971395909 0.0001219304776896 0.0005
2423.7387322445 0.00013510144162865 0.0005
2426.8803248981 -0.00010622529953253 0.0005
2430.0219175517 0.00011761462792492 0.0005
2433.1635102053 9.7879678833124e-06 0.0005
2436.3051028589 1.498625442764e-05 0.0005
2439.4466955125 -8.2298784036539e-06 0.0005
2442.5882881661 -0.00022700927593178 0.0005
2445.7298808197 -8.0330398759543e-05 0.0005
2448.8714734732 -1.0607134754537e-05 0.0005
2452.0130661268 -1.9403589249123e-05 0.0005
2455.1546587804 -0.0001400222877237 0.0005
2458.296251434 -0.00010207546665697 0.0005
2461.4378440876 -0.00030819386392977 0.0005
2464.5794367412 2.4960092105175e-05 0.0005
2467.7210293948 -5.448976662592e-05 0.0005
2470.8626220484 -3.9143443245848e-05 0.0005
2474.004214702 -6.6384095589456e-05 0.0005
2477.1458073556 -0.00019982240155514 0.0005
2480.2874000091 -0.00016027574883992 0.0005
2483.4289926627 -0.0004073171512573 0.0005
2486.5705853163 -0.00013353350686884 0.0005
2489.7121779699 -1.8504729723645e-05 0.0005
2492.8537706235 -0.00016973919218799 0.0005
2495.9953632771 -0.00029019366957073 0.0005
2499.1369559307 -0.00033436104786233 0.0005
2502.2785485843 -9.9858052180934e-05 0.0005
2505.4201412379 1.2240149771969e-05 0.0005
2508.5617338914 7.8576489158877e-05 0.0005
2511.703326545 -0.00019877382010236 0.0005
2514.8449191986 1.3081682482152e-05 0.0005
2517.9865118522 -6.7397514158074e-05 0.0005
2521.1281045058 -2.0794871943508e-05 0.0005
2524.2696971594 -0.00030841280477034 0.0005
2527.411289813 -0.00020750063731612 0.0005
2530.5528824666 -6.4129993006645e-05 0.0005
2533.6944751202 0.00014727279904037 0.0005
2536.8360677738 0.0002558972364568 0.0005
2539.9776604273 -6.222901856745e-05 0.0005
2543.1192530809 -9.3066192221158e-05 0.0005
2546.2608457345 -0.00038180799356269 0.0005
2549.4024383881 -7.7238769790711e-05 0.0005
2552.5440310417 1.6344760297216e-05 0.0005
2555.6856236953 0.00034686571189013 0.0005
2558.8272163489 0.00021510898204724 0.0005
2561.9688090025 -0.0001757624208949 0.0005
2565.1104016561 8.001495643839e-06 0.0005
2568.2519943097 -0.00018385367957308 0.0005
2571.3935869632 -0.00041644463226476 0.0005
2574.5351796168 -9.9160165518697e-05 0.0005
2577.6767722704 -0.0002128838614226 0.0005
2580.818364924 0.00011667748867694 0.0005
2583.9599575776 7.5450987878867e-05 0.0005
2587.1015502312 -0.00017056753677025 0.0005
2590.2431428848 -0.00022088309287938 0.0005
2593.3847355384 -5.3858641877014e-05 0.0005
2596.526328192 6.634561032115e-06 0.0005
2599.6679208456 -0.00024965887223516 0.0005
2602.8095134991 -0.00018694755590332 0.0005
2605.9511061527 -8.9474339802109e-05 0.0005
2609.0926988063 -0.00014546630154655 0.0005
2612.2342914599 0.00028102238002248 0.0005
2615.3758841135 7.8249989655887e-05 0.0005
2618.5174767671 -0.00010618648411764 0.0005
2621.6590694207 -0.00037336275363486 0.0005
2624.8006620743 2.9211909804872e-05 0.0005
2627.9422547279 -0.00023676321643507 0.0005
2631.0838473815 -0.0002037641638708 0.0005
2634.225440035 -0.00022832993636257 0.0005
2637.3670326886 1.378802517138e-05 0.0005
2640.5086253422 -3.7319595321605e-05 0.0005
2643.6502179958 9.2405474333646e-05 0.0005
2646.7918106494 -0.00016196680780922 0.0005
2649.933403303 -0.00025488045048405 0.0005
2653.0749959566 -0.00033319208023386 0.0005
2656.2165886102 1.5446209090442e-05 0.0005
2659.3581812638 -0.00016780441228548 0.0005
2662.4997739173 4.4677103232971e-05 0.0005
2665.6413665709 -4.2688820030889e-05 0.0005
2668.7829592245 -0.00017962891297429 0.0005
2671.9245518781 -0.00032650699176884 0.0005
2675.0661445317 -0.0001613077483853 0.0005
2678.2077371853 -0.00011773879668908 0.0005
2681.3493298389 -3.2128148632182e-05 0.0005
2684.4909224925 -0.00022324040537569 0.0005
2687.6325151461 -0.00016853546139828 0.0005
2690.7741077997 -0.0004384127269077 0.0005
2693.9157004532 -0.00018057485158351 0.0005
2697.0572931068 -0.00014938086496841 0.0005
2700.1988857604 3.9318120798271e-05 0.0005
2703.340478414 1.6622117527731e-05 0.0005
2706.4820710676 8.9668854798219e-05 0.0005
2709.6236637212 -0.00020112888387303 0.0005
2712.7652563748 -7.6334736149875e-06 0.0005
2715.9068490284 -1.4962375189498e-05 0.0005
2719.048441682 2.3456870621885e-05 0.0005
2722.1900343356 -8.4578628957388e-05 0.0005
2725.3316269891 0.00010365674779678 0.0005
2728.4732196427 9.5646155841678e-05 0.0005
2731.6148122963 -0.00039548559789182 0.0005
2734.7564049499 -0.00017715823423714 0.0005
2737.8979976035 -0.00018596988411446 0.0005
2741.0395902571 -0.00027744596309276 0.0005
2744.1811829107 -0.00010526995583859 0.0005
2747.3227755643 0.00014224974529498 0.0005
2750.4643682179 0.00022608637937083 0.0005
2753.6059608715 0.00017686526553007 0.0005
2756.747553525 1.2636205610761e-05 0.0005
2759.8891461786 -0.00015048968225528 0.0005
2763.0307388322 -0.00015155106348175 0.0005
2766.1723314858 4.497919098867e-05 0.0005
2769.3139241394 -4.8822784265212e-05 0.0005
2772.455516793 5.1162825457141e-05 0.0005
2775.5971094466 0.00023950650029292 0.0005
2778.7387021002 -0.00010600222003632 0.0005
2781.8802947538 -0.00021292697329045 0.0005
2785.0218874074 -0.00012010152659059 0.0005
2788.1634800609 -0.00010024143512055 0.0005
2791.3050727145 0.00035351911446924 0.0005
2794.4466653681 -0.00015113342033146 0.0005
2797.5882580217 0.00016602514233455 0.0005
2800.7298506753 -6.3219899857359e-06 0.0005
2803.8714433289 -0.00035922222014051 0.0005
2807.0130359825 6.4747503984108e-05 0.0005
2810.1546286361 0.00012771848651028 0.0005
2813.2962212897 0.00015678009685871 0.0005
2816.4378139432 -1.8496552456782e-05 0.0005
2819.5794065968 -0.00013258254602988 0.0005
2822.7209992504 -0.00035726813212023 0.0005
2825.862591904 -0.00010198527797911 0.0005
2829.0041845576 0.00018412182453176 0.0005
2832.1457772112 0.00021789322636323 0.0005
2835.2873698648 0.00010088130193253 0.0005
2838.4289625184 0.00013344167200557 0.0005
2841.570555172 -1.2347177744232e-05 0.0005
2844.7121478256 1.8213878774986e-05 0.0005
2847.8537404791 -0.00011655449497994 0.0005
2850.9953331327 0.0001407702097822 0.0005
2854.1369257863 -0.00013779008486381 0.0005
2857.2785184399 5.5921732382558e-06 0.0005
2860.4201110935 0.00010658931569196 0.0005
2863.5617037471 3.4359869459877e-05 0.0005
2866.7032964007 -0.00023700130532234 0.0005
2869.8448890543 -0.00032343462862627 0.0005
2872.9864817079 -0.00026080098587045 0.0005
2876.1280743615 -3.2539996936976e-06 0.0005
2879.269667015 -0.00020027763002872 0.0005
2882.4112596686 -0.00015329152665799 0.0005
2885.5528523222 8.9714661953622e-05 0.0005
2888.6944449758 -0.00011081737056884 0.0005
2891.8360376294 -3.6003125842399e-05 0.0005
2894.977630283 1.9969570985268e-05 0.0005
2898.1192229366 1.496913137089e-05 0.0005
2901.2608155902 -0.00010677351610866 0.0005
2904.4024082438 -0.00012240210935488 0.0005
2907.5440008974 -0.00016588418611718 0.0005
2910.6855935509 -9.7875991741603e-05 0.0005
2913.8271862045 -0.0002353288946324 0.0005
2916.9687788581 -0.00034364910334261 0.0005
2920.1103715117 -0.00031012793397167 0.0005
2923.2519641653 -4.2890900658676e-05 0.0005
2926.3935568189 0.00016798059732537 0.0005
2929.5351494725 -7.655892341063e-05 0.0005
2932.6767421261 -0.00015114076586542 0.0005
2935.8183347797 -0.00043031293671447 0.0005
2938.9599274333 -0.00010501658152862 0.0005
2942.1015200868 -2.8071692213416e-05 0.0005
2945.2431127404 -7.4788181336771e-05 0.0005
2948.384705394 -0.00015707195780124 0.0005
2951.5262980476 -0.00036232847833162 0.0005
2954.6678907012 -0.00016749786436776 0.0005
2957.8094833548 -0.00019709460366357 0.0005
2960.9510760084 3.8306611713779e-05 0.0005
2964.092668662 6.0307440435281e-05 0.0005
2967.2342613156 -1.6289232007693e-07 0.0005
2970.3758539691 0.00019712140147021 0.0005
2973.5174466227 8.3958296272613e-05 0.0005
2976.6590392763 -0.00017333050755042 0.0005
2979.8006319299 -0.00024116609256453 0.0005
2982.9422245835 -0.00010936339094769 0.0005
2986.0838172371 -9.0589723640733e-05 0.0005
2989.2254098907 -0.00012172189644843 0.0005
2992.3670025443 -0.00028722741171805 0.0005
2995.5085951979 -0.00020171676715108 0.0005
2998.6501878515 -0.00017024608814609 0.0005
3001.791780505 -0.00027199247733734 0.0005
3004.9333731586 -0.00039459160780098 0.0005
3008.0749658122 -0.00052244870539653 0.0005
3011.2165584658 -1.3463056347973e-05 0.0005
3014.3581511194 -0.00010706336433941 0.0005
3017.499743773 4.6320182264026e-05 0.0005
3020.6413364266 0.00023679346804784 0.0005
3023.7829290802 2.7578611934587e-05 0.0005
3026.9245217338 -8.5056623447599e-05 0.0005
3030.0661143874 -0.00026456523801244 0.0005
3033.2077070409 -3.9262544305529e-05 0.0005
3036.3492996945 -0.00012866838369519 0.0005
3039.4908923481 -0.0001548048571749 0.0005
3042.6324850017 4.663253093895e-06 0.0005
3045.7740776553 -0.00012809790723622 0.0005
3048.9156703089 5.6203349231509e-05 0.0005
3052.0572629625 -5.2084259550611e-05 0.0005
3055.1988556161 -9.1164315563219e-05 0.0005
3058.3404482697 -0.00012714738932118 0.0005
3061.4820409233 -8.1822966876643e-05 0.0005
3064.6236335768 -0.00014702727003169 0.0005
3067.7652262304 -1.7346656932204e-05 0.0005
3070.906818884 -0.00024394218007728 0.0005
3074.0484115376 -0.0001252907354683 0.0005
3077.1900041912 -0.00023679197011006 0.0005
3080.3315968448 -0.00028325477978797 0.0005
3083.4731894984 -2.6159387743974e-05 0.0005
3086.614782152 -0.00024623497938592 0.0005
3089.7563748056 -0.00016249409873126 0.0005
3092.8979674592 -0.000274479419204 0.0005
3096.0395601127 2.0197044250381e-06 0.0005
3099.1811527663 -4.4617909679801e-05 0.0005
3102.3227454199 -0.00014915048041075 0.0005
3105.4643380735 6.8814299993392e-05 0.0005
3108.6059307271 -6.2334985614143e-05 0.0005
3111.7475233807 -0.00024736958266658 0.0005
3114.8891160343 0.00011598745186348 0.0005
3118.0307086879 2.6499114937906e-06 0.0005
3121.1723013415 4.2017587929877e-05 0.0005
3124.313893995 5.2227580908948e-05 0.0005
3127.4554866486 -2.1486730474862e-06 0.0005
3130.5970793022 -2.0863182271569e-05 0.0005
3133.7386719558 -0.0001267176858164 0.0005
3136.8802646094 8.4628692547994e-05 0.0005
3140.021857263 -4.2196208596579e-05 0.0005
3143.1634499166 -0.00021721136636188 0.0005
3146.3050425702 -0.00043545196831474 0.0005
3149.4466352238 -0.00034038455123664 0.0005
3152.5882278774 0.00016628076036795 0.0005
3155.7298205309 -0.00017944148203242 0.0005
3158.8714131845 -0.00034941930198329 0.0005
3162.0130058381 -0.00018783263567457 0.0005
3165.1545984917 -0.00010419702311992 0.0005
3168.2961911453 0.00018715233863986 0.0005
3171.4377837989 0.00018616966053742 0.0005
3174.5793764525 -0.00021822584767506 0.0005
3177.7209691061 0.00024640710216772 0.0005
3180.8625617597 -0.00013365792347031 0.0005
3184.0041544133 -0.00012906498932352 0.0005
3187.1457470668 -0.00020093646116948 0.0005
3190.2873397204 -0.00015610357240803 0.0005
3193.428932374 -0.00023934009232107 0.0005
3196.5705250276 -0.00024860171197361 0.0005
3199.7121176812 -0.00043853144916284 0.0005
3202.8537103348 -0.00013234614243629 0.0005
3205.9953029884 -0.00012425873592292 0.0005
3209.136895642 -0.00015706517024228 0.0005
3212.2784882956 6.4115154600586e-05 0.0005
3215.4200809492 0.00017921066819326 0.0005
