-0.50000037562497
-0.45241760390229
-0.40945373899366
-0.37065126760931
-0.33559896975398
-0.30392712120864
-0.27530320813865
-0.24942809686067
-0.22603260854637
-0.20487445450752
-0.18573549282569
-0.16841927156868
-0.15274882776445
-0.13856471475715
-0.12572323361253
-0.11409484692496
-0.10356275575135
-0.09402162249789
-0.085376424446746
-0.077541424261331
-0.070439245275438
-0.064000040674924
-0.058160746840423
-0.052864412151786
-0.048059593474678
-0.043699813369399
-0.039743071793135
-0.036151406719139
-0.032890498678763
-0.029929314752354
-0.027239787999826
-0.024796528737061
-0.022576564435858
-0.020559105357273
-0.018725333325622
-0.017058211316481
-0.01554231177028
-0.014163661756502
-0.012909603304657
-0.011768667389546
-0.010730460211855
-0.0097855605528303
-0.0089254271052679
-0.0081423147937948
-0.0074291991968465
-0.0067797082719065
-0.006188060665687
-0.00564900996282
-0.0051577942912044
-0.0047100907601797
-0.0043019742598166
-0.003929880196469
-0.0035905707818512
-0.0032811045307648
-0.0029988086566633
-0.0027412540848756
-0.0025062328308698
-0.0022917375157481
-0.0020959428134868
-0.0019171886445414
-0.0017539649485285
-0.0016048978850133
-0.0014687373261025
-0.0013443455177909
-0.00123068679892
-0.0011268182773836
-0.0010318813728705
-0.00094509414421519
-0.00086574432728114
-0.00079318301643433
-0.00072681892906606
-0.00066611319842991
-0.00061057464527671
-0.00055975548349623
-0.00051324741923632
-0.0004706781068185
-0.00043170792825181
-0.0003960270662828
-0.00036335284376508
-0.00033342730469757
-0.00030601501460075
-0.00028090105999834
-0.00025788922867328
-0.00023680035407921
-0.00021747080884681
-0.00019975113372608
-0.00018350478958118
-0.00016860702120334
-0.00015494382275404
-0.00014241099559078
-0.00013091329008501
-0.00012036362382028
-0.00011068236925147
-0.00010179670455575
-9.3640021968173e-05
-8.6151388429507e-05
-7.9275053840744e-05
-7.2960002651146e-05
-6.715954490056e-05
-6.1830943179482e-05
-5.6935072305657e-05
-5.243610879588e-05
-4.83012474825e-05
-4.4500442861699e-05
-4.1006172978199e-05
-3.7793223851752e-05
-3.4838492626556e-05
-3.2120807792248e-05
-2.962076497018e-05
-2.7320576895186e-05
-2.5203936346207e-05
-2.3255890888146e-05
-2.1462728392113e-05
-1.9811872389003e-05
-1.8291786401218e-05
-1.6891886465547e-05
-1.5602461137016e-05
-1.441459832323e-05
-1.332011835857e-05
-1.2311512766859e-05
-1.1381888237982e-05
-1.0524915353612e-05
-9.7347816583336e-06
-9.0061487022376e-06
-8.3341127109078e-06
-7.7141685734938e-06
-7.1421768646881e-06
-6.6143336392547e-06
-6.1271427624316e-06
-5.6773905621222e-06
-5.262122601551e-06
-4.8786223949591e-06
-4.5243918993328e-06
-4.1971336320172e-06
-3.8947342781093e-06
-3.6152496580002e-06
-3.3568909448235e-06
-3.1180120221244e-06
-2.8970978880927e-06
-2.6927540190896e-06
-2.5036966088654e-06
-2.3287436130303e-06
-2.1668065302544e-06
-2.016882857947e-06
-1.8780491675287e-06
-1.7494547463581e-06
-1.6303157602403e-06
-1.5199098912591e-06
-1.4175714151642e-06
-1.3226866782754e-06
-1.2346899413304e-06
-1.1530595631562e-06
-1.0773144917237e-06
-1.0070110397799e-06
-9.4173992247657e-07
-8.8112353165099e-07
-8.2481343306861e-07
-7.7248806173321e-07
-7.2385060506523e-07
-6.7862705518045e-07
-6.3656441562881e-07
-5.9742905521124e-07
-5.6100519020076e-07
-5.2709348862679e-07
-4.9550978649013e-07
-4.6608390500269e-07
-4.3865856297694e-07
-4.1308837425956e-07
-3.8923892580953e-07
-3.6698592761895e-07
-3.4621443060697e-07
-3.2681810537678e-07
-3.0869857918869e-07
-2.9176482265894e-07
-2.7593258753499e-07
-2.6112388633224e-07
-2.4726651294966e-07
-2.3429360305047e-07
-2.2214322518874e-07
-2.1075800571284e-07
-2.0008478335216e-07
-1.9007428998416e-07
-1.8068085544988e-07
-1.718621365493e-07
-1.6357886611662e-07
-1.5579462160811e-07
-1.4847561188855e-07
-1.4159047960484e-07
-1.3511011990969e-07
-1.2900751198064e-07
-1.2325756429865e-07
-1.178369708285e-07
-1.1272407912615e-07
-1.0789876801864e-07
-1.0334233444458e-07
-9.9037388914839e-08
-9.4967759662057e-08
-9.1118402916259e-08
-8.7475320230458e-08
-8.4025483712977e-08
-8.0756762469347e-08
-7.7657860569241e-08
-7.4718255462058e-08
-7.1928141858275e-08
-6.9278380255086e-08
-6.6760449487653e-08
-6.4366401803954e-08
-6.2088822909528e-08
-5.9920792968905e-08
-5.7855851872206e-08
-5.5887966914691e-08
-5.4011502951997e-08
-5.2221193274016e-08
-5.0512114796198e-08
-4.8879663690098e-08
-4.7319533170414e-08
-4.5827692909524e-08
-4.4400369633596e-08
-4.3034029923172e-08
-4.1725363394888e-08
-4.0471267165362e-08
-3.9268832424222e-08
-3.8115330443448e-08
-3.7008201093739e-08
-3.5945040924351e-08
-3.4923592862935e-08
-3.3941736503256e-08
-3.2997478833356e-08
-3.2088945747415e-08
-3.1214374908191e-08
-3.0372106868526e-08
-2.9560580078735e-08
-2.8778323122549e-08
-2.8023949873387e-08
-2.7296153134432e-08
-2.6593700103963e-08
-2.5915427946019e-08
-2.5260238238474e-08
-2.4627093929065e-08
-2.4015015040562e-08
-2.3423075128435e-08
-2.2850397852318e-08
-2.2296154217195e-08
-2.1759559266553e-08
-2.1239869461206e-08
-2.0736380648614e-08
-2.0248424615016e-08
-1.9775368278883e-08
-1.9316610463347e-08
-1.8871580547574e-08
-1.8439736390982e-08
-1.8020563209664e-08
-1.7613571130814e-08
-1.7218294593273e-08
-1.6834290067993e-08
-1.6461135932916e-08
-1.6098430259551e-08
-1.5745789782436e-08
-1.5402849499038e-08
-1.506926105443e-08
-1.4744692166964e-08
-1.4428825534223e-08
-1.4121358019738e-08
-1.3822000154282e-08
-1.3530474941795e-08
-1.3246517712746e-08
-1.296987510558e-08
-1.2700304795891e-08
-1.2437574659919e-08
-1.2181461624546e-08
-1.193175288123e-08
-1.1688244021175e-08
-1.1450738864823e-08
-1.1219049287623e-08
-1.0992994612653e-08
-1.0772400912065e-08
-1.0557102412868e-08
-1.0346938378157e-08
-1.0141755018554e-08
-9.9414039750704e-09
-9.7457428674194e-09
-9.5546344318442e-09
-9.3679464848473e-09
-9.1855520368382e-09
-9.0073283146227e-09
-8.8331572986165e-09
-8.6629249364646e-09
-8.4965212933745e-09
-8.3338405177978e-09
-8.1747802530287e-09
-8.0192416769216e-09
-7.8671294571189e-09
-7.7183512304584e-09
-7.5728183036815e-09
-7.4304445644616e-09
-7.2911467459998e-09
-7.1548443252651e-09
-7.0214594807809e-09
-6.8909169025942e-09
-6.7631437254422e-09
-6.6380694399606e-09
-6.5156255233115e-09
-6.3957458328389e-09
-6.2783662889664e-09
-6.1634246183997e-09
-6.0508606565383e-09
-5.9406159247407e-09
-5.8326338084681e-09
-5.7268593837856e-09
-5.6232392911e-09
-5.5217216875674e-09
-5.4222565319035e-09
-5.3247950074787e-09
-5.2292896885917e-09
-5.135694637198e-09
-5.0439651329955e-09
-4.9540578200871e-09
-4.8659305589692e-09
-4.7795423969035e-09
-4.694853344283e-09
-4.6118246620378e-09
-4.5304186122274e-09
-4.4505986806397e-09
-4.3723292208544e-09
-4.2955754479204e-09
-4.2203035158145e-09
-4.1464806723307e-09
-4.0740748927339e-09
-4.0030550747015e-09
-3.9333906533532e-09
-3.8650523966814e-09
-3.7980113975102e-09
-3.7322395660208e-09
-3.6677095847707e-09
-3.604394898602e-09
-3.5422695434897e-09
-3.4813082604419e-09
-3.4214862821862e-09
-3.3627796665737e-09
-3.3051649751381e-09
-3.2486192008682e-09
-3.1931202335676e-09
-3.1386461791425e-09
-3.0851758636093e-09
-3.0326885260866e-09
-2.9811639766453e-09
-2.9305825770605e-09
-2.8809249368634e-09
-2.8321718985158e-09
-2.7843060247586e-09
-2.7373088319447e-09
-2.6911628749713e-09
-2.6458511255987e-09
-2.6013566904398e-09
-2.5576634941905e-09
-2.5147555069655e-09
-2.4726171639115e-09
-2.4312333250633e-09
-2.3905889280576e-09
-2.3506695603834e-09
-2.3114612649308e-09
-2.2729498005267e-09
-2.2351217519331e-09
-2.1979637551499e-09
-2.16146289327e-09
-2.1256065749199e-09
-2.090382353868e-09
-2.0557779686091e-09
-2.0217816966204e-09
-1.9883818625478e-09
-1.9555672183274e-09
-1.923326461334e-09
-1.8916488079051e-09
-1.8605237098235e-09
-1.8299407055206e-09
-1.7998895498934e-09
-1.7703602824296e-09
-1.7413431719963e-09
-1.7128287083772e-09
-1.6848075301755e-09
-1.6572704418708e-09
-1.6302084614026e-09
-1.6036127406477e-09
-1.5774749091003e-09
-1.5517864090443e-09
-1.5265390710798e-09
-1.5017246830451e-09
-1.4773353780106e-09
-1.4533635875511e-09
-1.4298015431357e-09
-1.4066417456137e-09
-1.3838771853286e-09
-1.3615004982766e-09
-1.3395047934547e-09
-1.3178831421928e-09
-1.2966289478905e-09
-1.2757355450364e-09
-1.2551965043982e-09
-1.2350055355928e-09
-1.2151563735842e-09
-1.195643113737e-09
-1.1764595845126e-09
-1.1576001010394e-09
-1.1390589423535e-09
-1.1208304431488e-09
-1.1029091211147e-09
-1.0852896320877e-09
-1.0679666285825e-09
-1.0509350283667e-09
-1.0341895518524e-09
-1.0177254299739e-09
-1.0015377446527e-09
-9.8562165133404e-10
-9.6997238878634e-10
-9.5458540455675e-10
-9.3945626984581e-10
-9.2458040422623e-10
-9.0995350604014e-10
-8.9557139851418e-10
-8.8142975880273e-10
-8.675246765578e-10
-8.5385190853933e-10
-8.4040761897346e-10
-8.2718776981298e-10
-8.1418874825989e-10
-8.014068059906e-10
-7.888381729039e-10
-7.7647924983912e-10
-7.6432671091744e-10
-7.5237690064149e-10
-7.4062652824386e-10
-7.2907208773584e-10
-7.1771060253089e-10
-7.0653858662271e-10
-6.9555297061209e-10
-6.8475076723845e-10
-6.7412892353571e-10
-6.636843014977e-10
-6.5341435278897e-10
-6.4331575032137e-10
-6.3338593328698e-10
-6.2362202966667e-10
-6.1402138746171e-10
-6.0458124948806e-10
-5.9529923323653e-10
-5.8617265000014e-10
-5.7719889155677e-10
-5.6837554805907e-10
-5.5970028915017e-10
-5.5117062209977e-10
-5.4278431249126e-10
-5.3453898033445e-10
-5.2643237378754e-10
-5.1846227387643e-10
-5.1062672044539e-10
-5.0292331103858e-10
-4.9535008693954e-10
-4.8790500980148e-10
-4.80586078609e-10
-4.7339113307763e-10
-4.6631851000613e-10
-4.5936613269269e-10
-4.525322293543e-10
-4.4581494924314e-10
-4.3921238203531e-10
-4.3272290403975e-10
-4.2634471657448e-10
-4.2007618112098e-10
-4.1391560911617e-10
-4.0786137896318e-10
-4.0191174896488e-10
-3.9606540626002e-10
-3.9032053409796e-10
-3.8467583089248e-10
-3.7912974918737e-10
-3.736807191401e-10
-3.6832759016009e-10
-3.6306853635215e-10
-3.5790258691559e-10
-3.5282817063334e-10
-3.4784403868593e-10
-3.4294892597594e-10
-3.3814156993494e-10
-3.3342056349797e-10
-3.2878486264983e-10
-3.2423328194292e-10
-3.1976449718713e-10
-3.153774544335e-10
-3.1107106237348e-10
-3.0684422923754e-10
-3.0269577837927e-10
-2.9862471252158e-10
-2.9463009170885e-10
-2.907107049599e-10
-2.8686577287382e-10
-2.8309418118631e-10
-2.7939504736761e-10
-2.7576741564402e-10
-2.7221043993716e-10
-2.687229701652e-10
-2.6530459614396e-10
-2.6195419683297e-10
-2.5867089798489e-10
-2.5545410087296e-10
-2.5230278294963e-10
-2.4921638203001e-10
-2.4619397223816e-10
-2.4323486362455e-10
-2.4033858848754e-10
-2.375041591157e-10
-2.3473093239137e-10
-2.3201847754672e-10
-2.2936583767058e-10
-2.2677273249258e-10
-2.2423819046e-10
-2.2176180152616e-10
-2.1934303748477e-10
-2.1698135381247e-10
-2.1467621625157e-10
-2.1242687506684e-10
-2.1023324981607e-10
-2.0809439964389e-10
-2.06010139604e-10
-2.0398000946488e-10
-2.0200347070336e-10
-2.000801672141e-10
-1.9820971090744e-10
-1.9639166588082e-10
-1.9462566090015e-10
-1.9291145836054e-10
-1.9124850936831e-10
-1.8963664997843e-10
-1.8807564123408e-10
-1.8656491117754e-10
-1.8510452347133e-10
-1.8369412635936e-10
-1.8233330648371e-10
-1.810219502796e-10
-1.7976004202605e-10
-1.785471849213e-10
-1.7738318263118e-10
-1.762679030731e-10
-1.7520135153817e-10
-1.7418327389686e-10
-1.7321361036305e-10
-1.7229217009502e-10
-1.7141902959503e-10
-1.705939497419e-10
-1.6981721452592e-10
-1.6908851298173e-10
-1.6840800064253e-10
-1.6777554052373e-10
-1.6719146251103e-10
-1.6665547790608e-10
-1.6616772506467e-10
-1.6572854339162e-10
-1.6533775927978e-10
-1.6499561372811e-10
-1.6470229183604e-10
-1.6445790952119e-10
-1.6426263489266e-10
-1.6411681397215e-10
-1.6402044097999e-10
-1.6397381910211e-10
-1.6397739062709e-10
-1.6403121795836e-10
-1.6413574711303e-10
-1.6429134631037e-10
-1.6449824176217e-10
-1.6475686807903e-10
-1.6506755767439e-10
-1.654308669785e-10
-1.6584713447087e-10
-1.6631685529931e-10
-1.6684046579114e-10
-1.6741865850495e-10
-1.6805168469471e-10
-1.6874048308115e-10
-1.6948532775809e-10
-1.7028698120969e-10
-1.7114614303978e-10
-1.7206328002513e-10
-1.7303934694036e-10
-1.7407491255582e-10
-1.75170847067e-10
-1.7632782827709e-10
-1.7754678141468e-10
-1.788285784851e-10
-1.8017408182155e-10
-1.8158412788924e-10
-1.8305975834628e-10
-1.8460198097286e-10
-1.8621187466834e-10
-1.8789023312694e-10
-1.8963845178836e-10
-1.9145727590219e-10
-1.9334853840768e-10
-1.9531304169067e-10
-1.9735212084235e-10
-1.9946703940679e-10
-2.0165925274241e-10
-2.0392988862112e-10
-2.0628075049813e-10
-2.087130916498e-10
-2.112284882722e-10
-2.1382843175472e-10
-2.1651479790106e-10
-2.1928910112613e-10
-2.2215313261172e-10
-2.2510851802867e-10
-2.281574023572e-10
-2.3130153452534e-10
-2.3454286642117e-10
-2.3788345373428e-10
-2.4132539955952e-10
-2.4487078547147e-10
-2.4852201780904e-10
-2.52281161884e-10
-2.5615073253334e-10
-2.6013317018839e-10
-2.6423080568294e-10
-2.684464959346e-10
-2.7278261704109e-10
-2.7724222001176e-10
-2.8182796416406e-10
-2.8654279014391e-10
-2.913896760808e-10
-2.963717356072e-10
-3.0149223286746e-10
-3.0675436645336e-10
-3.121616312847e-10
-3.1771741083734e-10
-3.2342533954904e-10
-3.2928908598092e-10
-3.3531274012213e-10
-3.4149982325567e-10
-3.4785463109593e-10
-3.5438147913144e-10
-3.6108444962243e-10
-3.679681335296e-10
-3.7503701025813e-10
-3.8229584086804e-10
-3.8974950364868e-10
-3.974030099508e-10
-4.0526156393881e-10
-4.1333044851023e-10
-4.216152126326e-10
-4.3012159945151e-10
-4.388553007492e-10
-4.478223429393e-10
-4.5702922734354e-10
-4.6648207978902e-10
-4.7618754749314e-10
-4.8615310785949e-10
-4.9638463583517e-10
-5.0689001614091e-10
-5.1767681273577e-10
-5.287525730444e-10
-5.4012542979416e-10
-5.5180353028587e-10
-5.6379544923975e-10
-5.7610997452146e-10
-5.8875607313313e-10
-6.0174320166906e-10
-6.150809358469e-10
-6.2877931792254e-10
-6.4284881598573e-10
-6.572997881204e-10
-6.7214333454136e-10
-6.8739091957309e-10
-7.0305422819342e-10
-7.1914550138306e-10
-7.3567696506778e-10
-7.5266206945443e-10
-7.7011384940206e-10
-7.8804640812521e-10
-8.0647389399148e-10
-8.2541129013704e-10
-8.4487439564034e-10
-8.6487834062953e-10
-8.8543961092581e-10
-9.0657570199332e-10
-9.2830395487436e-10
-9.5064266716534e-10
-9.7361072077544e-10
-9.9722777646547e-10
-1.0215140244337e-09
-1.0464906109687e-09
-1.0721792238117e-09
-1.0986024872909e-09
-1.1257837080619e-09
-1.1537473413233e-09
-1.1825183907371e-09
-1.2121231644435e-09
-1.2425887862199e-09
-1.2739431127965e-09
-1.3062157119852e-09
-1.3394367499286e-09
-1.3736378785847e-09
-1.4088518331533e-09
-1.4451125976863e-09
-1.4824554982322e-09
-1.5209175000164e-09
-1.5605367647188e-09
-1.6013531019223e-09
-1.6434079054352e-09
-1.6867443770542e-09
-1.7314074527126e-09
-1.7774438260849e-09
-1.8249020858447e-09
-1.8738332619507e-09
-1.924290222507e-09
-1.9763281162969e-09
-2.0300044144939e-09
-2.0853793363574e-09
-2.142515440582e-09
-2.2014782797376e-09
-2.2623362256759e-09
-2.3251606358189e-09
-2.3900261679449e-09
-2.4570109162167e-09
-2.5261964638989e-09
-2.5976681995393e-09
-2.6715155622345e-09
-2.7478320299602e-09
-2.8267157877785e-09
-2.9082693545412e-09
-2.9926006552424e-09
-3.0798221005887e-09
-3.1700522756203e-09
-3.263415322351e-09
-3.3600418522096e-09
-3.4600685754275e-09
-3.563639386842e-09
-3.6709055049307e-09
-3.7820257809825e-09
-3.8971675617923e-09
-4.0165065237511e-09
-4.1402280830684e-09
-4.2685270398925e-09
-4.4016089097569e-09
-4.5396901226166e-09
-4.6829989323646e-09
-4.8317760403873e-09
-4.9862755118109e-09
-5.1467654168894e-09
-5.3135290779505e-09
-5.4868655460641e-09
-5.6670909171103e-09
-5.8545396413147e-09
-6.049565382381e-09
-6.2525421045456e-09
-6.4638663048214e-09
-6.6839572898834e-09
-6.9132594962949e-09
-7.1522440798682e-09
-7.4014105336951e-09
-7.6612886306441e-09
-7.9324405983432e-09
-8.2154632312438e-09
-8.5109904722448e-09
-8.8196955679985e-09
-9.1422939431726e-09
-9.4795466813919e-09
-9.8322629187307e-09
-1.0201303371607e-08
-1.0587584748736e-08
-1.0992082320757e-08
-1.1415835849544e-08
-1.1859952467605e-08
-1.2325612426416e-08
-1.2814074514288e-08
-1.3326681080285e-08
-1.3864864447015e-08
-1.4430153561497e-08
-1.5024180809731e-08
-1.5648689403046e-08
-1.6305543280744e-08
-1.6996732783885e-08
-1.7724386433371e-08
-1.8490780969286e-08
-1.9298351288905e-08
-2.014970338261e-08
-2.1047626997375e-08
-2.1995108839373e-08
-2.299534774527e-08
-2.4051771230125e-08
-2.5168052046111e-08
-2.634812756794e-08
-2.7596219434156e-08
-2.8916855470899e-08
-3.0314893612249e-08
-3.1795546472582e-08
-3.3364410039461e-08
-3.5027491758824e-08
-3.679124363413e-08
-3.8662596177884e-08
-4.0648995745886e-08
-4.2758445623253e-08
-4.4999549002545e-08
-4.7381555797396e-08
-4.9914414366764e-08
-5.2608826146227e-08
-5.5476305307617e-08
-5.8529243121502e-08
-6.1780977760709e-08
-6.5245869817311e-08
-6.8939383612333e-08
-7.2878175386016e-08
-7.7080189493025e-08
-8.1564761311228e-08
-8.6352728538787e-08
-9.1466553919807e-08
-9.6930455169204e-08
-1.0277054793118e-07
-1.0901499914962e-07
-1.1569419424671e-07
-1.2284091740509e-07
-1.3049054744732e-07
-1.3868127038046e-07
-1.474543084473e-07
-1.5685417044946e-07
-1.6692891972041e-07
-1.7773046996449e-07
-1.8931490062459e-07
-2.0174280209827e-07
-2.1507964901139e-07
-2.2939620498795e-07
-2.4476896383779e-07
-2.6128062385155e-07
-2.7902060744346e-07
-2.9808562188548e-07
-3.185802680257e-07
-3.4061770430324e-07
-3.6432036225628e-07
-3.8982072864932e-07
-4.1726219148659e-07
-4.4679995971639e-07
-4.7860206284393e-07
-5.1285043590187e-07
-5.4974209881642e-07
-5.8949043759421e-07
-6.3232659676555e-07
-6.7850099228441e-07
-7.2828495679962e-07
-7.819725273051e-07
-8.3988239050695e-07
-9.0235999505947e-07
-9.6977985151265e-07
-1.0425480325939e-06
-1.1211048935283e-06
-1.2059280304094e-06
-1.2975355000241e-06
-1.3964893236562e-06
-1.5033992989533e-06
-1.6189271510646e-06
-1.743791049955e-06
-1.8787705285407e-06
-2.0247118384606e-06
-2.1825337823175e-06
-2.3532340658051e-06
-2.5378962158631e-06
-2.7376971195846e-06
-2.9539152358147e-06
-3.1879395443878e-06
-3.4412792998163e-06
-3.715574660915e-06
-4.0126082803417e-06
-4.3343179349135e-06
-4.6828103078313e-06
-5.0603760077184e-06
-5.4695059555946e-06
-5.9129092577286e-06
-6.3935327069517e-06
-6.9145820572897e-06
-7.4795452422052e-06
-8.0922177153902e-06
-8.7567301091142e-06
-9.4775784310785e-06
-1.0259657033752e-05
-1.1108294616303e-05
-1.2029293544126e-05
-1.3028972797965e-05
-1.4114214891619e-05
-1.5292517135784e-05
-1.6572047655704e-05
-1.7961706612674e-05
-1.9471193122768e-05
-2.1111078412968e-05
-2.2892885806892e-05
-2.4829178192052e-05
-2.6933653678883e-05
-2.9221250238676e-05
-3.1708260172824e-05
-3.4412455363902e-05
-3.7353224336133e-05
-4.0551722266556e-05
-4.4031035191743e-05
-4.7816359780017e-05
-5.1935200178016e-05
-5.6417583578118e-05
-6.1296296331457e-05
-6.6607142597552e-05
-7.2389227726594e-05
-7.8685268789277e-05
-8.5541934903067e-05
-9.3010220274917e-05
-0.00010114585316834
-0.00011000974432348
-0.00011966847871495
-0.00013019485491964
-0.00014166847679825
-0.00015417640267005
-0.00016781385767653
-0.00018268501561732
-0.00019890385716752
-0.00021659511209329
-0.00023589529385841
-0.00025695383586481
-0.00027993433952327
-0.00030501594537736
-0.0003323948396812
-0.00036228591007704
-0.00039492456543859
-0.00043056873650359
-0.00046950107562344
-0.00051203137586572
-0.00055849923180142
-0.00060927696662783
-0.00066477285284869
-0.00072543465657072
-0.0007917535386222
-0.00086426834917249
-0.00094357035638443
-0.0010303084538979
-0.0011251948966549
-0.0012290116198161
-0.0013426172013002
-0.001466954534905
-0.0016030592880729
-0.0017520692262585
-0.0019152344945845
-0.0020939289571819
-0.0022896627053404
-0.0025040958575437
-0.002739053787683
-0.002996543932439
-0.0032787743451151
-0.0035881741813273
-0.0039274163220216
-0.0042994423616657
-0.004707490214219
-0.0051551246170854
-0.0056462708438684
-0.0061852519708109
-0.0067768300796745
-0.0074262518219247
-0.0081392988159389
-0.0089223434010878
-0.0097824103305449
-0.01072724504927
-0.011765389275505
-0.012906264684193
-0.01416026557995
-0.01553886154657
-0.017054711170839
-0.018721788061866
-0.020555520524843
-0.022572946401651
-0.02479288476205
-0.027236126320291
-0.029925644665382
-0.032886830631378
-0.036147752400152
-0.039739444226264
-0.043696227005657
-0.048056064281216
-0.052860957693322
-0.058157386348026
-0.06399679509513
-0.070436137290318
-0.077538478267104
-0.085373666474507
-0.094019080054898
-0.1035604575545
-0.11409282248929
-0.12572151264613
-0.13856332629882
-0.15274779898102
-0.16841862610316
-0.1857352485543
-0.20487462051982
-0.22603318110553
-0.24942905402614
-0.27530450263502
-0.30392867099555
-0.33560064558214
-0.37065287662461
-0.40945500315711
-0.45241813160636
-0.49999962437497
