-0.5
-0.45246371
-0.40952828
-0.37074082
-0.33569373
-0.30402011
-0.27538964
-0.24950483
-0.22609778
-0.20492715
-0.18577548
-0.16844683
-0.15276457
-0.1385695
-0.12571804
-0.11408073
-0.1035408
-0.09399288
-0.085341913
-0.077502102
-0.070395998
-0.06395368
-0.058112003
-0.052813938
-0.048007966
-0.043647536
-0.039690581
-0.036099075
-0.032838642
-0.029878197
-0.027189625
-0.024747496
-0.022528799
-0.020512715
-0.018680394
-0.017014778
-0.015500417
-0.014123321
-0.012870818
-0.011731425
-0.010694739
-0.0097513312
-0.0088926533
-0.0081109553
-0.0073992091
-0.0067510402
-0.0061606653
-0.0056228371
-0.0051327934
-0.0046862116
-0.0042791671
-0.0039080964
-0.0035697628
-0.0032612263
-0.0029798158
-0.0027231039
-0.0024888843
-0.0022751515
-0.002080082
-0.0019020175
-0.0017394497
-0.0015910066
-0.0014554396
-0.0013316127
-0.0012184918
-0.0011151354
-0.0010206863
-0.0009343641
-0.00085545766
-0.00078331933
-0.00071735894
-0.00065703869
-0.00060186841
-0.00055140124
-0.00050522978
-0.00046298249
-0.00042432052
-0.00038893478
-0.00035654326
-0.00032688863
-0.00029973605
-0.00027487115
-0.00025209823
-0.0002312386
-0.00021212909
-0.00019462066
-0.00017857716
-0.00016387422
-0.00015039818
-0.00013804516
-0.00012672022
-0.00011633659
-0.0001068149
-9.8082598e-05
-9.0073326e-05
-8.2726387e-05
-7.5986253e-05
-6.9802123e-05
-6.412751e-05
-5.8919871e-05
-5.4140267e-05
-4.9753051e-05
-4.5725588e-05
-4.2027995e-05
-3.8632908e-05
-3.5515261e-05
-3.2652096e-05
-3.0022382e-05
-2.7606845e-05
-2.5387829e-05
-2.334915e-05
-2.1475975e-05
-1.9754707e-05
-1.817288e-05
-1.6719066e-05
-1.5382783e-05
-1.4154421e-05
-1.3025164e-05
-1.1986924e-05
-1.1032285e-05
-1.0154438e-05
-9.3471393e-06
-8.6046565e-06
-7.9217294e-06
-7.2935298e-06
-6.7156252e-06
-6.1839466e-06
-5.6947577e-06
-5.2446279e-06
-4.8304065e-06
-4.4491999e-06
-4.0983502e-06
-3.775416e-06
-3.4781542e-06
-3.2045041e-06
-2.9525718e-06
-2.7206172e-06
-2.5070412e-06
-2.3103738e-06
-2.1292639e-06
-1.9624694e-06
-1.8088484e-06
-1.6673511e-06
-1.5370121e-06
-1.4169435e-06
-1.3063291e-06
-1.2044178e-06
-1.1105189e-06
-1.0239972e-06
-9.4426807e-07
-8.707938e-07
-8.0307959e-07
-7.4067014e-07
-6.8314648e-07
-6.3012301e-07
-5.8124488e-07
-5.3618536e-07
-4.9464382e-07
-4.5634343e-07
-4.2102936e-07
-3.8846697e-07
-3.5844022e-07
-3.3075018e-07
-3.0521365e-07
-2.8166189e-07
-2.5993952e-07
-2.3990342e-07
-2.2142172e-07
-2.0437299e-07
-1.8864533e-07
-1.7413567e-07
-1.6074901e-07
-1.4839785e-07
-1.3700153e-07
-1.2648575e-07
-1.1678201e-07
-1.078272e-07
-9.9563117e-08
-9.1936149e-08
-8.4896856e-08
-7.8399667e-08
-7.2402569e-08
-6.6866826e-08
-6.1756726e-08
-5.7039338e-08
-5.2684297e-08
-4.8663602e-08
-4.495143e-08
-4.1523964e-08
-3.835924e-08
-3.5436998e-08
-3.2738552e-08
-3.0246662e-08
-2.7945427e-08
-2.5820178e-08
-2.385738e-08
-2.2044546e-08
-2.0370155e-08
-1.8823576e-08
-1.7395e-08
-1.6075375e-08
-1.4856347e-08
-1.3730206e-08
-1.2689838e-08
-1.1728676e-08
-1.0840657e-08
-1.0020188e-08
-9.2621037e-09
-8.5616368e-09
-7.914386e-09
-7.3162884e-09
-6.7635928e-09
-6.2528357e-09
-5.7808195e-09
-5.3445915e-09
-4.9414253e-09
-4.5688031e-09
-4.2244002e-09
-3.9060694e-09
-3.6118279e-09
-3.3398444e-09
-3.0884274e-09
-2.8560148e-09
-2.6411636e-09
-2.4425409e-09
-2.2589155e-09
-2.08915e-09
-1.9321938e-09
-1.7870762e-09
-1.6529003e-09
-1.5288378e-09
-1.4141231e-09
-1.3080488e-09
-1.2099616e-09
-1.1192575e-09
-1.0353785e-09
-9.5780889e-10
-8.8607226e-10
-8.1972819e-10
-7.583697e-10
-7.0162066e-10
-6.4913344e-10
-6.0058672e-10
-5.5568353e-10
-5.1414937e-10
-4.757305e-10
-4.4019237e-10
-4.0731817e-10
-3.7690747e-10
-3.4877497e-10
-3.2274937e-10
-2.9867232e-10
-2.7639739e-10
-2.5578922e-10
-2.3672263e-10
-2.1908191e-10
-2.0276005e-10
-1.876581e-10
-1.7368456e-10
-1.6075484e-10
-1.4879069e-10
-1.3771976e-10
-1.2747513e-10
-1.1799494e-10
-1.0922194e-10
-1.0110321e-10
-9.3589793e-11
-8.6636412e-11
-8.0201188e-11
-7.4245384e-11
-6.8733168e-11
-6.3631398e-11
-5.8909414e-11
-5.4538856e-11
-5.0493488e-11
-4.6749039e-11
-4.3283057e-11
-4.0074768e-11
-3.7104956e-11
-3.4355841e-11
-3.1810973e-11
-2.9455131e-11
-2.7274235e-11
-2.5255254e-11
-2.3386133e-11
-2.1655715e-11
-2.0053678e-11
-1.857047e-11
-1.7197252e-11
-1.5925845e-11
-1.4748678e-11
-1.3658748e-11
-1.2649571e-11
-1.1715147e-11
-1.0849925e-11
-1.0048765e-11
-9.3069116e-12
-8.6199623e-12
-7.983843e-12
-7.3947825e-12
-6.8492904e-12
-6.3441358e-12
-5.876328e-12
-5.4430988e-12
-5.0418857e-12
-4.6703165e-12
-4.3261955e-12
-4.0074898e-12
-3.7123178e-12
-3.4389372e-12
-3.1857353e-12
-2.951219e-12
-2.734006e-12
-2.5328164e-12
-2.3464654e-12
-2.1738559e-12
-2.0139721e-12
-1.8658737e-12
-1.7286899e-12
-1.6016143e-12
-1.4839004e-12
-1.3748569e-12
-1.2738437e-12
-1.1802681e-12
-1.0935811e-12
-1.0132746e-12
-9.3887774e-13
-8.6995477e-13
-8.06102e-13
-7.4694562e-13
-6.9213944e-13
-6.4136287e-13
-5.9431896e-13
-5.5073274e-13
-5.1034951e-13
-4.7293339e-13
-4.382659e-13
-4.0614471e-13
-3.7638239e-13
-3.4880535e-13
-3.2325279e-13
-2.995758e-13
-2.7763641e-13
-2.5730684e-13
-2.3846873e-13
-2.2101244e-13
-2.048364e-13
-1.8984653e-13
-1.7595567e-13
-1.6308309e-13
-1.51154e-13
-1.4009909e-13
-1.2985419e-13
-1.2035983e-13
-1.1156092e-13
-1.0340642e-13
-9.5849042e-14
-8.8844979e-14
-8.2353642e-14
-7.6337427e-14
-7.0761492e-14
-6.5593557e-14
-6.0803712e-14
-5.6364244e-14
-5.2249476e-14
-4.8435616e-14
-4.4900619e-14
-4.1624057e-14
-3.8587004e-14
-3.5771919e-14
-3.3162552e-14
-3.0743841e-14
-2.8501833e-14
-2.6423594e-14
-2.4497141e-14
-2.271137e-14
-2.1055988e-14
-1.9521459e-14
-1.8098945e-14
-1.6780255e-14
-1.5557798e-14
-1.442454e-14
-1.3373961e-14
-1.240002e-14
-1.1497115e-14
-1.0660058e-14
-9.8840384e-15
-9.1645979e-15
-8.4976047e-15
-7.8792291e-15
-7.3059217e-15
-6.7743924e-15
-6.281592e-15
-5.8246941e-15
-5.4010788e-15
-5.0083179e-15
-4.6441604e-15
-4.3065202e-15
-3.9934631e-15
-3.7031966e-15
-3.434059e-15
-3.1845098e-15
-2.9531213e-15
-2.7385697e-15
-2.5396282e-15
-2.3551592e-15
-2.1841083e-15
-2.025498e-15
-1.8784223e-15
-1.742041e-15
-1.6155753e-15
-1.4983034e-15
-1.3895558e-15
-1.288712e-15
-1.1951968e-15
-1.1084768e-15
-1.0280575e-15
-9.5348051e-16
-8.843208e-16
-8.2018431e-16
-7.6070567e-16
-7.0554616e-16
-6.5439169e-16
-6.0695107e-16
-5.6295432e-16
-5.221511e-16
-4.8430928e-16
-4.4921367e-16
-4.1666471e-16
-3.8647737e-16
-3.5848007e-16
-3.3251375e-16
-3.0843089e-16
-2.8609471e-16
-2.6537837e-16
-2.4616428e-16
-2.2834337e-16
-2.1181452e-16
-1.9648395e-16
-1.8226472e-16
-1.6907617e-16
-1.5684355e-16
-1.4549751e-16
-1.3497375e-16
-1.2521263e-16
-1.1615888e-16
-1.077612e-16
-9.9972043e-17
-9.274732e-17
-8.6046133e-17
-7.9830561e-17
-7.4065437e-17
-6.8718151e-17
-6.3758459e-17
-5.9158319e-17
-5.4891724e-17
-5.093456e-17
-4.7264464e-17
-4.38607e-17
-4.0704042e-17
-3.7776661e-17
-3.5062029e-17
-3.2544818e-17
-3.0210822e-17
-2.8046869e-17
-2.6040748e-17
-2.4181142e-17
-2.2457564e-17
-2.0860294e-17
-1.9380325e-17
-1.8009315e-17
-1.6739537e-17
-1.5563835e-17
-1.4475585e-17
-1.3468656e-17
-1.2537378e-17
-1.1676506e-17
-1.0881193e-17
-1.0146961e-17
-9.469678e-18
-8.8455318e-18
-8.2710104e-18
-7.7428815e-18
-7.258174e-18
-6.8141616e-18
-6.4083472e-18
-6.0384488e-18
-5.7023864e-18
-5.3982709e-18
-5.1243925e-18
-4.8792118e-18
-4.6613509e-18
-4.4695854e-18
-4.3028376e-18
-4.1601705e-18
-4.0407827e-18
-3.9440032e-18
-3.8692883e-18
-3.8162184e-18
-3.7844952e-18
-3.7739406e-18
-3.7844952e-18
-3.8162184e-18
-3.8692883e-18
-3.9440032e-18
-4.0407827e-18
-4.1601705e-18
-4.3028376e-18
-4.4695854e-18
-4.6613509e-18
-4.8792118e-18
-5.1243925e-18
-5.3982709e-18
-5.7023864e-18
-6.0384488e-18
-6.4083472e-18
-6.8141616e-18
-7.258174e-18
-7.7428815e-18
-8.2710104e-18
-8.8455318e-18
-9.469678e-18
-1.0146961e-17
-1.0881193e-17
-1.1676506e-17
-1.2537378e-17
-1.3468656e-17
-1.4475585e-17
-1.5563835e-17
-1.6739537e-17
-1.8009315e-17
-1.9380325e-17
-2.0860294e-17
-2.2457564e-17
-2.4181142e-17
-2.6040748e-17
-2.8046869e-17
-3.0210822e-17
-3.2544818e-17
-3.5062029e-17
-3.7776661e-17
-4.0704042e-17
-4.38607e-17
-4.7264464e-17
-5.093456e-17
-5.4891724e-17
-5.9158319e-17
-6.3758459e-17
-6.8718151e-17
-7.4065437e-17
-7.9830561e-17
-8.6046133e-17
-9.274732e-17
-9.9972043e-17
-1.077612e-16
-1.1615888e-16
-1.2521263e-16
-1.3497375e-16
-1.4549751e-16
-1.5684355e-16
-1.6907617e-16
-1.8226472e-16
-1.9648395e-16
-2.1181452e-16
-2.2834337e-16
-2.4616428e-16
-2.6537837e-16
-2.8609471e-16
-3.0843089e-16
-3.3251375e-16
-3.5848007e-16
-3.8647737e-16
-4.1666471e-16
-4.4921367e-16
-4.8430928e-16
-5.221511e-16
-5.6295432e-16
-6.0695107e-16
-6.5439169e-16
-7.0554616e-16
-7.6070567e-16
-8.2018431e-16
-8.843208e-16
-9.5348051e-16
-1.0280575e-15
-1.1084768e-15
-1.1951968e-15
-1.288712e-15
-1.3895558e-15
-1.4983034e-15
-1.6155753e-15
-1.742041e-15
-1.8784223e-15
-2.025498e-15
-2.1841083e-15
-2.3551592e-15
-2.5396282e-15
-2.7385697e-15
-2.9531213e-15
-3.1845098e-15
-3.434059e-15
-3.7031966e-15
-3.9934631e-15
-4.3065202e-15
-4.6441604e-15
-5.0083179e-15
-5.4010788e-15
-5.8246941e-15
-6.281592e-15
-6.7743924e-15
-7.3059217e-15
-7.8792291e-15
-8.4976047e-15
-9.1645979e-15
-9.8840384e-15
-1.0660058e-14
-1.1497115e-14
-1.240002e-14
-1.3373961e-14
-1.442454e-14
-1.5557798e-14
-1.6780255e-14
-1.8098945e-14
-1.9521459e-14
-2.1055988e-14
-2.271137e-14
-2.4497141e-14
-2.6423594e-14
-2.8501833e-14
-3.0743841e-14
-3.3162552e-14
-3.5771919e-14
-3.8587004e-14
-4.1624057e-14
-4.4900619e-14
-4.8435616e-14
-5.2249476e-14
-5.6364244e-14
-6.0803712e-14
-6.5593557e-14
-7.0761492e-14
-7.6337427e-14
-8.2353642e-14
-8.8844979e-14
-9.5849042e-14
-1.0340642e-13
-1.1156092e-13
-1.2035983e-13
-1.2985419e-13
-1.4009909e-13
-1.51154e-13
-1.6308309e-13
-1.7595567e-13
-1.8984653e-13
-2.048364e-13
-2.2101244e-13
-2.3846873e-13
-2.5730684e-13
-2.7763641e-13
-2.995758e-13
-3.2325279e-13
-3.4880535e-13
-3.7638239e-13
-4.0614471e-13
-4.382659e-13
-4.7293339e-13
-5.1034951e-13
-5.5073274e-13
-5.9431896e-13
-6.4136287e-13
-6.9213944e-13
-7.4694562e-13
-8.06102e-13
-8.6995477e-13
-9.3887774e-13
-1.0132746e-12
-1.0935811e-12
-1.1802681e-12
-1.2738437e-12
-1.3748569e-12
-1.4839004e-12
-1.6016143e-12
-1.7286899e-12
-1.8658737e-12
-2.0139721e-12
-2.1738559e-12
-2.3464654e-12
-2.5328164e-12
-2.734006e-12
-2.951219e-12
-3.1857353e-12
-3.4389372e-12
-3.7123178e-12
-4.0074898e-12
-4.3261955e-12
-4.6703165e-12
-5.0418857e-12
-5.4430988e-12
-5.876328e-12
-6.3441358e-12
-6.8492904e-12
-7.3947825e-12
-7.983843e-12
-8.6199623e-12
-9.3069116e-12
-1.0048765e-11
-1.0849925e-11
-1.1715147e-11
-1.2649571e-11
-1.3658748e-11
-1.4748678e-11
-1.5925845e-11
-1.7197252e-11
-1.857047e-11
-2.0053678e-11
-2.1655715e-11
-2.3386133e-11
-2.5255254e-11
-2.7274235e-11
-2.9455131e-11
-3.1810973e-11
-3.4355841e-11
-3.7104956e-11
-4.0074768e-11
-4.3283057e-11
-4.6749039e-11
-5.0493488e-11
-5.4538856e-11
-5.8909414e-11
-6.3631398e-11
-6.8733168e-11
-7.4245384e-11
-8.0201188e-11
-8.6636412e-11
-9.3589793e-11
-1.0110321e-10
-1.0922194e-10
-1.1799494e-10
-1.2747513e-10
-1.3771976e-10
-1.4879069e-10
-1.6075484e-10
-1.7368456e-10
-1.876581e-10
-2.0276005e-10
-2.1908191e-10
-2.3672263e-10
-2.5578922e-10
-2.7639739e-10
-2.9867232e-10
-3.2274937e-10
-3.4877497e-10
-3.7690747e-10
-4.0731817e-10
-4.4019237e-10
-4.757305e-10
-5.1414937e-10
-5.5568353e-10
-6.0058672e-10
-6.4913344e-10
-7.0162066e-10
-7.583697e-10
-8.1972819e-10
-8.8607226e-10
-9.5780889e-10
-1.0353785e-09
-1.1192575e-09
-1.2099616e-09
-1.3080488e-09
-1.4141231e-09
-1.5288378e-09
-1.6529003e-09
-1.7870762e-09
-1.9321938e-09
-2.08915e-09
-2.2589155e-09
-2.4425409e-09
-2.6411636e-09
-2.8560148e-09
-3.0884274e-09
-3.3398444e-09
-3.6118279e-09
-3.9060694e-09
-4.2244002e-09
-4.5688031e-09
-4.9414253e-09
-5.3445915e-09
-5.7808195e-09
-6.2528357e-09
-6.7635928e-09
-7.3162884e-09
-7.914386e-09
-8.5616368e-09
-9.2621037e-09
-1.0020188e-08
-1.0840657e-08
-1.1728676e-08
-1.2689838e-08
-1.3730206e-08
-1.4856347e-08
-1.6075375e-08
-1.7395e-08
-1.8823576e-08
-2.0370155e-08
-2.2044546e-08
-2.385738e-08
-2.5820178e-08
-2.7945427e-08
-3.0246662e-08
-3.2738552e-08
-3.5436998e-08
-3.835924e-08
-4.1523964e-08
-4.495143e-08
-4.8663602e-08
-5.2684297e-08
-5.7039338e-08
-6.1756726e-08
-6.6866826e-08
-7.2402569e-08
-7.8399667e-08
-8.4896856e-08
-9.1936149e-08
-9.9563117e-08
-1.078272e-07
-1.1678201e-07
-1.2648575e-07
-1.3700153e-07
-1.4839785e-07
-1.6074901e-07
-1.7413567e-07
-1.8864533e-07
-2.0437299e-07
-2.2142172e-07
-2.3990342e-07
-2.5993952e-07
-2.8166189e-07
-3.0521365e-07
-3.3075018e-07
-3.5844022e-07
-3.8846697e-07
-4.2102936e-07
-4.5634343e-07
-4.9464382e-07
-5.3618536e-07
-5.8124488e-07
-6.3012301e-07
-6.8314648e-07
-7.4067014e-07
-8.0307959e-07
-8.707938e-07
-9.4426807e-07
-1.0239972e-06
-1.1105189e-06
-1.2044178e-06
-1.3063291e-06
-1.4169435e-06
-1.5370121e-06
-1.6673511e-06
-1.8088484e-06
-1.9624694e-06
-2.1292639e-06
-2.3103738e-06
-2.5070412e-06
-2.7206172e-06
-2.9525718e-06
-3.2045041e-06
-3.4781542e-06
-3.775416e-06
-4.0983502e-06
-4.4491999e-06
-4.8304065e-06
-5.2446279e-06
-5.6947577e-06
-6.1839466e-06
-6.7156252e-06
-7.2935298e-06
-7.9217294e-06
-8.6046565e-06
-9.3471393e-06
-1.0154438e-05
-1.1032285e-05
-1.1986924e-05
-1.3025164e-05
-1.4154421e-05
-1.5382783e-05
-1.6719066e-05
-1.817288e-05
-1.9754707e-05
-2.1475975e-05
-2.334915e-05
-2.5387829e-05
-2.7606845e-05
-3.0022382e-05
-3.2652096e-05
-3.5515261e-05
-3.8632908e-05
-4.2027995e-05
-4.5725588e-05
-4.9753051e-05
-5.4140267e-05
-5.8919871e-05
-6.412751e-05
-6.9802123e-05
-7.5986253e-05
-8.2726387e-05
-9.0073326e-05
-9.8082598e-05
-0.0001068149
-0.00011633659
-0.00012672022
-0.00013804516
-0.00015039818
-0.00016387422
-0.00017857716
-0.00019462066
-0.00021212909
-0.0002312386
-0.00025209823
-0.00027487115
-0.00029973605
-0.00032688863
-0.00035654326
-0.00038893478
-0.00042432052
-0.00046298249
-0.00050522978
-0.00055140124
-0.00060186841
-0.00065703869
-0.00071735894
-0.00078331933
-0.00085545766
-0.0009343641
-0.0010206863
-0.0011151354
-0.0012184918
-0.0013316127
-0.0014554396
-0.0015910066
-0.0017394497
-0.0019020175
-0.002080082
-0.0022751515
-0.0024888843
-0.0027231039
-0.0029798158
-0.0032612263
-0.0035697628
-0.0039080964
-0.0042791671
-0.0046862116
-0.0051327934
-0.0056228371
-0.0061606653
-0.0067510402
-0.0073992091
-0.0081109553
-0.0088926533
-0.0097513312
-0.010694739
-0.011731425
-0.012870818
-0.014123321
-0.015500417
-0.017014778
-0.018680394
-0.020512715
-0.022528799
-0.024747496
-0.027189625
-0.029878197
-0.032838642
-0.036099075
-0.039690581
-0.043647536
-0.048007966
-0.052813938
-0.058112003
-0.06395368
-0.070395998
-0.077502102
-0.085341913
-0.09399288
-0.1035408
-0.11408073
-0.12571804
-0.1385695
-0.15276457
-0.16844683
-0.18577548
-0.20492715
-0.22609778
-0.24950483
-0.27538964
-0.30402011
-0.33569373
-0.37074082
-0.40952828
-0.45246371
-0.5
