-0.49999983088783
-0.47937028914699
-0.46009590278056
-0.44207108043592
-0.42519940084434
-0.40939274873166
-0.39457053765284
-0.38065901051565
-0.36759060958802
-0.35530340869254
-0.34374060109547
-0.33285003730888
-0.32258380765462
-0.31289786499693
-0.30375168354558
-0.2951079500708
-0.28693228426147
-0.27919298530454
-0.27186080207212
-0.26490872457687
-0.25831179460043
-0.25204693361726
-0.24609278633018
-0.2404295783067
-0.23503898635974
-0.22990402045408
-0.22500891604303
-0.22033903584999
-0.21588078020795
-0.2116215051583
-0.20754944758915
-0.20365365676414
-0.19992393165634
-0.19635076355853
-0.19292528349238
-0.18963921398503
-0.18648482482265
-0.18345489242787
-0.1805426625411
-0.17774181591621
-0.17504643676759
-0.17245098373053
-0.16995026311858
-0.16753940428142
-0.16521383688488
-0.16296926995073
-0.16080167250867
-0.15870725572622
-0.15668245639388
-0.15472392165435
-0.15282849487378
-0.15099320256257
-0.14921524226072
-0.14749197131059
-0.14582089644623
-0.14419966413474
-0.14262605161032
-0.14109795854707
-0.13961339932082
-0.13817049581457
-0.13676747072582
-0.13540264133762
-0.13407441371826
-0.13278127731724
-0.13152179992805
-0.13029462299043
-0.12909845720716
-0.12793207845219
-0.126794323949
-0.12568408869966
-0.12460032214639
-0.1235420250492
-0.12250824656419
-0.12149808150828
-0.12051066779744
-0.11954518404622
-0.11860084731746
-0.11767691101184
-0.11677266288773
-0.11588742320244
-0.11502054296671
-0.11417140230482
-0.11333940891331
-0.11252399661176
-0.11172462397951
-0.11094077307281
-0.11017194821703
-0.10941767486923
-0.10867749854641
-0.10795098381538
-0.10723771334021
-0.10653728698381
-0.10584932095998
-0.10517344703307
-0.10450931176208
-0.10385657578656
-0.10321491315177
-0.10258401067064
-0.10196356732033
-0.10135329367138
-0.10075291134734
-0.10016215251327
-0.099580759391194
-0.099008483801151
-0.098445086726107
-0.097890337899539
-0.097344015414272
-0.096805905351392
-0.096275801428074
-0.095753504663252
-0.095238823060135
-0.094731571304607
-0.09423157047864
-0.093738647787877
-0.093252636302608
-0.092773374711401
-0.0923007070867
-0.091834482661743
-0.091374555618182
-0.090920784883835
-0.090473033940031
-0.09003117063804
-0.0895950670241
-0.089164599172599
-0.088739647026981
-0.088320094247978
-0.087905828068788
-0.087496739156844
-0.087092721481832
-0.086693672189648
-0.086299491481989
-0.085910082501297
-0.085525351220785
-0.085145206339297
-0.084769559180759
-0.084398323597997
-0.084031415880708
-0.083668754667382
-0.083310260860977
-0.082955857548187
-0.082605469922095
-0.08225902520809
-0.081916452592861
-0.081577683156341
-0.081242649806455
-0.080911287216546
-0.080583531765343
-0.080259321479375
-0.079938595977692
-0.07962129641881
-0.079307365449765
-0.078996747157188
-0.078689387020305
-0.078385231865773
-0.078084229824288
-0.077786330288857
-0.077491483874686
-0.077199642380603
-0.076910758751947
-0.076624787044859
-0.076341682391923
-0.076061400969091
-0.075783899963834
-0.075509137544473
-0.075237072830648
-0.07496766586485
-0.074700877585003
-0.074436669798031
-0.074175005154376
-0.073915847123432
-0.073659159969845
-0.073404908730655
-0.073153059193246
-0.072903577874058
-0.072656431998048
-0.072411589478853
-0.072169018899642
-0.071928689494618
-0.071690571131152
-0.071454634292517
-0.071220850061207
-0.070989190102807
-0.070759626650411
-0.070532132489539
-0.070306680943564
-0.070083245859605
-0.069861801594888
-0.069642323003537
-0.069424785423801
-0.069209164665678
-0.068995436998941
-0.068783579141539
-0.068573568248362
-0.068365381900359
-0.06815899809399
-0.067954395231011
-0.067751552108568
-0.067550447909594
-0.067351062193499
-0.067153374887144
-0.066957366276076
-0.066763016996043
-0.066570308024743
-0.066379220673831
-0.066189736581147
-0.066001837703189
-0.065815506307788
-0.065630724967003
-0.065447476550223
-0.06526574421746
-0.065085511412835
-0.064906761858252
-0.064729479547244
-0.064553648738995
-0.064379253952532
-0.064206279961064
-0.064034711786498
-0.063864534694084
-0.063695734187222
-0.0635282960024
-0.063362206104274
-0.063197450680875
-0.063034016138948
-0.062871889099415
-0.062711056392952
-0.06255150505569
-0.06239322232502
-0.062236195635514
-0.062080412614949
-0.061925861080429
-0.061772529034615
-0.061620404662041
-0.061469476325529
-0.061319732562695
-0.06117116208254
-0.061023753762122
-0.060877496643325
-0.060732379929684
-0.060588392983313
-0.060445525321891
-0.060303766615728
-0.060163106684897
-0.060023535496446
-0.05988504316166
-0.059747619933403
-0.059611256203516
-0.059475942500275
-0.059341669485914
-0.059208427954201
-0.059076208828073
-0.058945003157321
-0.058814802116339
-0.058685597001908
-0.058557379231048
-0.058430140338905
-0.058303871976693
-0.05817856590968
-0.058054214015218
-0.057930808280821
-0.057808340802277
-0.05768680378181
-0.057566189526282
-0.057446490445425
-0.057327699050124
-0.057209807950725
-0.057092809855389
-0.056976697568478
-0.056861463988973
-0.056747102108927
-0.05663360501195
-0.05652096587173
-0.056409177950584
-0.056298234598029
-0.056188129249397
-0.056078855424472
-0.055970406726151
-0.055862776839143
-0.055755959528683
-0.055649948639281
-0.055544738093488
-0.055440321890698
-0.055336694105961
-0.055233848888833
-0.055131780462234
-0.055030483121345
-0.054929951232513
-0.054830179232182
-0.054731161625852
-0.054632892987046
-0.054535367956306
-0.054438581240205
-0.054342527610379
-0.054247201902575
-0.054152599015723
-0.054058713911018
-0.053965541611026
-0.053873077198802
-0.053781315817032
-0.053690252667176
-0.053599883008649
-0.053510202157994
-0.053421205488088
-0.053332888427356
-0.053245246458997
-0.053158275120225
-0.053071970001533
-0.052986326745954
-0.052901341048351
-0.05281700865471
-0.05273332536145
-0.052650287014744
-0.052567889509851
-0.052486128790467
-0.052405000848074
-0.052324501721314
-0.052244627495367
-0.05216537430134
-0.052086738315672
-0.052008715759541
-0.05193130289829
-0.051854496040855
-0.05177829153921
-0.051702685787818
-0.051627675223091
-0.051553256322858
-0.051479425605851
-0.051406179631186
-0.051333514997862
-0.051261428344269
-0.051189916347698
-0.051118975723868
-0.05104860322645
-0.050978795646608
-0.050909549812546
-0.05084086258906
-0.050772730877096
-0.050705151613324
-0.050638121769707
-0.050571638353089
-0.05050569840478
-0.050440299000151
-0.050375437248244
-0.05031111029137
-0.050247315304734
-0.050184049496054
-0.050121310105184
-0.050059094403757
-0.049997399694815
-0.049936223312465
-0.049875562621521
-0.049815415017168
-0.049755777924621
-0.049696648798794
-0.049638025123974
-0.0495799044135
-0.049522284209443
-0.049465162082302
-0.049408535630691
-0.04935240248104
-0.0492967602873
-0.049241606730649
-0.049186939519208
-0.049132756387752
-0.04907905509744
-0.049025833435534
-0.048973089215136
-0.048920820274917
-0.04886902447886
-0.048817699716
-0.048766843900175
-0.048716454969774
-0.048666530887492
-0.048617069640091
-0.048568069238162
-0.048519527715889
-0.048471443130822
-0.048423813563651
-0.048376637117979
-0.048329911920107
-0.048283636118817
-0.048237807885159
-0.048192425412241
-0.048147486915024
-0.048102990630121
-0.048058934815594
-0.04801531775076
-0.047972137735999
-0.04792939309256
-0.047887082162376
-0.047845203307879
-0.047803754911821
-0.047762735377091
-0.047722143126544
-0.047681976602822
-0.047642234268192
-0.04760291460437
-0.047564016112362
-0.0475255373123
-0.047487476743279
-0.047449832963207
-0.047412604548642
-0.047375790094645
-0.047339388214632
-0.047303397540219
-0.047267816721086
-0.047232644424826
-0.047197879336811
-0.047163520160052
-0.047129565615061
-0.04709601443972
-0.047062865389149
-0.047030117235575
-0.046997768768207
-0.04696581879311
-0.046934266133081
-0.046903109627532
-0.046872348132364
-0.046841980519858
-0.046812005678552
-0.046782422513137
-0.046753229944337
-0.046724426908806
-0.046696012359018
-0.046667985263161
-0.046640344605036
-0.046613089383952
-0.046586218614629
-0.046559731327096
-0.046533626566597
-0.046507903393498
-0.046482560883188
-0.046457598125995
-0.046433014227088
-0.046408808306398
-0.046384979498523
-0.046361526952648
-0.046338449832462
-0.046315747316072
-0.04629341859593
-0.046271462878747
-0.046249879385421
-0.046228667350957
-0.0462078260244
-0.046187354668754
-0.046167252560918
-0.046147518991613
-0.046128153265313
-0.046109154700182
-0.046090522628003
-0.046072256394122
-0.046054355357378
-0.046036818890045
-0.046019646377774
-0.046002837219532
-0.045986390827546
-0.045970306627246
-0.045954584057214
-0.045939222569128
-0.045924221627711
-0.04590958071068
-0.045895299308699
-0.045881376925329
-0.045867813076982
-0.045854607292877
-0.045841759114991
-0.045829268098026
-0.045817133809356
-0.045805355828996
-0.045793933749554
-0.045782867176203
-0.045772155726636
-0.045761799031035
-0.045751796732035
-0.04574214848469
-0.045732853956445
-0.045723912827099
-0.045715324788782
-0.04570708954592
-0.045699206815214
-0.04569167632561
-0.045684497818274
-0.04567767104657
-0.045671195776035
-0.045665071784361
-0.04565929886137
-0.045653876808999
-0.045648805441277
-0.045644084584312
-0.045639714076276
-0.045635693767383
-0.045632023519885
-0.045628703208052
-0.045625732718162
-0.045623111948493
-0.045620840809312
-0.045618919222866
-0.045617347123378
-0.045616124457037
-0.045615251181994
-0.045614727268362
-0.045614552698208
-0.045614727465553
-0.045615251576375
-0.045616125048605
-0.04561734791213
-0.045618920208796
-0.045620841992412
-0.045623113328757
-0.04562573429558
-0.045628704982614
-0.04563202549158
-0.045635695936197
-0.045639716442193
-0.045644087147319
-0.045648808201354
-0.045653879766129
-0.045659302015534
-0.045665075135536
-0.0456711993242
-0.045677674791699
-0.045684501760344
-0.045691680464593
-0.045699211151082
-0.045707094078644
-0.04571532951833
-0.045723917753441
-0.045732859079546
-0.045742153804515
-0.045751802248547
-0.045761804744198
-0.045772161636409
-0.045782873282545
-0.045793940052423
-0.045805362328348
-0.045817140505147
-0.045829274990209
-0.045841766203517
-0.045854614577696
-0.045867820558044
-0.04588138460258
-0.045895307182086
-0.045909588780145
-0.045924229893198
-0.045939231030578
-0.045954592714565
-0.045970315480436
-0.045986399876511
-0.046002846464207
-0.046019655818091
-0.046036828525935
-0.04605436518877
-0.046072266420944
-0.046090532850181
-0.046109165117639
-0.046128163877973
-0.046147529799395
-0.046167263563742
-0.046187365866535
-0.046207837417054
-0.046228678938397
-0.046249891167558
-0.046271474855491
-0.046293430767187
-0.046315759681748
-0.04633846239246
-0.04636153970687
-0.046384992446868
-0.046408821448763
-0.046433027563369
-0.046457611656084
-0.046482574606977
-0.046507917310875
-0.046533640677449
-0.046559745631307
-0.046586233112082
-0.046613104074527
-0.046640359488609
-0.046668000339608
-0.046696027628212
-0.046724442370618
-0.046753245598635
-0.046782438359786
-0.046812021717416
-0.046841996750796
-0.046872364555236
-0.046903126242193
-0.046934282939384
-0.046965835790904
-0.046997785957341
-0.047030134615894
-0.047062882960494
-0.047096032201931
-0.047129583567975
-0.047163538303502
-0.047197897670628
-0.047232662948836
-0.047267835435116
-0.04730341644409
-0.047339407308163
-0.047375809377651
-0.047412624020935
-0.047449852624597
-0.047487496593572
-0.047525557351298
-0.047564036339865
-0.047602935020173
-0.047642254872088
-0.0476819973946
-0.047722164105989
-0.047762756543986
-0.047803776265944
-0.047845224849004
-0.047887103890274
-0.047929415006998
-0.04797215983674
-0.048015340037564
-0.048058957288215
-0.048103013288311
-0.048147509758531
-0.048192448440807
-0.048237831098524
-0.048283659516716
-0.048329935502269
-0.04837666088413
-0.048423837513514
-0.048471467264114
-0.048519552032321
-0.048568093737444
-0.048617094321925
-0.048666555751577
-0.048716480015803
-0.048766869127838
-0.04881772512498
-0.048869050068835
-0.048920846045562
-0.048973115166119
-0.049025859566518
-0.049079081408082
-0.049132782877706
-0.04918696618812
-0.049241633578162
-0.049296787313048
-0.049352429684654
-0.049408563011795
-0.049465189640514
-0.049522311944376
-0.049579932324759
-0.04963805321116
-0.049696677061501
-0.049755806362436
-0.049815443629672
-0.049875591408289
-0.049936252273065
-0.049997428828809
-0.050059123710698
-0.05012133958462
-0.050184079147525
-0.050247345127775
-0.050311140285505
-0.050375467412993
-0.050440329335027
-0.050505728909284
-0.05057166902672
-0.050638152611952
-0.050705182623663
-0.050772762055003
-0.050840893934
-0.050909581323975
-0.050978827323974
-0.051048635069193
-0.051119007731419
-0.051189948519479
-0.051261460679693
-0.051333547496335
-0.051406212292104
-0.0514794584286
-0.051553289306816
-0.051627708367624
-0.051702719092285
-0.05177832500296
-0.051854529663225
-0.05193133667861
-0.052008749697129
-0.052086772409836
-0.052165408551378
-0.052244661900565
-0.052324536280949
-0.052405035561412
-0.052486163656762
-0.052567924528347
-0.052650322184671
-0.05273336068203
-0.052817044125151
-0.05290137666785
-0.052986362513696
-0.05307200591669
-0.053158311181959
-0.053245282666454
-0.053332924779672
-0.053421241984385
-0.053510238797381
-0.053599919790222
-0.053690289590018
-0.053781352880211
-0.053873114401374
-0.053965578952031
-0.054058751389484
-0.054152636630662
-0.054247239652985
-0.054342565495242
-0.05443861925849
-0.054535406106966
-0.054632931269018
-0.054731200038058
-0.054830217773529
-0.054929989901889
-0.055030521917626
-0.055131819384276
-0.055233887935476
-0.055336733276029
-0.055440361182996
-0.055544777506806
-0.05564998817239
-0.055755999180337
-0.055862816608076
-0.055970446611079
-0.056078895424093
-0.056188169362391
-0.056298274823055
-0.056409218286284
-0.056521006316724
-0.056633645564838
-0.056747142768291
-0.056861504753373
-0.056976738436453
-0.057092850825457
-0.057209849021381
-0.057327740219845
-0.057446531712665
-0.05756623088947
-0.057686845239356
-0.057808382352565
-0.057930849922216
-0.058054255746058
-0.05817860772828
-0.058303913881345
-0.058430182327877
-0.058557421302581
-0.05868563915422
-0.058814844347622
-0.058945045465742
-0.059076251211771
-0.059208470411291
-0.059341712014483
-0.059475985098383
-0.059611298869196
-0.05974766266466
-0.059885085956471
-0.06002357835276
-0.060163149600634
-0.060303809588777
-0.060445568350115
-0.060588436064541
-0.060732423061718
-0.060877539823934
-0.061023796989046
-0.061171205353484
-0.061319775875337
-0.06146951967751
-0.061620448050972
-0.061772572458074
-0.061925904535958
-0.062080456100058
-0.062236239147679
-0.062393265861681
-0.062551548614252
-0.062711099970785
-0.062871932693852
-0.063034059747286
-0.063197494300374
-0.063362249732157
-0.063528339635851
-0.063695777823387
-0.06386457833007
-0.064034755419373
-0.064206323587857
-0.064379297570229
-0.064553692344546
-0.064729523137553
-0.064906805430185
-0.065085554963213
-0.065265787743063
-0.065447520047788
-0.065630768433223
-0.065815549739311
-0.06600188109662
-0.066189779933044
-0.066379263980707
-0.066570351283067
-0.066763060202234
-0.066957409426507
-0.067153417978142
-0.067351105221342
-0.067550490870509
-0.067751594998734
-0.067954438046558
-0.068159040830997
-0.068365424554855
-0.068573610816324
-0.068783621618892
-0.068995479381558
-0.069209206949378
-0.069424827604351
-0.069642365076649
-0.069861843556219
-0.070083287704758
-0.070306722668085
-0.07053217408892
-0.070759668120086
-0.070989231438153
-0.071220891257542
-0.071454675345104
-0.071690612035192
-0.071928730245254
-0.072169059491958
-0.072411629907872
-0.072656472258732
-0.072903617961309
-0.073153099101903
-0.073404948455495
-0.073659199505583
-0.07391588646472
-0.074175044295801
-0.074436708734118
-0.074700916310212
-0.074967704373575
-0.07523711111722
-0.075509175603156
-0.075783937788826
-0.076061438554525
-0.076341719731864
-0.076624824133305
-0.076910795582831
-0.077199678947788
-0.077491520171969
-0.077786366309965
-0.078084265562883
-0.078385267315446
-0.07868942217458
-0.07899678200952
-0.07930739999354
-0.079621330647346
-0.079938629884239
-0.080259355057113
-0.080583565007385
-0.080911320115935
-0.081242682356167
-0.081577715349284
-0.081916484421876
-0.082259056665949
-0.082605501001504
-0.082955888241785
-0.083310291161339
-0.083668784567014
-0.084031445372056
-0.08439835267344
-0.084769587832614
-0.085145234559819
-0.085525379002168
-0.085910109835675
-0.086299518361437
-0.086693698606183
-0.087092747427417
-0.087496764623387
-0.087905853048143
-0.08832011873195
-0.088739671007326
-0.089164622641027
-0.089595089972275
-0.090031193057585
-0.090473055822531
-0.090920806220837
-0.091374576401202
-0.091834502882266
-0.092300726736184
-0.092773393781283
-0.093252654784305
-0.093738665672793
-0.094231587758168
-0.094731587970135
-0.095238839103053
-0.095753520074954
-0.096275816199966
-0.096805919474898
-0.09734402888084
-0.097890350700649
-0.098445098853277
-0.099008495245947
-0.099580770145235
-0.10016216256824
-0.100752920695
-0.10135330230357
-0.10196357522899
-0.10258401784781
-0.10321491958961
-0.10385658147736
-0.10450931669828
-0.10517345120726
-0.10584932436492
-0.10653728961246
-0.10723771518574
-0.10795098487116
-0.10867749880609
-0.10941767432669
-0.11017194686646
-0.11094077090869
-0.11172462099667
-0.11252399280538
-0.11333940427896
-0.11417139683848
-0.11502053666481
-0.11588741606188
-0.11677265490593
-0.11767690218676
-0.11860083764765
-0.11954517353087
-0.12051065643639
-0.1214980693021
-0.12250823351421
-0.12354201115758
-0.12460030741614
-0.12568407313475
-0.12679430755438
-0.12793206123385
-0.12909843917225
-0.13029460414729
-0.13152178028628
-0.13278125688784
-0.13407439251366
-0.13540261937181
-0.13676744801442
-0.13817047237498
-0.13961337517228
-0.14109793371082
-0.14262602610972
-0.14419963799541
-0.14582086969618
-0.14749194398038
-0.14921521438366
-0.15099317417485
-0.15282846601467
-0.15472389236643
-0.15668242672325
-0.15870722572271
-0.16080164222613
-0.16296923944724
-0.16521380622312
-0.16753937352893
-0.16995023234811
-0.17245095302041
-0.17504640620213
-0.17774178558614
-0.18054263254403
-0.1834548628688
-0.18648479581455
-0.18963918564944
-0.19292525596009
-0.19635073697034
-0.19992390616386
-0.2036536325307
-0.20754942479084
-0.21162148398507
-0.21588076086485
-0.2203390185586
-0.22500890104301
-0.22990400800494
-0.23503897674284
-0.24042957182753
-0.2460927833209
-0.25204693443968
-0.2583117996494
-0.26490873428421
-0.27186081691123
-0.27919300579583
-0.28693231097888
-0.29510798364957
-0.30375172469189
-0.31289791449984
-0.32258386640105
-0.33285010630289
-0.34374068148329
-0.35530350179551
-0.3675907169466
-0.38065913394884
-0.39457067933913
-0.40939291132023
-0.42519958760899
-0.44207129548896
-0.46009615137153
-0.4793705780809
-0.50000016911213
