-1.701285209593
-1.4323960426947
-1.2539445804086
-1.127779394151
-1.0337379999321
-0.96048044021162
-0.90128351939934
-0.85197792233642
-0.80987602414673
-0.77318584581319
-0.74067639224271
-0.71147910349868
-0.68496605599985
-0.66067301793948
-0.63824956218226
-0.61742596665396
-0.59799079452563
-0.57977542255076
-0.56264318165168
-0.54648161525372
-0.53119688012789
-0.51670964185588
-0.50295202743959
-0.48986533522848
-0.47739829385851
-0.46550572365205
-0.45414749617122
-0.44328771687747
-0.43289407635356
-0.42293733006783
-0.41339087705144
-0.40423041536365
-0.39543365768781
-0.38698009441779
-0.3788507945659
-0.37102823705193
-0.36349616658378
-0.35623946961825
-0.34924406684163
-0.34249681934896
-0.3359854462717
-0.32969845203699
-0.32362506179894
-0.31775516384065
-0.31207925796776
-0.30658840908158
-0.30127420525708
-0.29612871976045
-0.29114447652993
-0.28631441871603
-0.28163187993655
-0.2770905579507
-0.27268449049732
-0.26840803307588
-0.26425583847736
-0.26022283789605
-0.25630422347372
-0.25249543214465
-0.24879213066515
-0.2451902017238
-0.24168573103964
-0.23827499536547
-0.23495445132136
-0.2317207249913
-0.22857060222201
-0.22550101956894
-0.2225090558394
-0.21959192418738
-0.21674696471866
-0.21397163756817
-0.21126351641537
-0.20862028240554
-0.20603971844829
-0.20351970386638
-0.20105820937046
-0.19865329233701
-0.19630309236889
-0.194005827119
-0.19175978835968
-0.18956333828117
-0.18741490600421
-0.18531298429253
-0.18325612645249
-0.18124294340763
-0.179272100937
-0.17734231706694
-0.1754523596066
-0.17360104381828
-0.17178723021418
-0.17000982247192
-0.16826776546138
-0.16656004337641
-0.16488567796476
-0.16324372685076
-0.16163328194491
-0.16005346793546
-0.15850344085722
-0.15698238673297
-0.15548952028347
-0.15402408370196
-0.15258534548967
-0.1511725993488
-0.14978516312977
-0.14842237782973
-0.14708360663945
-0.14576823403607
-0.144475664919
-0.14320532378689
-0.14195665395317
-0.14072911679836
-0.13952219105706
-0.1383353721378
-0.13716817147403
-0.13602011590471
-0.1348907470828
-0.13377962091043
-0.13268630699916
-0.13161038815424
-0.13055145988156
-0.12950912991617
-0.12848301777134
-0.12747275430704
-0.12647798131697
-0.12549835113329
-0.12453352624796
-0.12358317895017
-0.12264699097885
-0.12172465318971
-0.12081586523606
-0.11992033526262
-0.11903777961206
-0.11816792254323
-0.11731049596091
-0.11646523915637
-0.11563189855826
-0.11481022749335
-0.11399998595677
-0.11320094039121
-0.11241286347469
-0.11163553391663
-0.11086873626168
-0.11011226070111
-0.10936590289138
-0.10862946377955
-0.10790274943528
-0.10718557088907
-0.10647774397661
-0.10577908918875
-0.10508943152714
-0.10440860036501
-0.10373642931312
-0.10307275609049
-0.10241742239983
-0.10177027380736
-0.101131159627
-0.10049993280856
-0.099876449829921
-0.099260570593002
-0.098652158323292
-0.098051079472914
-0.097457203627003
-0.096870403413297
-0.096290554414813
-0.095717535085476
-0.095151226668601
-0.094591513118108
-0.094038281022364
-0.093491419530557
-0.0929508202815
-0.09241637733478
-0.091887987104151
-0.091365548293101
-0.090848961832499
-0.090338130820256
-0.089832960462917
-0.08933335801911
-0.088839232744804
-0.088350495840277
-0.087867060398767
-0.087388841356715
-0.086915755445567
-0.086447721145059
-0.085984658637948
-0.085526489766128
-0.085073137988088
-0.084624528337657
-0.084180587383999
-0.083741243192816
-0.083306425288704
-0.082876064618636
-0.082450093516528
-0.082028445668851
-0.081611056081251
-0.081197861046152
-0.080788798111291
-0.080383806049177
-0.079982824827427
-0.079585795579946
-0.079192660578947
-0.078803363207751
-0.078417847934369
-0.078036060285826
-0.0776579468232
-0.07728345511737
-0.076912533725431
-0.076545132167763
-0.076181200905738
-0.075820691320032
-0.075463555689539
-0.075109747170846
-0.074759219778283
-0.074411928364493
-0.074067828601537
-0.0737268769625
-0.073389030703585
-0.073054247846689
-0.072722487162433
-0.072393708153641
-0.072067871039254
-0.071744936738658
-0.07142486685643
-0.071107623667464
-0.070793170102495
-0.070481469733985
-0.070172486762372
-0.069866186002673
-0.069562532871422
-0.069261493373941
-0.068963034091925
-0.06866712217135
-0.068373725310672
-0.068082811749321
-0.067794350256486
-0.067508310120169
-0.067224661136511
-0.066943373599382
-0.066664418290219
-0.066387766468115
-0.066113389860146
-0.065841260651929
-0.065571351478412
-0.065303635414878
-0.065038085968167
-0.064774677068107
-0.064513383059141
-0.064254178692158
-0.063997039116515
-0.06374193987224
-0.063488856882424
-0.063237766445779
-0.062988645229383
-0.062741470261575
-0.062496218925026
-0.062252868949962
-0.062011398407541
-0.061771785703386
-0.061534009571255
-0.061298049066862
-0.061063883561831
-0.060831492737788
-0.060600856580584
-0.060371955374645
-0.060144769697448
-0.05991928041412
-0.059695468672149
-0.059473315896225
-0.059252803783173
-0.059033914297018
-0.058816629664135
-0.058600932368526
-0.05838680514718
-0.058174230985538
-0.057963193113065
-0.057753674998898
-0.057545660347602
-0.057339133095007
-0.057134077404134
-0.056930477661212
-0.056728318471768
-0.056527584656809
-0.056328261249076
-0.05613033348938
-0.05593378682301
-0.055738606896217
-0.055544779552773
-0.05535229083059
-0.055161126958422
-0.054971274352623
-0.054782719613973
-0.054595449524573
-0.054409451044797
-0.054224711310306
-0.054041217629121
-0.053858957478761
-0.053677918503424
-0.05349808851124
-0.053319455471565
-0.053142007512335
-0.052965732917472
-0.052790620124333
-0.05261665772122
-0.052443834444933
-0.052272139178363
-0.052101560948146
-0.051932088922352
-0.051763712408218
-0.051596420849929
-0.05143020382644
-0.051265051049338
-0.051100952360744
-0.050937897731256
-0.05077587725793
-0.050614881162301
-0.050454899788434
-0.050295923601023
-0.050137943183512
-0.049980949236264
-0.04982493257475
-0.049669884127785
-0.049515794935787
-0.049362656149069
-0.049210459026166
-0.049059194932193
-0.048908855337224
-0.048759431814711
-0.048610916039924
-0.048463299788425
-0.048316574934565
-0.048170733450006
-0.048025767402279
-0.047881668953353
-0.047738430358246
-0.047596043963644
-0.047454502206559
-0.047313797612997
-0.047173922796663
-0.047034870457679
-0.046896633381323
-0.0467592044368
-0.046622576576028
-0.046486742832438
-0.046351696319812
-0.046217430231122
-0.046083937837403
-0.045951212486639
-0.045819247602666
-0.045688036684101
-0.04555757330328
-0.045427851105222
-0.045298863806606
-0.045170605194765
-0.0450430691267
-0.044916249528106
-0.044790140392418
-0.044664735779874
-0.044540029816585
-0.044416016693632
-0.044292690666169
-0.044170046052548
-0.044048077233446
-0.043926778651026
-0.043806144808091
-0.043686170267264
-0.043566849650179
-0.043448177636687
-0.043330148964063
-0.043212758426247
-0.043096000873076
-0.042979871209541
-0.042864364395051
-0.042749475442713
-0.042635199418615
-0.04252153144113
-0.042408466680226
-0.042296000356787
-0.042184127741944
-0.042072844156419
-0.041962144969879
-0.041852025600297
-0.041742481513326
-0.041633508221682
-0.041525101284533
-0.041417256306908
-0.041309968939099
-0.041203234876087
-0.041097049856967
-0.040991409664389
-0.040886310124001
-0.040781747103904
-0.040677716514117
-0.040574214306044
-0.040471236471956
-0.040368779044476
-0.040266838096075
-0.040165409738572
-0.040064490122644
-0.039964075437342
-0.039864161909618
-0.039764745803852
-0.039665823421391
-0.039567391100096
-0.039469445213889
-0.039371982172316
-0.039274998420107
-0.039178490436751
-0.039082454736067
-0.038986887865794
-0.038891786407176
-0.03879714697456
-0.038702966214993
-0.038609240807833
-0.038515967464358
-0.038423142927387
-0.038330763970903
-0.038238827399678
-0.038147330048913
-0.038056268783873
-0.037965640499532
-0.037875442120224
-0.037785670599298
-0.037696322918773
-0.037607396089008
-0.037518887148364
-0.037430793162885
-0.037343111225969
-0.037255838458054
-0.037168972006305
-0.037082509044302
-0.036996446771742
-0.036910782414129
-0.036825513222487
-0.036740636473063
-0.036656149467037
-0.036572049530244
-0.036488334012887
-0.036405000289267
-0.036322045757503
-0.036239467839267
-0.03615726397952
-0.036075431646248
-0.0359939683302
-0.03591287154464
-0.035832138825093
-0.035751767729093
-0.035671755835943
-0.035592100746471
-0.035512800082794
-0.035433851488078
-0.035355252626312
-0.035277001182073
-0.035199094860304
-0.03512153138609
-0.035044308504438
-0.034967423980058
-0.034890875597151
-0.034814661159194
-0.034738778488736
-0.034663225427187
-0.034587999834617
-0.034513099589556
-0.034438522588793
-0.03436426674718
-0.034290329997443
-0.034216710289988
-0.034143405592711
-0.034070413890815
-0.033997733186628
-0.033925361499415
-0.033853296865207
-0.033781537336619
-0.033710080982676
-0.033638925888644
-0.033568070155857
-0.033497511901548
-0.033427249258688
-0.033357280375816
-0.033287603416882
-0.033218216561084
-0.033149118002714
-0.033080305950997
-0.033011778629942
-0.032943534278186
-0.032875571148849
-0.032807887509378
-0.032740481641408
-0.032673351840615
-0.032606496416569
-0.032539913692598
-0.032473602005648
-0.032407559706142
-0.032341785157846
-0.032276276737735
-0.032211032835859
-0.032146051855211
-0.032081332211602
-0.032016872333526
-0.031952670662039
-0.031888725650629
-0.031825035765098
-0.031761599483437
-0.031698415295702
-0.031635481703902
-0.031572797221876
-0.031510360375176
-0.031448169700957
-0.031386223747858
-0.031324521075892
-0.031263060256334
-0.031201839871614
-0.031140858515204
-0.031080114791514
-0.031019607315785
-0.030959334713986
-0.030899295622705
-0.030839488689055
-0.030779912570565
-0.030720565935085
-0.030661447460685
-0.030602555835558
-0.030543889757922
-0.030485447935927
-0.030427229087558
-0.030369231940545
-0.030311455232267
-0.030253897709662
-0.030196558129137
-0.030139435256482
-0.030082527866774
-0.0300258347443
-0.02996935468246
-0.029913086483691
-0.029857028959377
-0.02980118092977
-0.029745541223901
-0.029690108679507
-0.029634882142943
-0.029579860469106
-0.029525042521356
-0.029470427171438
-0.029416013299403
-0.029361799793535
-0.029307785550272
-0.029253969474135
-0.02920035047765
-0.02914692748128
-0.02909369941335
-0.029040665209974
-0.028987823814989
-0.02893517417988
-0.028882715263716
-0.028830446033077
-0.02877836546199
-0.028726472531859
-0.028674766231402
-0.028623245556583
-0.02857190951055
-0.028520757103567
-0.028469787352955
-0.028418999283026
-0.028368391925022
-0.028317964317054
-0.028267715504043
-0.028217644537655
-0.028167750476246
-0.028118032384802
-0.028068489334882
-0.028019120404555
-0.027969924678351
-0.0279209012472
-0.027872049208374
-0.027823367665438
-0.027774855728191
-0.027726512512612
-0.027678337140809
-0.027630328740964
-0.027582486447279
-0.02753480939993
-0.027487296745009
-0.027439947634478
-0.027392761226115
-0.027345736683467
-0.027298873175801
-0.027252169878053
-0.02720562597078
-0.027159240640114
-0.027113013077714
-0.027066942480718
-0.0270210280517
-0.026975268998618
-0.026929664534776
-0.026884213878774
-0.026838916254466
-0.026793770890912
-0.026748777022341
-0.026703933888103
-0.026659240732628
-0.02661469680538
-0.026570301360824
-0.026526053658374
-0.02648195296236
-0.026437998541982
-0.026394189671273
-0.026350525629059
-0.026307005698918
-0.02626362916914
-0.026220395332693
-0.026177303487179
-0.026134352934801
-0.026091542982321
-0.026048872941027
-0.026006342126694
-0.025963949859546
-0.025921695464224
-0.025879578269746
-0.025837597609475
-0.025795752821081
-0.02575404324651
-0.025712468231944
-0.025671027127773
-0.025629719288559
-0.025588544072999
-0.025547500843897
-0.025506588968131
-0.025465807816615
-0.025425156764274
-0.025384635190007
-0.025344242476659
-0.025303978010985
-0.025263841183626
-0.025223831389072
-0.025183948025635
-0.025144190495417
-0.025104558204283
-0.025065050561828
-0.025025666981351
-0.024986406879824
-0.024947269677864
-0.024908254799703
-0.024869361673163
-0.024830589729628
-0.02479193840401
-0.024753407134731
-0.024714995363688
-0.024676702536233
-0.02463852810114
-0.024600471510581
-0.024562532220102
-0.024524709688596
-0.024487003378275
-0.024449412754647
-0.02441193728649
-0.024374576445827
-0.024337329707903
-0.024300196551156
-0.024263176457199
-0.024226268910791
-0.024189473399815
-0.024152789415253
-0.024116216451166
-0.024079754004667
-0.0240434015759
-0.024007158668018
-0.023971024787156
-0.023934999442416
-0.023899082145837
-0.02386327241238
-0.023827569759901
-0.023791973709131
-0.023756483783655
-0.023721099509893
-0.023685820417075
-0.023650646037221
-0.023615575905124
-0.023580609558324
-0.023545746537093
-0.023510986384411
-0.023476328645947
-0.023441772870042
-0.023407318607685
-0.023372965412498
-0.023338712840712
-0.023304560451153
-0.02327050780522
-0.023236554466866
-0.023202700002581
-0.023168943981373
-0.02313528597475
-0.023101725556701
-0.023068262303679
-0.023034895794584
-0.023001625610742
-0.022968451335891
-0.022935372556164
-0.022902388860069
-0.022869499838472
-0.022836705084585
-0.022804004193941
-0.022771396764387
-0.02273888239606
-0.022706460691373
-0.022674131255001
-0.022641893693862
-0.022609747617102
-0.022577692636082
-0.022545728364356
-0.022513854417663
-0.022482070413906
-0.022450375973139
-0.022418770717554
-0.02238725427146
-0.022355826261275
-0.022324486315507
-0.02229323406474
-0.022262069141622
-0.022230991180846
-0.022199999819141
-0.022169094695254
-0.022138275449938
-0.022107541725937
-0.022076893167972
-0.022046329422731
-0.02201585013885
-0.021985454966901
-0.021955143559383
-0.021924915570703
-0.021894770657167
-0.021864708476964
-0.021834728690156
-0.021804830958663
-0.02177501494625
-0.021745280318518
-0.021715626742887
-0.021686053888586
-0.021656561426642
-0.021627149029864
-0.021597816372834
-0.021568563131894
-0.021539388985136
-0.021510293612385
-0.021481276695195
-0.021452337916829
-0.021423476962255
-0.02139469351813
-0.02136598727279
-0.021337357916239
-0.021308805140137
-0.021280328637792
-0.021251928104142
-0.021223603235754
-0.021195353730804
-0.021167179289073
-0.021139079611931
-0.021111054402333
-0.0210831033648
-0.021055226205417
-0.021027422631817
-0.020999692353175
-0.020972035080193
-0.020944450525094
-0.020916938401612
-0.020889498424979
-0.020862130311917
-0.020834833780631
-0.020807608550792
-0.020780454343537
-0.020753370881451
-0.020726357888564
-0.020699415090336
-0.020672542213652
-0.020645738986812
-0.02061900513952
-0.020592340402877
-0.020565744509369
-0.020539217192863
-0.020512758188595
-0.020486367233159
-0.020460044064503
-0.020433788421918
-0.020407600046029
-0.020381478678786
-0.02035542406346
-0.020329435944628
-0.020303514068168
-0.020277658181253
-0.020251868032337
-0.020226143371154
-0.020200483948702
-0.020174889517244
-0.02014935983029
-0.020123894642598
-0.020098493710162
-0.020073156790203
-0.020047883641163
-0.0200226740227
-0.019997527695676
-0.019972444422149
-0.019947423965371
-0.019922466089776
-0.019897570560973
-0.019872737145741
-0.019847965612018
-0.0198232557289
-0.019798607266625
-0.019774019996574
-0.019749493691259
-0.01972502812432
-0.019700623070514
-0.019676278305708
-0.019651993606879
-0.019627768752097
-0.019603603520526
-0.019579497692416
-0.019555451049092
-0.019531463372953
-0.019507534447462
-0.019483664057139
-0.01945985198756
-0.019436098025342
-0.019412401958143
-0.019388763574656
-0.019365182664597
-0.019341659018706
-0.019318192428734
-0.019294782687442
-0.019271429588592
-0.019248132926943
-0.019224892498243
-0.019201708099225
-0.0191785795276
-0.019155506582049
-0.019132489062222
-0.019109526768729
-0.019086619503134
-0.019063767067951
-0.019040969266637
-0.019018225903587
-0.018995536784128
-0.018972901714514
-0.01895032050192
-0.018927792954436
-0.018905318881065
-0.018882898091713
-0.018860530397184
-0.018838215609179
-0.018815953540287
-0.01879374400398
-0.01877158681461
-0.018749481787401
-0.018727428738447
-0.018705427484702
-0.018683477843981
-0.018661579634952
-0.01863973267713
-0.018617936790873
-0.018596191797378
-0.018574497518675
-0.018552853777622
-0.018531260397902
-0.018509717204015
-0.018488224021278
-0.018466780675815
-0.018445386994555
-0.018424042805228
-0.01840274793636
-0.018381502217266
-0.018360305478048
-0.018339157549592
-0.018318058263559
-0.018297007452383
-0.018276004949267
-0.018255050588178
-0.018234144203843
-0.018213285631745
-0.018192474708116
-0.018171711269937
-0.018150995154929
-0.018130326201554
-0.018109704249007
-0.018089129137211
-0.018068600706819
-0.018048118799202
-0.018027683256451
-0.018007293921368
-0.017986950637467
-0.017966653248967
-0.017946401600787
-0.017926195538546
-0.017906034908555
-0.017885919557816
-0.017865849334015
-0.017845824085523
-0.017825843661387
-0.017805907911329
-0.017786016685743
-0.017766169835688
-0.017746367212889
-0.017726608669727
-0.017706894059242
-0.017687223235126
-0.017667596051718
-0.017648012364003
-0.017628472027609
-0.017608974898799
-0.017589520834474
-0.017570109692162
-0.017550741330023
-0.017531415606838
-0.017512132382009
-0.017492891515555
-0.017473692868111
-0.017454536300921
-0.017435421675836
-0.01741634885531
-0.017397317702399
-0.017378328080757
-0.01735937985463
-0.017340472888855
-0.017321607048859
-0.017302782200651
-0.017283998210821
-0.017265254946539
-0.017246552275549
-0.017227890066166
-0.017209268187275
-0.017190686508326
-0.017172144899333
-0.017153643230867
-0.017135181374058
-0.017116759200589
-0.017098376582693
-0.017080033393151
-0.01706172950529
-0.017043464792976
-0.017025239130617
-0.017007052393156
-0.016988904456069
-0.016970795195362
-0.016952724487569
-0.01693469220975
-0.016916698239485
-0.016898742454874
-0.016880824734534
-0.016862944957595
-0.016845103003698
-0.016827298752995
-0.016809532086139
-0.016791802884289
-0.016774111029103
-0.01675645640274
-0.016738838887849
-0.016721258367575
-0.016703714725552
-0.016686207845901
-0.016668737613229
-0.016651303912623
-0.016633906629654
-0.016616545650364
-0.016599220861276
-0.016581932149382
-0.016564679402143
-0.016547462507491
-0.016530281353819
-0.016513135829986
-0.01649602582531
-0.016478951229564
-0.016461911932982
-0.016444907826246
-0.016427938800491
-0.016411004747302
-0.016394105558706
-0.016377241127179
-0.016360411345633
-0.016343616107424
-0.016326855306343
-0.016310128836616
-0.016293436592901
-0.016276778470288
-0.016260154364294
-0.016243564170862
-0.016227007786359
-0.016210485107574
-0.016193996031716
-0.01617754045641
-0.016161118279697
-0.016144729400032
-0.01612837371628
-0.016112051127715
-0.01609576153402
-0.016079504835279
-0.016063280931984
-0.016047089725022
-0.016030931115685
-0.016014805005656
-0.015998711297018
-0.015982649892242
-0.015966620694194
-0.015950623606127
-0.015934658531681
-0.015918725374881
-0.015902824040136
