-0.49999989149155
-0.47937020270826
-0.46009572037896
-0.44207084050373
-0.42519913172274
-0.40939247076598
-0.39457026490544
-0.38065875216184
-0.36759037104943
-0.35530319255339
-0.34374040783941
-0.33284986590806
-0.32258365603713
-0.31289773041447
-0.30375156285957
-0.29510783997194
-0.28693218143538
-0.27919288655383
-0.27186070440347
-0.26490862526019
-0.25831169120603
-0.25204682403576
-0.24609266877908
-0.24042945132685
-0.23503884880434
-0.22990387147217
-0.22500875505935
-0.22033886254238
-0.21588059448349
-0.21162130712886
-0.20754923754713
-0.20365343515881
-0.19992369907113
-0.19635052068954
-0.19292503112826
-0.18963895298836
-0.18648455611285
-0.18345461696563
-0.18054238131441
-0.17774152992775
-0.17504614702367
-0.1724506912313
-0.16994996884953
-0.16753910920608
-0.16521354193859
-0.16296897603543
-0.16080138048864
-0.1587069664246
-0.15668217059
-0.15472364008169
-0.15282821821862
-0.15099293146306
-0.14921497730653
-0.14749171304292
-0.14582064535823
-0.14419942067213
-0.14262581617244
-0.14109773148802
-0.13961318095084
-0.13817028640158
-0.13676727049706
-0.13540245048142
-0.13407423238581
-0.1327811056245
-0.13152163795763
-0.13029447079351
-0.12909831480537
-0.12793194583953
-0.12679420109374
-0.12568397554613
-0.1246002186168
-0.1235419310454
-0.12250816196937
-0.12149800618859
-0.1205106016036
-0.11954512681502
-0.11860079887321
-0.1176768711678
-0.11677263144739
-0.11588739996079
-0.11502052771141
-0.11417139481737
-0.11333940897009
-0.112524003985
-0.11172463843827
-0.1109407943838
-0.11017197614547
-0.1094177091796
-0.10867753900315
-0.10795103018352
-0.10723776538601
-0.10653734447529
-0.10584938366742
-0.10517351472949
-0.10450938422365
-0.10385665279297
-0.10321499448659
-0.10258409612161
-0.10196365667965
-0.10135338673591
-0.10075300791886
-0.10016225239862
-0.099580862402456
-0.099008589755754
-0.098445195446947
-0.097890449215055
-0.097344129158513
-0.096806021364061
-0.09627591955455
-0.095753624754605
-0.095238944973117
-0.094731694901636
-0.094231695627768
-0.093738774362744
-0.093252764182392
-0.092773503780752
-0.092300837235668
-0.091834613785697
-0.091374687617724
-0.090920917664705
-0.090473167413009
-0.090031304718838
-0.089595201633257
-0.089164734235364
-0.088739782473202
-0.088320230011979
-0.087905964089252
-0.087496875376685
-0.087092857848076
-0.086693808653304
-0.086299627997925
-0.085910219028115
-0.085525487720691
-0.085145342777979
-0.084769695527261
-0.084398459824591
-0.084031551962774
-0.083668890583283
-0.083310396591941
-0.082955993078183
-0.082605605237718
-0.082259160298445
-0.081916587449446
-0.081577817772936
-0.081242784179014
-0.080911421343085
-0.080583665645837
-0.080259455115653
-0.079938729373336
-0.079621429579057
-0.07930749838141
-0.07899687986849
-0.078689519520895
-0.078385364166568
-0.0780843619374
-0.077786462227511
-0.077491615653141
-0.07719977401407
-0.076910890256512
-0.076624918437412
-0.076341813690084
-0.076061532191141
-0.075784031128647
-0.075509268671455
-0.075237203939672
-0.074967796976196
-0.074701008719303
-0.07443680097621
-0.074175136397601
-0.073915978453061
-0.073659291407376
-0.073405040297681
-0.07315319091141
-0.072903709765009
-0.0726565640834
-0.072411721780147
-0.072169151438307
-0.071928822291937
-0.071690704208228
-0.07145476767024
-0.071220983760223
-0.070989324143494
-0.070759761052843
-0.070532267273469
-0.070306816128395
-0.070083381464369
-0.069861937638223
-0.069642459503669
-0.069424922398523
-0.069209302132335
-0.068995574974414
-0.068783717642226
-0.068573707290169
-0.068365521498683
-0.068159138263712
-0.067954535986482
-0.0677516934636
-0.067550589877452
-0.067351204786893
-0.067153518118221
-0.066957510156418
-0.066763161536657
-0.066570453236061
-0.066379366565702
-0.066189883162839
-0.066001984983382
-0.065815654294577
-0.065630873667896
-0.065447625972139
-0.065265894366732
-0.065085662295209
-0.064906913478891
-0.064729631910727
-0.064553801849324
-0.064379407813129
-0.064206434574781
-0.064034867155616
-0.063864690820321
-0.063695891071736
-0.063528453645794
-0.063362364506602
-0.063197609841648
-0.06303417605714
-0.062872049773469
-0.062711217820787
-0.062551667234709
-0.062393385252116
-0.062236359307077
-0.062080577026875
-0.061926026228128
-0.061772694913017
-0.061620571265606
-0.061469643648255
-0.061319900598128
-0.061171330823778
-0.061023923201829
-0.060877666773737
-0.06073255074262
-0.060588564470181
-0.060445697473701
-0.060303939423096
-0.060163280138062
-0.06002370958527
-0.059885217875646
-0.059747795261698
-0.059611432134923
-0.059476119023265
-0.059341846588631
-0.059208605624473
-0.059076387053421
-0.058945181924973
-0.058814981413231
-0.058685776814701
-0.058557559546134
-0.058430321142415
-0.058304053254511
-0.058178747647447
-0.058054396198346
-0.057930990894496
-0.057808523831475
-0.057686987211302
-0.057566373340644
-0.057446674629047
-0.057327883587218
-0.057209992825335
-0.057092995051399
-0.056976883069621
-0.056861649778839
-0.056747288170973
-0.056633791329505
-0.056521152428008
-0.056409364728687
-0.05629842158096
-0.056188316420066
-0.056079042765701
-0.055970594220687
-0.055862964469663
-0.055756147277801
-0.055650136489556
-0.055544926027433
-0.055440509890785
-0.055336882154631
-0.055234036968499
-0.055131968555293
-0.05503067121018
-0.054930139299503
-0.054830367259708
-0.054731349596302
-0.054633080882825
-0.054535555759838
-0.054438768933943
-0.054342715176808
-0.054247389324221
-0.054152786275156
-0.054058900990859
-0.053965728493955
-0.053873263867561
-0.053781502254429
-0.053690438856095
-0.053600068932051
-0.053510387798924
-0.053421390829682
-0.053333073452841
-0.053245431151699
-0.053158459463576
-0.05307215397907
-0.052986510341329
-0.052901524245333
-0.052817191437188
-0.052733507713439
-0.052650468920389
-0.052568070953432
-0.052486309756401
-0.052405181320918
-0.052324681685773
-0.052244806936293
-0.052165553203739
-0.052086916664705
-0.052008893540529
-0.051931480096716
-0.051854672642368
-0.051778467529629
-0.051702861153132
-0.051627849949465
-0.051553430396636
-0.051479599013554
-0.05140635235952
-0.051333687033718
-0.051261599674727
-0.051190086960029
-0.051119145605533
-0.051048772365106
-0.050978964030111
-0.050909717428949
-0.050841029426617
-0.050772896924266
-0.050705316858769
-0.050638286202298
-0.050571801961903
-0.050505861179104
-0.050440460929486
-0.0503755983223
-0.050311270500075
-0.05024747463823
-0.050184207944699
-0.050121467659557
-0.050059251054653
-0.049997555433252
-0.049936378129679
-0.049875716508974
-0.049815567966542
-0.049755929927823
-0.049696799847956
-0.049638175211453
-0.049580053531878
-0.049522432351531
-0.049465309241134
-0.049408681799531
-0.04935254765338
-0.049296904456858
-0.049241749891374
-0.049187081665275
-0.049132897513567
-0.049079195197636
-0.049025972504976
-0.048973227248914
-0.048920957268352
-0.048869160427501
-0.048817834615627
-0.048766977746795
-0.048716587759621
-0.04866666261703
-0.048617200306011
-0.048568198837382
-0.048519656245556
-0.048471570588308
-0.048423939946553
-0.048376762424122
-0.04833003614754
-0.048283759265813
-0.048237929950216
-0.048192546394078
-0.048147606812584
-0.048103109442569
-0.048059052542314
-0.048015434391359
-0.0479722532903
-0.047929507560606
-0.047887195544427
-0.047845315604412
-0.047803866123527
-0.047762845504877
-0.047722252171528
-0.047682084566338
-0.047642341151781
-0.047603020409787
-0.047564120841568
-0.047525640967464
-0.047487579326778
-0.047449934477621
-0.047412704996756
-0.047375889479448
-0.047339486539311
-0.047303494808164
-0.047267912935883
-0.047232739590261
-0.047197973456863
-0.047163613238895
-0.047129657657063
-0.047096105449438
-0.047062955371332
-0.047030206195158
-0.046997856710314
-0.046965905723049
-0.046934352056344
-0.04690319454979
-0.046872432059472
-0.046842063457847
-0.046812087633633
-0.046782503491692
-0.046753309952924
-0.046724505954155
-0.046696090448028
-0.0466680624029
-0.046640420802737
-0.046613164647015
-0.046586292950615
-0.046559804743727
-0.046533699071756
-0.046507974995224
-0.046482631589676
-0.046457667945593
-0.046433083168297
-0.046408876377867
-0.04638504670905
-0.046361593311178
-0.046338515348081
-0.046315811998012
-0.046293482453561
-0.046271525921577
-0.046249941623094
-0.046228728793252
-0.046207886681228
-0.046187414550156
-0.046167311677063
-0.046147577352797
-0.046128210881954
-0.046109211582822
-0.046090578787303
-0.046072311840861
-0.046054410102451
-0.046036872944461
-0.046019699752652
-0.046002889926102
-0.045986442877144
-0.045970358031316
-0.0459546348273
-0.045939272716877
-0.045924271164867
-0.045909629649086
-0.04589534766029
-0.045881424702134
-0.045867860291121
-0.045854653956555
-0.045841805240503
-0.045829313697747
-0.045817178895745
-0.045805400414589
-0.045793977846967
-0.045782910798124
-0.045772198885828
-0.045761841740331
-0.045751839004334
-0.045742190332961
-0.045732895393717
-0.045723953866466
-0.045715365443394
-0.045707129828987
-0.04569924674
-0.045691715905432
-0.045684537066498
-0.045677709976611
-0.045671234401355
-0.045665110118465
-0.045659336917803
-0.045653914601347
-0.045648842983162
-0.045644121889393
-0.045639751158241
-0.045635730639953
-0.045632060196806
-0.045628739703097
-0.045625769045129
-0.0456231481212
-0.045620876841595
-0.045618955128579
-0.045617382916387
-0.045616160151223
-0.045615286791246
-0.045614762806576
-0.045614588179286
-0.045614762903402
-0.0456152869849
-0.045616160441709
-0.045617383303714
-0.045618955612755
-0.045620877422632
-0.045623148799112
-0.045625769819934
-0.045628740574814
-0.045632061165455
-0.045635731705557
-0.045639752320827
-0.045644123148991
-0.045648844339802
-0.045653916055061
-0.045659338468628
-0.045665111766438
-0.045671236146517
-0.045677711819005
-0.045684539006169
-0.045691717942427
-0.04569924887437
-0.045707132060785
-0.045715367772673
-0.045723956293284
-0.045732897918134
-0.045742192955039
-0.045751841724138
-0.045761844557927
-0.045772201801287
-0.045782913811516
-0.045793980958367
-0.045805403624074
-0.045817182203394
-0.045829317103642
-0.045841808744728
-0.045854657559197
-0.045867863992269
-0.04588142850188
-0.045895351558728
-0.045909633646311
-0.045924275260981
-0.04593927691198
-0.045954639121497
-0.045970362424713
-0.045986447369851
-0.04600289451823
-0.046019704444316
-0.046036877735777
-0.04605441499354
-0.046072316831844
-0.046090583878306
-0.046109216773971
-0.04612821617338
-0.046147582744631
-0.046167317169443
-0.046187420143218
-0.046207892375112
-0.046228734588103
-0.046249947519056
-0.046271531918799
-0.046293488552195
-0.046315818198212
-0.046338521650003
-0.04636159971498
-0.046385053214896
-0.046408882985922
-0.046433089878728
-0.04645767475857
-0.046482638505373
-0.046507982013816
-0.046533706193423
-0.04655981196865
-0.046586300278978
-0.046613172079006
-0.046640428338545
-0.046668070042719
-0.046696098192053
-0.046724513802586
-0.046753317905962
-0.046782511549542
-0.046812095796502
-0.046842071725946
-0.046872440433015
-0.046903203028992
-0.046934360641425
-0.046965914414232
-0.046997865507825
-0.047030215099225
-0.047062964382186
-0.047096114567315
-0.047129666882199
-0.047163622571533
-0.047197982897246
-0.047232749138635
-0.047267922592501
-0.047303504573278
-0.047339496413178
-0.047375899462327
-0.047412715088911
-0.047449944679318
-0.047487589638287
-0.047525651389058
-0.047564131373524
-0.047603031052383
-0.047642351905301
-0.047682095431067
-0.047722263147757
-0.047762856592898
-0.047803877323637
-0.04784532691691
-0.047887206969617
-0.047929519098795
-0.047972264941799
-0.04801544615648
-0.048059064421376
-0.04810312143589
-0.048147618920491
-0.048192558616898
-0.04823794228828
-0.048283771719458
-0.048330048717104
-0.048376775109947
-0.048423952748986
-0.048471583507698
-0.048519669282257
-0.048568211991753
-0.048617213578412
-0.048666676007826
-0.048716601269181
-0.048766991375491
-0.048817848363837
-0.048869174295606
-0.048920971256735
-0.048973241357963
-0.049025986735084
-0.049079209549201
-0.049132911986987
-0.049187096260956
-0.049241764609724
-0.04929691929829
-0.049352562618309
-0.04940869688838
-0.049465324454327
-0.049522447689497
-0.049580068995052
-0.049638190800272
-0.049696815562861
-0.049755945769261
-0.049815583934964
-0.049875732604834
-0.049936394353437
-0.049997571785372
-0.050059267535603
-0.05012148426981
-0.050184224684732
-0.050247491508525
-0.050311287501118
-0.050375615454582
-0.050440478193502
-0.050505878575354
-0.050571819490893
-0.050638303864536
-0.05070533465477
-0.050772914854549
-0.050841047491706
-0.050909735629372
-0.050978982366402
-0.051048790837803
-0.051119164215179
-0.051190105707173
-0.051261618559922
-0.051333706057522
-0.051406371522496
-0.051479618316271
-0.051553449839667
-0.051627869533389
-0.051702880878533
-0.051778487397095
-0.051854692652494
-0.051931500250101
-0.052008913837779
-0.052086937106429
-0.052165573790554
-0.052244827668819
-0.052324702564636
-0.052405202346751
-0.052486330929841
-0.052568092275123
-0.052650490390979
-0.052733529333582
-0.052817213207544
-0.052901546166569
-0.052986532414116
-0.053072176204085
-0.053158481841502
-0.053245453683226
-0.053333096138663
-0.053421413670501
-0.053510410795447
-0.053600092084991
-0.053690462166171
-0.053781525722366
-0.053873287494091
-0.053965752279815
-0.054058924936794
-0.054152810381915
-0.054247413592561
-0.054342739607493
-0.054438793527741
-0.054535580517526
-0.054633105805185
-0.054731374684124
-0.054830392513786
-0.05493016472064
-0.055030696799187
-0.055131994312984
-0.055234062895698
-0.055336908252167
-0.055440536159494
-0.055544952468159
-0.055650163103149
-0.05575617406512
-0.055862991431571
-0.055970621358057
-0.056079070079412
-0.056188343911004
-0.05629844925002
-0.05640939257677
-0.056521180456022
-0.056633819538367
-0.056747316561607
-0.056861678352179
-0.056976911826604
-0.057093023992971
-0.05721002195245
-0.057327912900841
-0.057446704130148
-0.057566403030201
-0.057687017090303
-0.057808553900913
-0.057931021155375
-0.058054426651678
-0.058178778294251
-0.058304084095816
-0.058430352179257
-0.058557590779558
-0.058685808245761
-0.05881501304299
-0.058945213754502
-0.0590764190838
-0.059208637856791
-0.059341879023986
-0.059476151662765
-0.059611464979684
-0.059747828312844
-0.059885251134313
-0.060023743052603
-0.060163313815213
-0.06030397331123
-0.06044573157399
-0.060588598783808
-0.060732585270777
-0.060877701517627
-0.061023958162665
-0.06117136600278
-0.061319935996531
-0.061469679267302
-0.06162060710655
-0.061772730977122
-0.061926062516668
-0.062080613541135
-0.062236396048354
-0.062393422221715
-0.062551704433949
-0.062711255250997
-0.062872087435989
-0.063034213953322
-0.063197647972854
-0.063362402874208
-0.063528492251185
-0.06369592991631
-0.063864729905488
-0.064034906482798
-0.064206474145412
-0.064379447628655
-0.064553841911204
-0.064729672220433
-0.064906954037905
-0.06508570310503
-0.065265935428868
-0.065447667288114
-0.065630915239245
-0.06581569612285
-0.066002027070143
-0.066189925509663
-0.06637940917418
-0.066570496107797
-0.066763204673271
-0.066957553559542
-0.067153561789502
-0.067351248727994
-0.067550634090048
-0.067751737949384
-0.067954580747161
-0.068159183301007
-0.068365566814333
-0.068573752885926
-0.068783763519861
-0.068995621135711
-0.069209348579096
-0.069424969132566
-0.069642506526829
-0.069861984952351
-0.070083429071335
-0.070306864030084
-0.070532315471785
-0.070759809549707
-0.070989372940845
-0.07122103286002
-0.071454817074458
-0.071690753918861
-0.071928872310999
-0.07216920176783
-0.072411772422184
-0.072656615040023
-0.072903761038309
-0.0731532425035
-0.073405092210694
-0.073659343643464
-0.0739160310144
-0.074175189286386
-0.074436854194658
-0.074701062269654
-0.074967850860713
-0.075237258160638
-0.075509323231179
-0.075784086029459
-0.076061587435396
-0.076341869280161
-0.076624974375713
-0.076910946545466
-0.077199830656129
-0.077491672650783
-0.077786519583241
-0.078084419653748
-0.078385422246092
-0.07868957796618
-0.078996938682148
-0.07930755756608
-0.079621489137409
-0.079938789308068
-0.080259515429493
-0.080583726341542
-0.080911482423443
-0.081242845646844
-0.081577879631089
-0.081916649700804
-0.082259222945925
-0.08260566828427
-0.082956056526788
-0.083310460445618
-0.083668954845085
-0.08403161663579
-0.084398524911947
-0.08476976103212
-0.085145408703544
-0.085525554070201
-0.08591028580485
-0.086299695205207
-0.086693876294494
-0.087092925926579
-0.08749694389595
-0.08790603305277
-0.088320299423288
-0.088739852335885
-0.089164804553053
-0.089595272409631
-0.090031375957627
-0.090473239117992
-0.090920989839715
-0.091374760266647
-0.091834686912474
-0.092300910844294
-0.092773577875283
-0.093252838766942
-0.093738849441488
-0.094231771204943
-0.094731770981546
-0.09523902156013
-0.095753701853157
-0.096275997169149
-0.096806099499287
-0.09734420781902
-0.097890528405574
-0.098445275172289
-0.099008670020813
-0.099580943212209
-0.10016233375813
-0.10075308983329
-0.10135346921051
-0.10196373971976
-0.10258417973269
-0.10321507867418
-0.10385673756274
-0.10450946958137
-0.10517360068105
-0.10584947021883
-0.10653743163268
-0.10723785315566
-0.10795111857182
-0.10867762801665
-0.109417798825
-0.1101720664296
-0.11094088531366
-0.11172473002103
-0.11252409622802
-0.11333950188088
-0.11417148840364
-0.11502062198107
-0.11588749492195
-0.11677272710838
-0.11767696753717
-0.11860089595975
-0.11954522462775
-0.1205107001518
-0.12149810548182
-0.12250826201744
-0.12354203185844
-0.12460032020521
-0.12568407792066
-0.12679430426545
-0.12793204981983
-0.12909841960603
-0.13029457642667
-0.13152174443583
-0.13278121296069
-0.13407434059335
-0.13540255957413
-0.13676738048921
-0.13817039730792
-0.13961329278662
-0.14109784426899
-0.14262592991492
-0.14419953539297
-0.14582076107484
-0.14749182977334
-0.14921509506937
-0.15099305027758
-0.15282833810472
-0.15472376105993
-0.15668229268162
-0.15870708965153
-0.1608015048735
-0.16296910160156
-0.16521366871005
-0.16753923720765
-0.16995009810671
-0.17245082177031
-0.17504627887144
-0.17774166311193
-0.1805425158633
-0.18345475290822
-0.18648469347873
-0.1896390918077
-0.19292517143176
-0.19635066250837
-0.19992384243683
-0.2036535801032
-0.20754938410221
-0.21162145532666
-0.21588074435588
-0.22033901412091
-0.22500890837496
-0.22990402655494
-0.23503900568313
-0.24042961002889
-0.24609282932945
-0.25204698645683
-0.25831185551679
-0.26490879147541
-0.27186087253282
-0.27919305660088
-0.28693235339648
-0.29510801383518
-0.30375173860379
-0.3128979080087
-0.32258383544059
-0.33285004707161
-0.34374059070896
-0.35530337707698
-0.36759055718978
-0.3806589399176
-0.39457045434567
-0.40939266208454
-0.42519932532256
-0.44207103712522
-0.46009592129336
-0.47937041000597
-0.50000010850841
