-0.49996384030625
-0.47929324026043
-0.45999425084094
-0.44195739410931
-0.42508309789371
-0.40928070722061
-0.39446760249809
-0.38056841216182
-0.36751430898508
-0.35524238055623
-0.34369506556457
-0.33281964853116
-0.32256780649207
-0.31289520190528
-0.30376111672127
-0.29512812314492
-0.28696178713183
-0.27923040111557
-0.27190474286083
-0.26495785768847
-0.25836486162773
-0.25210276332308
-0.24615030276414
-0.24048780511925
-0.23509704814098
-0.22996114177822
-0.22506441877616
-0.22039233517601
-0.21593137974158
-0.2116689914426
-0.20759348421547
-0.20369397830323
-0.19996033754849
-0.19638311207701
-0.19295348586713
-0.18966322875077
-0.1865046524374
-0.183470570193
-0.18055425984239
-0.1777494297955
-0.17505018782766
-0.17245101236972
-0.16994672608744
-0.16753247155023
-0.16520368880868
-0.16295609471666
-0.16078566384953
-0.15868861088347
-0.15666137431318
-0.1547006013968
-0.15280313422635
-0.15096599683164
-0.14918638323348
-0.14746164636946
-0.14578928782248
-0.14416694828809
-0.14259239872239
-0.14106353211699
-0.13957835585252
-0.13813498458569
-0.13673163362928
-0.13536661278736
-0.13403832061142
-0.13274523904584
-0.13148592843368
-0.13025902285611
-0.12906322578107
-0.12789730599853
-0.12676009382163
-0.12565047753452
-0.12456740006944
-0.12350985589654
-0.12247688811172
-0.12146758570834
-0.12048108102034
-0.11951654732461
-0.11857319659199
-0.11765027737648
-0.1167470728336
-0.11586289885894
-0.11499710233905
-0.11414905950715
-0.11331817439675
-0.11250387738672
-0.11170562383193
-0.11092289277387
-0.11015518572611
-0.10940202552979
-0.10866295527478
-0.10793753728225
-0.10722535214482
-0.10652599782083
-0.10583908877912
-0.10516425519143
-0.10450114216942
-0.10384940904358
-0.10320872868144
-0.1025787868429
-0.1019592815702
-0.10134992261066
-0.10075043087023
-0.10016053789589
-0.099579985385404
-0.09900852472269
-0.09844591653743
-0.09789193028743
-0.097346343862501
-0.096808943208586
-0.096279521971028
-0.095757881155866
-0.095243828808168
-0.094737179706453
-0.0942377550723
-0.093745382294314
-0.093259894665661
-0.092781131134433
-0.092308936066141
-0.091843159017695
-0.091383654522241
-0.090930281884272
-0.090482904984495
-0.090041392093899
-0.089605615696573
-0.0891754523208
-0.088750782377996
-0.088331490009098
-0.087917462938007
-0.087508592331732
-0.087104772666885
-0.086705901602215
-0.086311879856866
-0.085922611094081
-0.085538001810073
-0.085157961227806
-0.08478240119545
-0.08441123608927
-0.084044382720742
-0.083681760247682
-0.083323290089193
-0.082968895844258
-0.082618503213783
-0.082272039925947
-0.081929435664684
-0.081590622001161
-0.081255532328099
-0.080924101796821
-0.080596267256883
-0.080271967198169
-0.079951141695354
-0.079633732354605
-0.079319682262425
-0.079008935936553
-0.078701439278806
-0.078397139529793
-0.078095985225409
-0.077797926155034
-0.077502913321351
-0.077210898901728
-0.07692183621108
-0.076635679666151
-0.076352384751158
-0.076071907984733
-0.075794206888111
-0.075519239954504
-0.075246966619616
-0.074977347233252
-0.074710343031966
-0.074445916112712
-0.074184029407452
-0.073924646658688
-0.073667732395861
-0.073413251912609
-0.073161171244826
-0.072911457149491
-0.072664077084254
-0.072418999187728
-0.072176192260464
-0.071935625746588
-0.071697269716068
-0.071461094847586
-0.071227072411991
-0.070995174256312
-0.070765372788309
-0.070537640961538
-0.070311952260913
-0.070088280688743
-0.06986660075123
-0.069646887445407
-0.069429116246495
-0.069213263095676
-0.068999304388253
-0.068787216962187
-0.068576978087003
-0.068368565453038
-0.068161957161031
-0.06795713171204
-0.067754067997664
-0.067552745290572
-0.06735314323532
-0.06715524183945
-0.066959021464853
-0.066764462819398
-0.066571546948813
-0.066380255228796
-0.066190569357377
-0.066002471347486
-0.065815943519756
-0.065630968495522
-0.06544752919003
-0.065265608805839
-0.06508519082641
-0.064906259009881
-0.064728797383015
-0.06455279023532
-0.064378222113331
-0.064205077815053
-0.064033342384558
-0.06386300110673
-0.063694039502149
-0.063526443322123
-0.063360198543845
-0.06319529136569
-0.063031708202624
-0.062869435681751
-0.062708460637965
-0.062548770109721
-0.062390351334919
-0.062233191746889
-0.062077278970487
-0.061922600818281
-0.061769145286847
-0.061616900553151
-0.061465854971022
-0.061315997067718
-0.061167315540577
-0.061019799253745
-0.060873437234997
-0.060728218672624
-0.060584132912401
-0.060441169454634
-0.060299317951268
-0.060158568203071
-0.06001891015689
-0.059880333902957
-0.059742829672279
-0.059606387834073
-0.059470998893267
-0.059336653488062
-0.05920334238755
-0.059071056489379
-0.058939786817483
-0.058809524519857
-0.058680260866383
-0.058551987246708
-0.058424695168165
-0.05829837625375
-0.058173022240131
-0.058048624975708
-0.057925176418721
-0.05780266863539
-0.0576810937981
-0.057560444183623
-0.057440712171387
-0.057321890241768
-0.057203970974433
-0.057086947046706
-0.056970811231977
-0.056855556398145
-0.056741175506084
-0.05662766160815
-0.056515007846719
-0.056403207452754
-0.056292253744396
-0.056182140125591
-0.056072860084743
-0.055964407193392
-0.055856775104924
-0.055749957553301
-0.055643948351819
-0.055538741391894
-0.055434330641866
-0.055330710145831
-0.055227874022496
-0.055125816464056
-0.055024531735088
-0.054924014171477
-0.054824258179352
-0.054725258234049
-0.054627008879094
-0.054529504725202
-0.054432740449295
-0.054336710793546
-0.054241410564429
-0.054146834631799
-0.05405297792798
-0.053959835446877
-0.053867402243099
-0.053775673431102
-0.053684644184346
-0.053594309734467
-0.053504665370468
-0.05341570643792
-0.05332742833818
-0.053239826527623
-0.053152896516888
-0.053066633870136
-0.052981034204325
-0.052896093188493
-0.052811806543057
-0.052728170039126
-0.052645179497821
-0.052562830789611
-0.052481119833663
-0.052400042597192
-0.052319595094841
-0.052239773388052
-0.052160573584463
-0.052081991837307
-0.052004024344825
-0.051926667349686
-0.051849917138423
-0.051773770040872
-0.051698222429624
-0.051623270719483
-0.051548911366941
-0.051475140869652
-0.051401955765923
-0.051329352634205
-0.051257328092604
-0.051185878798389
-0.051115001447517
-0.051044692774156
-0.050974949550228
-0.05090576858495
-0.050837146724386
-0.050769080851008
-0.050701567883262
-0.050634604775139
-0.050568188515759
-0.050502316128958
-0.050436984672881
-0.050372191239582
-0.050307932954634
-0.05024420697674
-0.050181010497354
-0.050118340740309
-0.050056194961444
-0.049994570448244
-0.049933464519488
-0.049872874524892
-0.049812797844768
-0.049753231889682
-0.049694174100121
-0.049635621946165
-0.049577572927163
-0.049520024571412
-0.049462974435847
-0.049406420105732
-0.049350359194354
-0.049294789342725
-0.04923970821929
-0.049185113519635
-0.049131002966202
-0.049077374308011
-0.04902422532038
-0.048971553804658
-0.048919357587951
-0.048867634522865
-0.048816382487244
-0.048765599383912
-0.048715283140428
-0.048665431708831
-0.048616043065404
-0.048567115210429
-0.048518646167952
-0.048470633985552
-0.048423076734113
-0.048375972507595
-0.048329319422816
-0.048283115619233
-0.048237359258724
-0.048192048525383
-0.048147181625304
-0.048102756786381
-0.048058772258107
-0.048015226311372
-0.047972117238267
-0.047929443351896
-0.047887202986181
-0.047845394495681
-0.047804016255403
-0.047763066660625
-0.047722544126715
-0.04768244708896
-0.047642774002389
-0.047603523341606
-0.047564693600623
-0.047526283292692
-0.047488290950149
-0.047450715124251
-0.047413554385019
-0.047376807321084
-0.047340472539538
-0.047304548665782
-0.047269034343377
-0.047233928233905
-0.047199229016821
-0.047164935389317
-0.047131046066181
-0.047097559779664
-0.047064475279347
-0.047031791332005
-0.046999506721485
-0.046967620248575
-0.046936130730877
-0.046905037002689
-0.046874337914885
-0.046844032334788
-0.046814119146064
-0.046784597248598
-0.04675546555839
-0.046726723007434
-0.04669836854362
-0.046670401130617
-0.046642819747775
-0.046615623390018
-0.046588811067741
-0.046562381806715
-0.046536334647986
-0.046510668647777
-0.046485382877396
-0.046460476423143
-0.046435948386218
-0.046411797882631
-0.046388024043116
-0.046364626013043
-0.046341602952333
-0.046318954035376
-0.046296678450953
-0.046274775402147
-0.046253244106276
-0.046232083794807
-0.046211293713285
-0.04619087312126
-0.046170821292213
-0.046151137513486
-0.046131821086211
-0.046112871325245
-0.046094287559102
-0.04607606912989
-0.046058215393243
-0.046040725718264
-0.046023599487461
-0.04600683609669
-0.045990434955093
-0.045974395485047
-0.045958717122105
-0.045943399314943
-0.045928441525306
-0.04591384322796
-0.045899603910639
-0.045885723073999
-0.045872200231566
-0.045859034909698
-0.045846226647529
-0.045833774996937
-0.045821679522493
-0.045809939801425
-0.045798555423576
-0.045787525991366
-0.045776851119753
-0.045766530436202
-0.045756563580643
-0.045746950205442
-0.045737689975369
-0.045728782567562
-0.045720227671501
-0.04571202498898
-0.045704174234074
-0.045696675133119
-0.045689527424678
-0.045682730859529
-0.045676285200628
-0.045670190223098
-0.045664445714202
-0.045659051473328
-0.045654007311965
-0.04564931305369
-0.045644968534151
-0.045640973601049
-0.04563732811413
-0.045634031945164
-0.045631084977941
-0.045628487108257
-0.045626238243903
-0.04562433830466
-0.045622787222289
-0.045621584940528
-0.045620731415083
-0.045620226613628
-0.045620070515799
-0.045620263113194
-0.045620804409375
-0.045621694419864
-0.045622933172144
-0.045624520705671
-0.045626457071865
-0.045628742334126
-0.045631376567834
-0.045634359860358
-0.045637692311064
-0.045641374031326
-0.045645405144536
-0.045649785786115
-0.045654516103525
-0.045659596256286
-0.04566502641599
-0.045670806766315
-0.045676937503047
-0.045683418834093
-0.045690250979506
-0.045697434171503
-0.045704968654488
-0.045712854685073
-0.045721092532107
-0.045729682476697
-0.045738624812236
-0.045747919844433
-0.04575756789134
-0.04576756928338
-0.045777924363386
-0.045788633486623
-0.045799697020831
-0.045811115346257
-0.045822888855688
-0.045835017954494
-0.045847503060661
-0.045860344604837
-0.045873543030367
-0.045887098793342
-0.045901012362635
-0.045915284219954
-0.045929914859881
-0.045944904789927
-0.045960254530572
-0.045975964615323
-0.045992035590761
-0.046008468016596
-0.046025262465719
-0.04604241952426
-0.04605993979164
-0.046077823880636
-0.046096072417436
-0.0461146860417
-0.046133665406623
-0.046153011179
-0.04617272403929
-0.046192804681681
-0.046213253814161
-0.046234072158586
-0.04625526045075
-0.046276819440458
-0.046298749891603
-0.046321052582237
-0.046343728304648
-0.046366777865444
-0.046390202085626
-0.046414001800677
-0.046438177860636
-0.046462731130192
-0.046487662488767
-0.046512972830601
-0.046538663064846
-0.046564734115656
-0.046591186922281
-0.046618022439161
-0.04664524163602
-0.046672845497971
-0.04670083502561
-0.04672921123512
-0.046757975158376
-0.046787127843049
-0.046816670352715
-0.046846603766961
-0.046876929181501
-0.046907647708285
-0.046938760475617
-0.046970268628271
-0.047002173327609
-0.047034475751703
-0.047067177095459
-0.047100278570741
-0.047133781406501
-0.047167686848902
-0.047201996161457
-0.047236710625159
-0.047271831538617
-0.047307360218197
-0.047343297998156
-0.047379646230795
-0.047416406286593
-0.047453579554363
-0.047491167441399
-0.047529171373626
-0.047567592795759
-0.047606433171456
-0.047645693983483
-0.047685376733872
-0.047725482944086
-0.047766014155191
-0.047806971928021
-0.047848357843356
-0.047890173502092
-0.047932420525425
-0.047975100555032
-0.04801821525325
-0.048061766303269
-0.048105755409321
-0.048150184296871
-0.048195054712815
-0.048240368425678
-0.048286127225821
-0.04833233292564
-0.048378987359779
-0.048426092385344
-0.048473649882114
-0.048521661752762
-0.048570129923081
-0.048619056342204
-0.048668442982837
-0.048718291841493
-0.048768604938728
-0.048819384319379
-0.048870632052813
-0.048922350233171
-0.048974540979625
-0.04902720643663
-0.049080348774185
-0.049133970188101
-0.049188072900264
-0.049242659158913
-0.049297731238914
-0.049353291442042
-0.04940934209727
-0.049465885561054
-0.049522924217635
-0.049580460479335
-0.049638496786862
-0.049697035609619
-0.049756079446023
-0.049815630823819
-0.049875692300411
-0.049936266463184
-0.049997355929849
-0.050058963348775
-0.050121091399342
-0.05018374279229
-0.050246920270077
-0.050310626607241
-0.050374864610775
-0.050439637120494
-0.050504947009426
-0.050570797184192
-0.050637190585404
-0.050704130188067
-0.050771619001983
-0.050839660072168
-0.050908256479272
-0.050977411340005
-0.051047127807578
-0.051117409072137
-0.051188258361221
-0.051259678940213
-0.05133167411281
-0.051404247221493
-0.051477401648009
-0.051551140813857
-0.051625468180792
-0.051700387251325
-0.051775901569239
-0.051852014720114
-0.051928730331857
-0.052006052075246
-0.052083983664477
-0.05216252885773
-0.052241691457733
-0.052321475312348
-0.052401884315157
-0.052482922406064
-0.052564593571906
-0.052646901847076
-0.052729851314155
-0.052813446104557
-0.052897690399184
-0.052982588429093
-0.053068144476178
-0.053154362873858
-0.053241248007786
-0.053328804316562
-0.053417036292463
-0.053505948482191
-0.053595545487625
-0.053685831966593
-0.05377681263366
-0.053868492260926
-0.05396087567884
-0.05405396777703
-0.054147773505149
-0.054242297873737
-0.054337545955098
-0.054433522884195
-0.054530233859558
-0.054627684144217
-0.054725879066647
-0.054824824021733
-0.054924524471752
-0.055024985947376
-0.055126214048697
-0.055228214446266
-0.055330992882155
-0.055434555171045
-0.055538907201328
-0.055644054936232
-0.055750004414975
-0.055856761753937
-0.055964333147854
-0.056072724871042
-0.05618194327864
-0.056291994807881
-0.056402885979393
-0.056514623398517
-0.056627213756665
-0.056740663832694
-0.056854980494318
-0.056970170699545
-0.057086241498145
-0.057203200033149
-0.057321053542384
-0.057439809360033
-0.057559474918235
-0.05768005774872
-0.057801565484473
-0.057924005861441
-0.058047386720276
-0.058171716008113
-0.058297001780392
-0.058423252202715
-0.058550475552756
-0.058678680222195
-0.058807874718716
-0.05893806766804
-0.059069267815998
-0.059201484030672
-0.05933472530456
-0.059469000756815
-0.059604319635518
-0.059740691320013
-0.0598781253233
-0.060016631294476
-0.060156219021239
-0.060296898432454
-0.060438679600776
-0.060581572745341
-0.060725588234519
-0.060870736588737
-0.06101702848337
-0.061164474751703
-0.06131308638797
-0.061462874550465
-0.061613850564733
-0.061766025926842
-0.061919412306741
-0.062074021551696
-0.062229865689823
-0.062386956933708
-0.062545307684122
-0.062704930533832
-0.062865838271518
-0.063028043885784
-0.063191560569284
-0.063356401722957
-0.063522580960371
-0.063690112112191
-0.063859009230767
-0.064029286594842
-0.064200958714401
-0.064374040335644
-0.064548546446103
-0.0647244922799
-0.064901893323156
-0.065080765319551
-0.065261124276042
-0.065442986468754
-0.065626368449023
-0.065811287049634
-0.065997759391231
-0.066185802888914
-0.066375435259037
-0.066566674526206
-0.066759539030483
-0.066954047434813
-0.067150218732668
-0.067348072255935
-0.06754762768303
-0.06774890504728
-0.067951924745549
-0.068156707547144
-0.068363274602995
-0.068571647455124
-0.068781848046421
-0.068993898730724
-0.069207822283228
-0.06942364191123
-0.069641381265222
-0.069861064450348
-0.070082716038236
-0.070306361079223
-0.070532025114991
-0.070759734191617
-0.070989514873072
-0.071221394255173
-0.071455399980012
-0.071691560250877
-0.071929903847694
-0.072170460143001
-0.072413259118479
-0.072658331382068
-0.07290570818568
-0.073155421443555
-0.073407503751257
-0.073661988405368
-0.073918909423885
-0.074178301567363
-0.074440200360839
-0.074704642116543
-0.07497166395748
-0.075241303841862
-0.075513600588481
-0.075788593903018
-0.076066324405366
-0.076346833657984
-0.076630164195351
-0.076916359554546
-0.077205464307022
-0.07749752409162
-0.077792585648884
-0.078090696856724
-0.078391906767504
-0.078696265646613
-0.079003825012586
-0.079314637678844
-0.079628757797143
-0.079946240902796
-0.080267143961751
-0.080591525419633
-0.080919445252818
-0.081250965021648
-0.081586147925899
-0.081925058862584
-0.082267764486237
-0.08261433327177
-0.082964835580052
-0.083319343726323
-0.083677932051603
-0.084040676997231
-0.084407657182694
-0.084778953486915
-0.085154649133172
-0.085534829777826
-0.085919583603073
-0.08630900141389
-0.086703176739437
-0.087102205939099
-0.087506188313453
-0.087915226220379
-0.088329425196618
-0.088748894085045
-0.089173745167966
-0.089604094306762
-0.090040061088228
-0.090481768977956
-0.090929345481148
-0.091382922311278
-0.091842635567014
-0.092308625917867
-0.092781038799058
-0.093260024616102
-0.093745738959662
-0.09423834283126
-0.094738002880444
-0.095244891654083
-0.095759187858471
-0.096281076634992
-0.096810749850118
-0.097348406400596
-0.09789425253469
-0.098448502190454
-0.099011377352022
-0.099583108425008
-0.10016393463216
-0.10075410443046
-0.10135387595106
-0.10196351746333
-0.10258330786461
-0.10321353719712
-0.10385450719398
-0.10450653185576
-0.1051699380599
-0.10584506620476
-0.10653227089076
-0.10723192164072
-0.10794440366222
-0.10867011865446
-0.10940948566272
-0.11016294198336
-0.11093094412293
-0.11171396881477
-0.1125125140971
-0.1133271004567
-0.11415827204266
-0.1150065979549
-0.11587267361277
-0.11675712220909
-0.1176605962557
-0.11858377922701
-0.11952738730823
-0.12049217125601
-0.12147891837941
-0.12248845464981
-0.12352164694936
-0.12457940546779
-0.12566268625883
-0.12677249396789
-0.12790988474381
-0.12907596934862
-0.13027191648034
-0.13149895632493
-0.13275838435529
-0.13405156539615
-0.13537993797595
-0.13674501898806
-0.13814840868595
-0.13959179603904
-0.14107696447824
-0.14260579806274
-0.14418028810271
-0.14580254027518
-0.14747478227443
-0.14919937204136
-0.15097880662084
-0.15281573170061
-0.15471295188986
-0.15667344180191
-0.15870035801065
-0.16079705195801
-0.16296708389636
-0.16521423795863
-0.16754253845777
-0.16995626752709
-0.17245998422472
-0.17505854523724
-0.17775712733183
-0.18056125172117
-0.18347681052272
-0.18651009551253
-0.18966782939521
-0.19295719983485
-0.19638589651807
-0.19996215154949
-0.20369478351263
-0.20759324556578
-0.21166767798302
-0.21592896559662
-0.22038880064787
-0.22505975161129
-0.22995533862133
-0.23509011620323
-0.24047976409119
-0.24614118700878
-0.25209262438929
-0.25835377113063
-0.26494591061024
-0.27189206133358
-0.2792171387574
-0.286948134018
-0.29511431150902
-0.30374742749579
-0.31288197222837
-0.32255543832738
-0.33280861857084
-0.34368593661309
-0.35523581462429
-0.36751108236048
-0.3805694327675
-0.39447392989895
-0.40929357570048
-0.42510394309427
-0.44198788380533
-0.46003632052326
-0.47934913431241
-0.50003615969371
