-9.55343 3.58723e-10 0.893148
-8.73344 -7.4893e-09 0.746832
-8.04314 6.59887e-08 0.63376
-7.45398 -3.15031e-07 0.544569
-6.9452 8.52727e-07 0.472977
-6.50139 -1.15849e-06 0.414639
-6.11084 1.66222e-07 0.366474
-5.76448 1.39941e-06 0.326247
-5.4552 -5.12889e-07 0.292304
-5.17735 -1.81547e-06 0.263401
-4.92636 1.01074e-07 0.238587
-4.6985 3.19494e-06 0.217125
-4.49072 1.68212e-06 0.198439
-4.30046 -4.63761e-06 0.182068
-4.12561 -1.81336e-07 0.167647
-3.96435 4.9511e-05 0.154876
-3.81515 0.00018293 0.143513
-3.67671 0.000449203 0.133359
-3.54791 0.000887655 0.124249
-3.42776 0.00153881 0.116043
-3.31543 0.00242478 0.108626
-3.21017 0.00356291 0.1019
-3.11133 0.00495674 0.0957816
-3.01834 0.00660921 0.0902
-2.93069 0.0085166 0.085094
-2.84794 0.0106776 0.0804111
-2.76968 0.0130912 0.0761058
-2.69556 0.0157432 0.0721386
-2.62525 0.0186385 0.068475
-2.55847 0.0217749 0.0650848
-2.49496 0.0251363 0.0619414
-2.43447 0.0287287 0.0590214
-2.37681 0.0325428 0.0563042
-2.32177 0.0365689 0.0537715
-2.26918 0.040802 0.0514068
-2.21888 0.0452369 0.0491957
-2.17072 0.0498556 0.047125
-2.12457 0.0546502 0.0451833
-2.0803 0.0596098 0.04336
-2.03779 0.0647235 0.0416456
-1.99696 0.0699735 0.0400317
-1.95769 0.0753517 0.0385105
-1.91989 0.080843 0.0370751
-1.8835 0.0864339 0.0357191
-1.84842 0.0921108 0.0344369
-1.81459 0.0978577 0.033223
-1.78194 0.103662 0.0320729
-1.75041 0.109519 0.030982
-1.71995 0.115394 0.0299465
-1.69049 0.121289 0.0289625
-1.662 0.127192 0.0280267
-1.63442 0.133086 0.0271361
-1.60771 0.138958 0.0262878
-1.58182 0.144797 0.0254791
-1.55673 0.150583 0.0247077
-1.53239 0.156333 0.0239711
-1.50877 0.162005 0.0232675
-1.48584 0.167608 0.0225949
-1.46357 0.173114 0.0219513
-1.44192 0.178546 0.0213353
-1.42088 0.183854 0.0207453
-1.40042 0.189073 0.0201798
-1.38051 0.194154 0.0196374
-1.36113 0.199118 0.019117
-1.34227 0.203953 0.0186174
-1.32389 0.208651 0.0181374
-1.30598 0.213208 0.0176761
-1.28853 0.217624 0.0172325
-1.27151 0.221899 0.0168057
-1.25491 0.225994 0.0163948
-1.23871 0.229941 0.0159992
-1.2229 0.233735 0.015618
-1.20747 0.237367 0.0152505
-1.19239 0.240833 0.0148962
-1.17767 0.244134 0.0145543
-1.16328 0.247272 0.0142243
-1.14922 0.250263 0.0139057
-1.13546 0.253064 0.0135979
-1.12201 0.255688 0.0133005
-1.10886 0.258184 0.0130129
-1.09598 0.260491 0.0127349
-1.08338 0.262631 0.0124659
-1.07105 0.264605 0.0122055
-1.05897 0.266414 0.0119535
-1.04714 0.268049 0.0117094
-1.03555 0.269508 0.0114729
-1.02419 0.270847 0.0112437
-1.01305 0.272003 0.0110215
-1.00214 0.273018 0.0108061
-0.99144 0.273852 0.0105971
-0.980944 0.274531 0.0103943
-0.970648 0.275064 0.0101974
-0.960546 0.27543 0.0100063
-0.950633 0.275652 0.0098207
-0.940902 0.275722 0.0096404
-0.931349 0.275635 0.00946519
-0.921969 0.275413 0.00929488
-0.912757 0.275009 0.00912931
-0.903708 0.274499 0.00896829
-0.894818 0.273849 0.00881166
-0.886083 0.273067 0.00865925
-0.877498 0.272151 0.00851093
-0.869059 0.271104 0.00836654
-0.860763 0.269951 0.00822596
-0.852605 0.268679 0.00808903
-0.844583 0.267272 0.00795565
-0.836692 0.265744 0.00782569
-0.82893 0.264146 0.00769903
-0.821293 0.262387 0.00757556
-0.813777 0.260577 0.00745518
-0.806381 0.258636 0.00733779
-0.7991 0.256632 0.00722328
-0.791933 0.254542 0.00711156
-0.784876 0.252358 0.00700255
-0.777927 0.25012 0.00689616
-0.771082 0.247796 0.0067923
-0.764341 0.245428 0.00669089
-0.757699 0.242993 0.00659186
-0.751156 0.240501 0.00649514
-0.744708 0.238005 0.00640065
-0.738353 0.235414 0.00630833
-0.73209 0.232776 0.00621811
-0.725916 0.230179 0.00612992
-0.719829 0.227491 0.00604371
-0.713828 0.224781 0.00595942
-0.70791 0.222048 0.00587699
-0.702073 0.219321 0.00579637
-0.696316 0.216596 0.0057175
-0.690637 0.213857 0.00564034
-0.685034 0.21115 0.00556484
-0.679507 0.2084 0.00549094
-0.674052 0.205682 0.00541861
-0.668669 0.202977 0.0053478
-0.663355 0.200287 0.00527847
-0.658111 0.197553 0.00521057
-0.652934 0.195004 0.00514408
-0.647822 0.192375 0.00507894
-0.642775 0.189791 0.00501513
-0.637791 0.187269 0.0049526
-0.632869 0.184773 0.00489134
-0.628008 0.182298 0.00483129
-0.623206 0.179898 0.00477243
-0.618463 0.177535 0.00471473
-0.613776 0.175211 0.00465815
-0.609146 0.17295 0.00460268
-0.60457 0.170752 0.00454827
-0.600049 0.168538 0.00449491
-0.59558 0.166511 0.00444257
-0.591163 0.16442 0.00439122
-0.586797 0.162521 0.00434084
-0.582481 0.160624 0.0042914
-0.578214 0.158793 0.00424288
-0.573995 0.157 0.00419525
-0.569823 0.155342 0.0041485
-0.565697 0.153721 0.00410261
-0.561617 0.152178 0.00405755
-0.557582 0.150706 0.0040133
-0.55359 0.149308 0.00396985
-0.549642 0.148003 0.00392718
-0.545735 0.146748 0.00388526
-0.541871 0.145586 0.00384408
-0.538047 0.144526 0.00380363
-0.534263 0.143493 0.00376388
-0.530519 0.142573 0.00372482
-0.526813 0.141817 0.00368644
-0.523146 0.140961 0.00364871
-0.519515 0.140281 0.00361163
-0.515922 0.139678 0.00357518
-0.512365 0.139163 0.00353935
-0.508843 0.138729 0.00350411
-0.505356 0.138389 0.00346947
-0.501904 0.138114 0.0034354
-0.498485 0.137932 0.0034019
-0.4951 0.137835 0.00336894
-0.491747 0.137914 0.00333653
-0.488426 0.137886 0.00330464
-0.485137 0.138034 0.00327328
-0.48188 0.138267 0.00324241
-0.478652 0.138581 0.00321204
-0.475455 0.138977 0.00318216
-0.472288 0.139455 0.00315275
-0.469149 0.140015 0.00312381
-0.46604 0.140657 0.00309532
-0.462959 0.141375 0.00306728
-0.459905 0.142171 0.00303967
-0.456879 0.143046 0.00301249
-0.45388 0.143998 0.00298573
-0.450907 0.14503 0.00295938
-0.447961 0.146136 0.00293344
-0.44504 0.147357 0.00290789
-0.442145 0.148577 0.00288272
-0.439275 0.149896 0.00285794
-0.436429 0.151301 0.00283352
-0.433607 0.152776 0.00280947
-0.43081 0.154313 0.00278578
-0.428036 0.155808 0.00276244
-0.425285 0.157588 0.00273944
-0.422557 0.159329 0.00271678
-0.419851 0.161118 0.00269446
-0.417168 0.163013 0.00267245
-0.414506 0.164931 0.00265077
-0.411866 0.166919 0.00262939
-0.409247 0.16898 0.00260833
-0.406649 0.171081 0.00258756
-0.404072 0.173229 0.00256709
-0.401515 0.175444 0.00254691
-0.398978 0.177711 0.00252701
-0.396461 0.18001 0.0025074
-0.393963 0.182378 0.00248806
-0.391484 0.18479 0.00246899
-0.389025 0.18723 0.00245018
-0.386584 0.189721 0.00243163
-0.384161 0.192257 0.00241334
-0.381757 0.194824 0.0023953
-0.379371 0.197425 0.00237751
-0.377002 0.200068 0.00235995
-0.374651 0.202738 0.00234264
-0.372317 0.205434 0.00232556
-0.369999 0.20816 0.00230871
-0.367699 0.210913 0.00229208
-0.365415 0.213688 0.00227568
-0.363148 0.21635 0.00225949
-0.360896 0.219297 0.00224352
-0.35866 0.222128 0.00222776
-0.35644 0.224972 0.00221221
-0.354236 0.227833 0.00219686
-0.352047 0.230694 0.00218172
-0.349872 0.233573 0.00216676
-0.347713 0.236446 0.00215201
-0.345568 0.239322 0.00213744
-0.343438 0.242269 0.00212306
-0.341322 0.245084 0.00210887
-0.33922 0.247958 0.00209485
-0.337132 0.250832 0.00208102
-0.335058 0.253696 0.00206736
-0.332997 0.256545 0.00205387
-0.33095 0.259392 0.00204056
-0.328916 0.262205 0.00202741
-0.326895 0.265007 0.00201442
-0.324887 0.267806 0.0020016
-0.322892 0.270564 0.00198894
-0.320909 0.273305 0.00197644
-0.318939 0.276022 0.00196408
-0.316981 0.278711 0.00195189
-0.315035 0.281372 0.00193984
-0.313101 0.284029 0.00192794
-0.311179 0.286589 0.00191618
-0.309269 0.289151 0.00190457
-0.30737 0.291676 0.0018931
-0.305483 0.294155 0.00188177
-0.303606 0.296601 0.00187057
-0.301741 0.299 0.00185951
-0.299887 0.301357 0.00184858
-0.298044 0.303695 0.00183779
-0.296212 0.305924 0.00182712
-0.29439 0.308138 0.00181658
-0.292578 0.310306 0.00180616
-0.290777 0.31242 0.00179587
-0.288987 0.314484 0.0017857
-0.287206 0.316492 0.00177565
-0.285435 0.318448 0.00176571
-0.283675 0.320341 0.0017559
-0.281923 0.322186 0.00174619
-0.280182 0.323972 0.0017366
-0.27845 0.325694 0.00172713
-0.276728 0.327377 0.00171776
-0.275015 0.328983 0.0017085
-0.273311 0.33052 0.00169934
-0.271616 0.332064 0.0016903
-0.26993 0.333427 0.00168135
-0.268253 0.334791 0.00167251
-0.266585 0.336087 0.00166377
-0.264926 0.337323 0.00165513
-0.263275 0.338504 0.00164659
-0.261632 0.339612 0.00163814
-0.259998 0.340661 0.00162979
-0.258373 0.341643 0.00162154
-0.256755 0.34257 0.00161337
-0.255146 0.343433 0.0016053
-0.253545 0.344234 0.00159732
-0.251951 0.344968 0.00158943
-0.250366 0.345638 0.00158163
-0.248788 0.346269 0.00157391
-0.247218 0.346819 0.00156628
-0.245655 0.347323 0.00155874
-0.2441 0.347762 0.00155128
-0.242553 0.348149 0.0015439
-0.241012 0.348477 0.0015366
-0.239479 0.348746 0.00152939
-0.237954 0.348967 0.00152225
-0.236435 0.349136 0.00151519
-0.234923 0.349236 0.00150821
-0.233418 0.349321 0.00150131
-0.231921 0.349338 0.00149448
-0.230429 0.349309 0.00148773
-0.228945 0.34924 0.00148105
-0.227467 0.349131 0.00147444
-0.225996 0.348974 0.0014679
-0.224531 0.348784 0.00146144
-0.223073 0.348557 0.00145504
-0.221621 0.348294 0.00144872
-0.220176 0.348005 0.00144246
-0.218736 0.347683 0.00143627
-0.217303 0.347327 0.00143015
-0.215876 0.346938 0.00142409
-0.214455 0.346537 0.0014181
-0.21304 0.346123 0.00141218
-0.211631 0.345684 0.00140631
-0.210227 0.345227 0.00140051
-0.20883 0.344637 0.00139477
-0.207438 0.344281 0.0013891
-0.206051 0.343795 0.00138348
-0.204671 0.343305 0.00137793
-0.203295 0.342814 0.00137243
-0.201926 0.342325 0.00136699
-0.200561 0.34184 0.00136161
-0.199202 0.341366 0.00135629
-0.197849 0.340898 0.00135103
-0.1965 0.340446 0.00134582
-0.195157 0.340013 0.00134066
-0.193819 0.339581 0.00133556
-0.192486 0.33921 0.00133052
-0.191158 0.338834 0.00132553
-0.189835 0.338498 0.00132059
-0.188517 0.338195 0.0013157
-0.187203 0.33793 0.00131087
-0.185895 0.337702 0.00130609
-0.184591 0.337505 0.00130135
-0.183292 0.337374 0.00129667
-0.181998 0.337292 0.00129204
-0.180708 0.337251 0.00128746
-0.179423 0.337286 0.00128292
-0.178142 0.337366 0.00127844
-0.176866 0.337501 0.001274
-0.175594 0.337712 0.00126961
-0.174327 0.337994 0.00126526
-0.173064 0.338357 0.00126096
-0.171805 0.338772 0.00125671
-0.17055 0.339274 0.0012525
-0.1693 0.339854 0.00124834
-0.168054 0.340538 0.00124422
-0.166811 0.341292 0.00124015
-0.165573 0.342153 0.00123611
-0.164339 0.343101 0.00123212
-0.163109 0.344129 0.00122818
-0.161883 0.345275 0.00122427
-0.16066 0.346523 0.00122041
-0.159442 0.34787 0.00121659
-0.158227 0.349325 0.00121281
-0.157016 0.350899 0.00120907
-0.155809 0.352574 0.00120537
-0.154606 0.354374 0.00120171
-0.153406 0.356287 0.00119809
-0.152209 0.35832 0.00119451
-0.151017 0.360475 0.00119097
-0.149827 0.362753 0.00118746
-0.148642 0.365156 0.00118399
-0.147459 0.367686 0.00118056
-0.14628 0.370345 0.00117717
-0.145105 0.373137 0.00117382
-0.143933 0.376044 0.0011705
-0.142764 0.3791 0.00116721
-0.141598 0.382285 0.00116397
-0.140436 0.385623 0.00116075
-0.139277 0.389273 0.00115758
-0.138121 0.39268 0.00115444
-0.136968 0.396406 0.00115133
-0.135818 0.400282 0.00114826
-0.134671 0.404288 0.00114522
-0.133528 0.408462 0.00114221
-0.132387 0.41273 0.00113924
-0.131249 0.417159 0.0011363
-0.130114 0.421727 0.0011334
-0.128982 0.426429 0.00113052
-0.127853 0.431291 0.00112768
-0.126727 0.436266 0.00112487
-0.125604 0.441356 0.0011221
-0.124483 0.446602 0.00111935
-0.123365 0.451982 0.00111664
-0.12225 0.457488 0.00111395
-0.121137 0.463127 0.0011113
-0.120027 0.46891 0.00110868
-0.11892 0.474776 0.00110608
-0.117815 0.480802 0.00110352
-0.116712 0.486938 0.00110099
-0.115613 0.493157 0.00109849
-0.114516 0.499536 0.00109601
-0.113421 0.505998 0.00109357
-0.112328 0.512581 0.00109115
-0.111238 0.519259 0.00108877
-0.110151 0.526046 0.00108641
-0.109066 0.532919 0.00108408
-0.107983 0.53987 0.00108177
-0.106902 0.54695 0.0010795
-0.105824 0.554079 0.00107725
-0.104747 0.561296 0.00107503
-0.103674 0.568576 0.00107284
-0.102602 0.575928 0.00107067
-0.101532 0.583313 0.00106853
-0.100465 0.590809 0.00106642
-0.0993993 0.598323 0.00106433
-0.098336 0.605879 0.00106227
-0.0972748 0.613472 0.00106024
-0.0962155 0.621098 0.00105823
-0.0951583 0.628759 0.00105625
-0.094103 0.636419 0.00105429
-0.0930497 0.644088 0.00105236
-0.0919983 0.651768 0.00105046
-0.0909488 0.65944 0.00104858
-0.0899011 0.667112 0.00104672
-0.0888553 0.67475 0.00104489
-0.0878113 0.682354 0.00104308
-0.0867692 0.689902 0.0010413
-0.0857287 0.697443 0.00103954
-0.0846901 0.704906 0.00103781
-0.0836531 0.712312 0.0010361
-0.0826179 0.719641 0.00103441
-0.0815843 0.72689 0.00103275
-0.0805523 0.734047 0.00103111
-0.079522 0.741107 0.00102949
-0.0784933 0.748056 0.0010279
-0.0774662 0.754887 0.00102633
-0.0764407 0.76159 0.00102478
-0.0754167 0.768156 0.00102326
-0.0743941 0.774435 0.00102176
-0.0733731 0.780692 0.00102028
-0.0723536 0.786934 0.00101883
-0.0713355 0.79286 0.00101739
-0.0703188 0.7986 0.00101598
-0.0693035 0.80414 0.00101459
-0.0682896 0.809484 0.00101323
-0.067277 0.814604 0.00101188
-0.0662658 0.819521 0.00101056
-0.0652559 0.824194 0.00100926
-0.0642473 0.82863 0.00100798
-0.0632399 0.832804 0.00100672
-0.0622338 0.836739 0.00100548
-0.0612289 0.840423 0.00100427
-0.0602253 0.843815 0.00100307
-0.0592228 0.846936 0.0010019
-0.0582215 0.849768 0.00100075
-0.0572213 0.852313 0.000999618
-0.0562222 0.854572 0.000998507
-0.0552242 0.856495 0.000997418
-0.0542274 0.858124 0.000996349
-0.0532315 0.859439 0.0009953
-0.0522368 0.860434 0.000994273
-0.051243 0.861104 0.000993265
-0.0502502 0.861449 0.000992278
-0.0492584 0.86147 0.000991311
-0.0482676 0.861145 0.000990364
-0.0472777 0.860519 0.000989438
-0.0462887 0.859544 0.000988531
-0.0453006 0.858243 0.000987645
-0.0443134 0.856613 0.000986778
-0.043327 0.854756 0.000985931
-0.0423415 0.852378 0.000985104
-0.0413568 0.849791 0.000984297
-0.0403729 0.84689 0.000983509
-0.0393898 0.843687 0.000982741
-0.0384074 0.840187 0.000981992
-0.0374258 0.836493 0.000981263
-0.0364449 0.832336 0.000980553
-0.0354647 0.828007 0.000979862
-0.0344852 0.823423 0.000979191
-0.0335063 0.818605 0.000978539
-0.0325281 0.813551 0.000977906
-0.0315505 0.808284 0.000977292
-0.0305735 0.802909 0.000976698
-0.0295971 0.797201 0.000976122
-0.0286212 0.791488 0.000975566
-0.0276459 0.785489 0.000975028
-0.0266712 0.779443 0.000974509
-0.0256969 0.773312 0.000974009
-0.0247231 0.767103 0.000973528
-0.0237498 0.760823 0.000973066
-0.022777 0.754555 0.000972623
-0.0218046 0.748262 0.000972198
-0.0208326 0.741999 0.000971792
-0.019861 0.735767 0.000971405
-0.0188898 0.729622 0.000971036
-0.0179189 0.723594 0.000970686
-0.0169484 0.717677 0.000970354
-0.0159782 0.711907 0.000970041
-0.0150083 0.706315 0.000969747
-0.0140387 0.700933 0.000969471
-0.0130693 0.695763 0.000969214
-0.0121002 0.690848 0.000968975
-0.0111314 0.686209 0.000968754
-0.0101627 0.681856 0.000968552
-0.00919427 0.677815 0.000968368
-0.00822598 0.674107 0.000968203
-0.00725785 0.670747 0.000968056
-0.00628986 0.667742 0.000967928
-0.00532199 0.665138 0.000967818
-0.00435422 0.662907 0.000967726
-0.00338653 0.661007 0.000967653
-0.0024189 0.659683 0.000967598
-0.00145132 0.658694 0.000967561
-0.000483771 0.658023 0.000967543
0.000483771 0.657969 0.000967543
0.00145132 0.658258 0.000967561
0.0024189 0.658968 0.000967598
0.00338653 0.660027 0.000967653
0.00435422 0.661577 0.000967726
0.00532199 0.663587 0.000967818
0.00628986 0.66593 0.000967928
0.00725785 0.668671 0.000968056
0.00822598 0.671773 0.000968203
0.00919427 0.675236 0.000968368
0.0101627 0.679028 0.000968552
0.0111314 0.683155 0.000968754
0.0121002 0.68756 0.000968975
0.0130693 0.692271 0.000969214
0.0140387 0.697219 0.000969471
0.0150083 0.702416 0.000969747
0.0159782 0.707822 0.000970041
0.0169484 0.713409 0.000970354
0.0179189 0.719154 0.000970686
0.0188898 0.725044 0.000971036
0.019861 0.731046 0.000971405
0.0208326 0.737135 0.000971792
0.0218046 0.743292 0.000972198
0.022777 0.74947 0.000972623
0.0237498 0.755668 0.000973066
0.0247231 0.761851 0.000973528
0.0256969 0.767998 0.000974009
0.0266712 0.774083 0.000974509
0.0276459 0.780087 0.000975028
0.0286212 0.785982 0.000975566
0.0295971 0.791857 0.000976122
0.0305735 0.797392 0.000976698
0.0315505 0.802852 0.000977292
0.0325281 0.808133 0.000977906
0.0335063 0.813218 0.000978539
0.0344852 0.818186 0.000979191
0.0354647 0.822732 0.000979862
0.0364449 0.82712 0.000980553
0.0374258 0.831344 0.000981263
0.0384074 0.835125 0.000981992
0.0393898 0.83871 0.000982741
0.0403729 0.842017 0.000983509
0.0413568 0.845017 0.000984297
0.0423415 0.847803 0.000985104
0.043327 0.850106 0.000985931
0.0443134 0.852189 0.000986778
0.0453006 0.853962 0.000987645
0.0462887 0.855401 0.000988531
0.0472777 0.856523 0.000989438
0.0482676 0.85732 0.000990364
0.0492584 0.857779 0.000991311
0.0502502 0.857931 0.000992278
0.051243 0.857755 0.000993265
0.0522368 0.857261 0.000994273
0.0532315 0.856444 0.0009953
0.0542274 0.855326 0.000996349
0.0552242 0.853865 0.000997418
0.0562222 0.852111 0.000998507
0.0572213 0.850056 0.000999618
0.0582215 0.847717 0.00100075
0.0592228 0.845074 0.0010019
0.0602253 0.842133 0.00100307
0.0612289 0.838944 0.00100427
0.0622338 0.835466 0.00100548
0.0632399 0.831727 0.00100672
0.0642473 0.827715 0.00100798
0.0652559 0.823487 0.00100926
0.0662658 0.819001 0.00101056
0.067277 0.814287 0.00101188
0.0682896 0.809355 0.00101323
0.0693035 0.804204 0.00101459
0.0703188 0.798835 0.00101598
0.0713355 0.793275 0.00101739
0.0723536 0.787536 0.00101883
0.0733731 0.781519 0.00102028
0.0743941 0.775556 0.00102176
0.0754167 0.769295 0.00102326
0.0764407 0.76279 0.00102478
0.0774662 0.756376 0.00102633
0.0784933 0.749606 0.0010279
0.079522 0.742934 0.00102949
0.0805523 0.736039 0.00103111
0.0815843 0.72904 0.00103275
0.0826179 0.72195 0.00103441
0.0836531 0.714773 0.0010361
0.0846901 0.70753 0.00103781
0.0857287 0.700187 0.00103954
0.0867692 0.692805 0.0010413
0.0878113 0.685378 0.00104308
0.0888553 0.677903 0.00104489
0.0899011 0.670401 0.00104672
0.0909488 0.662865 0.00104858
0.0919983 0.655326 0.00105046
0.0930497 0.647756 0.00105236
0.094103 0.640188 0.00105429
0.0951583 0.632614 0.00105625
0.0962155 0.625074 0.00105823
0.0972748 0.617533 0.00106024
0.098336 0.610033 0.00106227
0.0993993 0.602546 0.00106433
0.100465 0.595121 0.00106642
0.101532 0.587731 0.00106853
0.102602 0.580395 0.00107067
0.103674 0.573121 0.00107284
0.104747 0.565886 0.00107503
0.105824 0.558733 0.00107725
0.106902 0.551652 0.0010795
0.107983 0.544648 0.00108177
0.109066 0.537726 0.00108408
0.110151 0.530891 0.00108641
0.111238 0.524148 0.00108877
0.112328 0.517499 0.00109115
0.113421 0.510949 0.00109357
0.114516 0.504503 0.00109601
0.115613 0.498162 0.00109849
0.116712 0.491929 0.00110099
0.117815 0.485811 0.00110352
0.11892 0.479809 0.00110608
0.120027 0.473922 0.00110868
0.121137 0.468158 0.0011113
0.12225 0.462516 0.00111395
0.123365 0.456999 0.00111664
0.124483 0.451608 0.00111935
0.125604 0.446346 0.0011221
0.126727 0.441372 0.00112487
0.127853 0.436213 0.00112768
0.128982 0.431347 0.00113052
0.130114 0.426604 0.0011334
0.131249 0.422146 0.0011363
0.132387 0.417544 0.00113924
0.133528 0.413208 0.00114221
0.134671 0.409019 0.00114522
0.135818 0.404953 0.00114826
0.136968 0.401039 0.00115133
0.138121 0.39724 0.00115444
0.139277 0.393593 0.00115758
0.140436 0.390063 0.00116075
0.141598 0.386684 0.00116397
0.142764 0.383417 0.00116721
0.143933 0.380304 0.0011705
0.145105 0.377308 0.00117382
0.14628 0.37444 0.00117717
0.147459 0.371703 0.00118056
0.148642 0.369097 0.00118399
0.149827 0.366613 0.00118746
0.151017 0.36425 0.00119097
0.152209 0.362008 0.00119451
0.153406 0.35989 0.00119809
0.154606 0.35788 0.00120171
0.155809 0.355993 0.00120537
0.157016 0.354218 0.00120907
0.158227 0.352563 0.00121281
0.159442 0.351011 0.00121659
0.16066 0.349563 0.00122041
0.161883 0.348261 0.00122427
0.163109 0.346981 0.00122818
0.164339 0.345839 0.00123212
0.165573 0.344785 0.00123611
0.166811 0.343839 0.00124015
0.168054 0.342983 0.00124422
0.1693 0.342193 0.00124834
0.17055 0.341499 0.0012525
0.171805 0.3409 0.00125671
0.173064 0.340355 0.00126096
0.174327 0.339898 0.00126526
0.175594 0.339524 0.00126961
0.176866 0.339203 0.001274
0.178142 0.338954 0.00127844
0.179423 0.33875 0.00128292
0.180708 0.338635 0.00128746
0.181998 0.338563 0.00129204
0.183292 0.33853 0.00129667
0.184591 0.338573 0.00130135
0.185895 0.338647 0.00130609
0.187203 0.338762 0.00131087
0.188517 0.338788 0.0013157
0.189835 0.339126 0.00132059
0.191158 0.339356 0.00132553
0.192486 0.339613 0.00133052
0.193819 0.339901 0.00133556
0.195157 0.340208 0.00134066
0.1965 0.340539 0.00134582
0.197849 0.340886 0.00135103
0.199202 0.341245 0.00135629
0.200561 0.341627 0.00136161
0.201926 0.341995 0.00136699
0.203295 0.342402 0.00137243
0.204671 0.342798 0.00137793
0.206051 0.343187 0.00138348
0.207438 0.343564 0.0013891
0.20883 0.343963 0.00139477
0.210227 0.344323 0.00140051
0.211631 0.344687 0.00140631
0.21304 0.345049 0.00141218
0.214455 0.345368 0.0014181
0.215876 0.345681 0.00142409
0.217303 0.345994 0.00143015
0.218736 0.346249 0.00143627
0.220176 0.346484 0.00144246
0.221621 0.346698 0.00144872
0.223073 0.346876 0.00145504
0.224531 0.347027 0.00146144
0.225996 0.347168 0.0014679
0.227467 0.347221 0.00147444
0.228945 0.34726 0.00148105
0.230429 0.347265 0.00148773
0.231921 0.347228 0.00149448
0.233418 0.347122 0.00150131
0.234923 0.346999 0.00150821
0.236435 0.346681 0.00151519
0.237954 0.34658 0.00152225
0.239479 0.346288 0.00152939
0.241012 0.345965 0.0015366
0.242553 0.345574 0.0015439
0.2441 0.345136 0.00155128
0.245655 0.34464 0.00155874
0.247218 0.344088 0.00156628
0.248788 0.343487 0.00157391
0.250366 0.342817 0.00158163
0.251951 0.342105 0.00158943
0.253545 0.341311 0.00159732
0.255146 0.340473 0.0016053
0.256755 0.33957 0.00161337
0.258373 0.338614 0.00162154
0.259998 0.337586 0.00162979
0.261632 0.336509 0.00163814
0.263275 0.335364 0.00164659
0.264926 0.334164 0.00165513
0.266585 0.3329 0.00166377
0.268253 0.331577 0.00167251
0.26993 0.330192 0.00168135
0.271616 0.328748 0.0016903
0.273311 0.327242 0.00169934
0.275015 0.32568 0.0017085
0.276728 0.324062 0.00171776
0.27845 0.32238 0.00172713
0.280182 0.320643 0.0017366
0.281923 0.318856 0.00174619
0.283675 0.317 0.0017559
0.285435 0.315109 0.00176571
0.287206 0.313151 0.00177565
0.288987 0.311133 0.0017857
0.290777 0.309281 0.00179587
0.292578 0.30696 0.00180616
0.29439 0.304802 0.00181658
0.296212 0.302589 0.00182712
0.298044 0.300335 0.00183779
0.299887 0.298038 0.00184858
0.301741 0.29569 0.00185951
0.303606 0.293301 0.00187057
0.305483 0.290879 0.00188177
0.30737 0.288418 0.0018931
0.309269 0.285909 0.00190457
0.311179 0.283376 0.00191618
0.313101 0.280803 0.00192794
0.315035 0.278199 0.00193984
0.316981 0.275564 0.00195189
0.318939 0.272938 0.00196408
0.320909 0.270212 0.00197644
0.322892 0.267504 0.00198894
0.324887 0.264769 0.0020016
0.326895 0.26202 0.00201442
0.328916 0.259242 0.00202741
0.33095 0.256462 0.00204056
0.332997 0.253657 0.00205387
0.335058 0.250833 0.00206736
0.337132 0.248029 0.00208102
0.33922 0.2452 0.00209485
0.341322 0.242364 0.00210887
0.343438 0.239528 0.00212306
0.345568 0.236695 0.00213744
0.347713 0.233865 0.00215201
0.349872 0.23102 0.00216676
0.352047 0.228197 0.00218172
0.354236 0.225382 0.00219686
0.35644 0.222573 0.00221221
0.35866 0.219784 0.00222776
0.360896 0.217001 0.00224352
0.363148 0.214236 0.00225949
0.365415 0.211495 0.00227568
0.367699 0.208774 0.00229208
0.369999 0.206075 0.00230871
0.372317 0.203402 0.00232556
0.374651 0.200685 0.00234264
0.377002 0.198144 0.00235995
0.379371 0.195557 0.00237751
0.381757 0.193015 0.0023953
0.384161 0.190394 0.00241334
0.386584 0.188027 0.00243163
0.389025 0.185589 0.00245018
0.391484 0.183202 0.00246899
0.393963 0.180851 0.00248806
0.396461 0.178553 0.0025074
0.398978 0.176299 0.00252701
0.401515 0.174089 0.00254691
0.404072 0.171938 0.00256709
0.406649 0.169838 0.00258756
0.409247 0.167795 0.00260833
0.411866 0.165802 0.00262939
0.414506 0.163873 0.00265077
0.417168 0.161999 0.00267245
0.419851 0.160188 0.00269446
0.422557 0.158444 0.00271678
0.425285 0.156757 0.00273944
0.428036 0.15514 0.00276244
0.43081 0.153587 0.00278578
0.433607 0.152099 0.00280947
0.436429 0.150685 0.00283352
0.439275 0.149338 0.00285794
0.442145 0.148065 0.00288272
0.44504 0.146824 0.00290789
0.447961 0.145734 0.00293344
0.450907 0.144677 0.00295938
0.45388 0.143698 0.00298573
0.456879 0.142795 0.00301249
0.459905 0.141969 0.00303967
0.462959 0.141221 0.00306728
0.46604 0.140552 0.00309532
0.469149 0.139961 0.00312381
0.472288 0.139501 0.00315275
0.475455 0.13902 0.00318216
0.478652 0.138669 0.00321204
0.48188 0.1384 0.00324241
0.485137 0.138212 0.00327328
0.488426 0.138102 0.00330464
0.491747 0.138083 0.00333653
0.4951 0.138215 0.00336894
0.498485 0.138281 0.0034019
0.501904 0.138505 0.0034354
0.505356 0.138805 0.00346947
0.508843 0.139196 0.00350411
0.512365 0.139665 0.00353935
0.515922 0.140218 0.00357518
0.519515 0.140849 0.00361163
0.523146 0.141566 0.00364871
0.526813 0.142361 0.00368644
0.530519 0.143236 0.00372482
0.534263 0.144196 0.00376388
0.538047 0.14523 0.00380363
0.541871 0.146345 0.00384408
0.545735 0.147544 0.00388526
0.549642 0.148814 0.00392718
0.55359 0.150158 0.00396985
0.557582 0.151585 0.0040133
0.561617 0.153081 0.00405755
0.565697 0.154648 0.00410261
0.569823 0.156294 0.0041485
0.573995 0.158014 0.00419525
0.578214 0.159791 0.00424288
0.582481 0.161642 0.0042914
0.586797 0.163559 0.00434084
0.591163 0.165519 0.00439122
0.59558 0.16759 0.00444257
0.600049 0.169693 0.00449491
0.60457 0.171851 0.00454827
0.609146 0.174072 0.00460268
0.613776 0.176358 0.00465815
0.618463 0.178682 0.00471473
0.623206 0.181058 0.00477243
0.628008 0.183483 0.00483129
0.632869 0.185948 0.00489134
0.637791 0.188455 0.0049526
0.642775 0.191003 0.00501513
0.647822 0.193524 0.00507894
0.652934 0.196194 0.00514408
0.658111 0.198834 0.00521057
0.663355 0.201496 0.00527847
0.668669 0.20418 0.0053478
0.674052 0.206881 0.00541861
0.679507 0.209593 0.00549094
0.685034 0.212315 0.00556484
0.690637 0.215038 0.00564034
0.696316 0.21777 0.0057175
0.702073 0.220491 0.00579637
0.70791 0.223208 0.00587699
0.713828 0.225908 0.00595942
0.719829 0.228589 0.00604371
0.725916 0.231246 0.00612992
0.73209 0.233921 0.00621811
0.738353 0.236484 0.00630833
0.744708 0.239036 0.00640065
0.751156 0.241557 0.00649514
0.757699 0.244022 0.00659186
0.764341 0.246443 0.00669089
0.771082 0.248796 0.0067923
0.777927 0.251094 0.00689616
0.784876 0.25332 0.00700255
0.791933 0.255469 0.00711156
0.7991 0.25754 0.00722328
0.806381 0.25953 0.00733779
0.813777 0.26147 0.00745518
0.821293 0.263237 0.00757556
0.82893 0.264947 0.00769903
0.836692 0.266558 0.00782569
0.844583 0.268042 0.00795565
0.852605 0.269431 0.00808903
0.860763 0.270695 0.00822596
0.869059 0.271843 0.00836654
0.877498 0.272865 0.00851093
0.886083 0.273763 0.00865925
0.894818 0.274527 0.00881166
0.903708 0.275131 0.00896829
0.912757 0.275644 0.00912931
0.921969 0.275999 0.00929488
0.931349 0.276178 0.00946519
0.940902 0.276264 0.0096404
0.950633 0.276173 0.0098207
0.960546 0.275905 0.0100063
0.970648 0.275538 0.0101974
0.980944 0.274986 0.0103943
0.99144 0.274286 0.0105971
1.00214 0.27342 0.0108061
1.01305 0.272402 0.0110215
1.02419 0.271213 0.0112437
1.03555 0.269868 0.0114729
1.04714 0.26836 0.0117094
1.05897 0.266692 0.0119535
1.07105 0.26485 0.0122055
1.08338 0.262866 0.0124659
1.09598 0.260687 0.0127349
1.10886 0.258378 0.0130129
1.12201 0.255853 0.0133005
1.13546 0.253214 0.0135979
1.14922 0.250365 0.0139057
1.16328 0.247374 0.0142243
1.17767 0.244215 0.0145543
1.19239 0.240893 0.0148962
1.20747 0.237405 0.0152505
1.2229 0.233759 0.015618
1.23871 0.229959 0.0159992
1.25491 0.226003 0.0163948
1.27151 0.221858 0.0168057
1.28853 0.21759 0.0172325
1.30598 0.213167 0.0176761
1.32389 0.208588 0.0181374
1.34227 0.203876 0.0186174
1.36113 0.199035 0.019117
1.38051 0.194065 0.0196374
1.40042 0.188953 0.0201798
1.42088 0.183734 0.0207453
1.44192 0.178416 0.0213353
1.46357 0.172985 0.0219513
1.48584 0.167463 0.0225949
1.50877 0.161852 0.0232675
1.53239 0.156167 0.0239711
1.55673 0.150427 0.0247077
1.58182 0.144626 0.0254791
1.60771 0.138783 0.0262878
1.63442 0.132901 0.0271361
1.662 0.127004 0.0280267
1.69049 0.121105 0.0289625
1.71995 0.115216 0.0299465
1.75041 0.109331 0.030982
1.78194 0.103483 0.0320729
1.81459 0.0976803 0.033223
1.84842 0.0919361 0.0344369
1.8835 0.0862601 0.0357191
1.91989 0.0806659 0.0370751
1.95769 0.0751748 0.0385105
1.99696 0.069804 0.0400317
2.03779 0.0645472 0.0416456
2.0803 0.0594431 0.04336
2.12457 0.0544852 0.0451833
2.17072 0.049698 0.047125
2.21888 0.0450855 0.0491957
2.26918 0.040655 0.0514068
2.32177 0.0364293 0.0537715
2.37681 0.0324067 0.0563042
2.43447 0.0286047 0.0590214
2.49496 0.0250241 0.0619414
2.55847 0.0216638 0.0650848
2.62525 0.0185402 0.068475
2.69556 0.0156514 0.0721386
2.76968 0.0130053 0.0761058
2.84794 0.0105996 0.0804111
2.93069 0.00844341 0.085094
3.01834 0.00654124 0.0902
3.11133 0.00489544 0.0957816
3.21017 0.00350971 0.1019
3.31543 0.00238034 0.108626
3.42776 0.00150172 0.116043
3.54791 0.000857052 0.124249
3.67671 0.000424299 0.133359
3.81515 0.000165517 0.143513
3.96435 3.94358e-05 0.154876
4.12561 -4.82473e-06 0.167647
4.30046 -7.21082e-06 0.182068
4.49072 1.96763e-06 0.198439
4.6985 4.30582e-06 0.217125
4.92636 6.04206e-07 0.238587
5.17735 -2.05056e-06 0.263401
5.4552 -1.31661e-06 0.292304
5.76448 1.4644e-06 0.326247
6.11084 4.04345e-07 0.366474
6.50139 -8.69975e-07 0.414639
6.9452 3.864e-07 0.472977
7.45398 -6.69485e-08 0.544569
8.04314 -4.326e-10 0.63376
8.73344 1.59694e-09 0.746832
9.55343 -1.4757e-10 0.893148
