-0.49963261916953
-0.47895020283646
-0.45966904103752
-0.44166967618253
-0.42484485659757
-0.40909810271528
-0.3943424586451
-0.38049940356706
-0.36749790109225
-0.35527356786986
-0.34376794538805
-0.33292786118562
-0.32270486762673
-0.31305474804355
-0.3039370814636
-0.29531485834758
-0.28715414079924
-0.27942376159668
-0.27209505715745
-0.26514163020507
-0.25853913846811
-0.2522651062285
-0.24629875595379
-0.24062085760881
-0.23521359355326
-0.2300604372011
-0.22514604384968
-0.22045615228816
-0.2159774959689
-0.21169772267669
-0.20760532176171
-0.20368955811631
-0.19994041217435
-0.19634852529832
-0.19290514999439
-0.18960210446119
-0.186431731035
-0.18338685814433
-0.18046076543036
-0.1776471517282
-0.17494010563726
-0.17233407843892
-0.16982385914526
-0.16740455148571
-0.16507155265867
-0.16282053369255
-0.1606474212771
-0.15854838093911
-0.15651980144949
-0.15455828035936
-0.15266061057283
-0.15082376787254
-0.14904489932216
-0.14732131247666
-0.14565046533764
-0.14402995699642
-0.14245751891267
-0.14093100678084
-0.13944839294078
-0.13800775929245
-0.13660729067805
-0.13524526869802
-0.13392006592966
-0.13263014052007
-0.13137403112712
-0.13015035218406
-0.12895778946563
-0.12779509593484
-0.12666108785137
-0.12555464112388
-0.12447468788989
-0.12342021330801
-0.12239025254836
-0.12138388796829
-0.12040024646098
-0.11943849696593
-0.11849784813057
-0.11757754611338
-0.11667687251937
-0.11579514245945
-0.1149317027258
-0.11408593007584
-0.11325722961798
-0.11244503329274
-0.11164879844324
-0.11086800646943
-0.11010216156096
-0.1093507895037
-0.10861343655541
-0.10788966838631
-0.10717906908047
-0.1064812401945
-0.10579579986975
-0.10512238199507
-0.10446063541683
-0.1038102231935
-0.10317082189197
-0.10254212092323
-0.10192382191498
-0.10131563811896
-0.10071729385097
-0.10012852396163
-0.099549073336039
-0.098978696420656
-0.09841715677577
-0.097864226652102
-0.097319686590095
-0.096783325040579
-0.096254938005579
-0.095734328698084
-0.0952213072197
-0.094715690255141
-0.094217300782616
-0.093725967799174
-0.093241526060183
-0.092763815832128
-0.092292682657969
-0.091827977134373
-0.091369554700126
-0.090917275435124
-0.090471003869337
-0.090030608801201
-0.089595963124917
-0.089166943666158
-0.088743431025738
-0.08832530943079
-0.087912466593057
-0.087504793573914
-0.08710218465574
-0.086704537219321
-0.086311751626944
-0.085923731110889
-0.085540381667035
-0.085161611953295
-0.084787333192653
-0.084417459080531
-0.084051905696293
-0.083690591418646
-0.083333436844751
-0.082980364712856
-0.082631299828267
-0.08228616899248
-0.081944900935336
-0.081607426250028
-0.081273677330828
-0.0809435883134
-0.080617095017561
-0.080294134892388
-0.079974646963539
-0.079658571782702
-0.079345851379038
-0.079036429212566
-0.078730250129355
-0.078427260318465
-0.078127407270555
-0.077830639738058
-0.077536907696882
-0.077246162309538
-0.076958355889653
-0.076673441867793
-0.076391374758533
-0.07611211012874
-0.075835604566987
-0.075561815654068
-0.075290701934564
-0.075022222889403
-0.074756338909384
-0.074493011269621
-0.074232202104858
-0.07397387438564
-0.073717991895274
-0.073464519207581
-0.073213421665377
-0.072964665359675
-0.072718217109566
-0.072474044442757
-0.072232115576736
-0.071992399400548
-0.071754865457149
-0.071519483926313
-0.071286225608091
-0.071055061906768
-0.070825964815336
-0.07059890690043
-0.07037386128773
-0.070150801647813
-0.069929702182422
-0.069710537611151
-0.069493283158531
-0.069277914541487
-0.06906440795718
-0.068852740071188
-0.068642888006044
-0.068434829330098
-0.068228542046698
-0.068024004583688
-0.067821195783193
-0.067620094891706
-0.067420681550438
-0.067222935785952
-0.067026838001048
-0.066832368965901
-0.066639509809453
-0.066448242011022
-0.066258547392157
-0.066070408108706
-0.065883806643095
-0.065698725796821
-0.065515148683145
-0.06533305871997
-0.065152439622924
-0.064973275398607
-0.064795550338033
-0.064619249010227
-0.064444356256006
-0.064270857181903
-0.064098737154263
-0.063927981793485
-0.063758576968408
-0.063590508790848
-0.063423763610269
-0.06325832800859
-0.063094188795123
-0.062931333001642
-0.062769747877568
-0.062609420885285
-0.06245033969556
-0.062292492183091
-0.062135866422154
-0.06198045068236
-0.061826233424523
-0.061673203296619
-0.061521349129853
-0.061370659934817
-0.061221124897739
-0.061072733376834
-0.06092547489873
-0.060779339154986
-0.060634315998696
-0.060490395441173
-0.060347567648708
-0.060205822939412
-0.060065151780132
-0.059925544783436
-0.059786992704677
-0.059649486439117
-0.059513017019129
-0.059377575611456
-0.059243153514538
-0.059109742155903
-0.058977333089617
-0.05884591799379
-0.058715488668152
-0.058586037031667
-0.058457555120218
-0.058330035084339
-0.058203469186997
-0.058077849801431
-0.057953169409034
-0.05782942059729
-0.057706596057751
-0.057584688584068
-0.05746369107006
-0.05734359650783
-0.057224397985923
-0.057106088687527
-0.056988661888711
-0.05687211095671
-0.056756429348239
-0.056641610607845
-0.056527648366312
-0.056414536339085
-0.056302268324729
-0.056190838203431
-0.056080239935536
-0.055970467560101
-0.055861515193502
-0.055753377028052
-0.055646047330665
-0.055539520441535
-0.055433790772861
-0.055328852807581
-0.055224701098152
-0.055121330265339
-0.055018734997048
-0.05491691004717
-0.054815850234457
-0.05471555044142
-0.054616005613256
-0.05451721075679
-0.054419160939445
-0.054321851288232
-0.054225276988766
-0.054129433284296
-0.054034315474763
-0.05393991891587
-0.053846239018181
-0.053753271246234
-0.053661011117669
-0.053569454202385
-0.053478596121704
-0.053388432547562
-0.053298959201706
-0.053210171854922
-0.053122066326264
-0.053034638482314
-0.052947884236444
-0.052861799548104
-0.052776380422117
-0.052691622907994
-0.052607523099262
-0.052524077132804
-0.052441281188214
-0.052359131487166
-0.052277624292795
-0.052196755909089
-0.052116522680299
-0.052036920990356
-0.051957947262301
-0.051879597957726
-0.051801869576232
-0.051724758654888
-0.051648261767711
-0.051572375525151
-0.051497096573583
-0.051422421594823
-0.051348347305637
-0.05127487045727
-0.051201987834982
-0.051129696257593
-0.051057992577038
-0.05098687367793
-0.050916336477132
-0.050846377923338
-0.050776994996659
-0.050708184708225
-0.050639944099788
-0.050572270243332
-0.050505160240699
-0.050438611223211
-0.05037262035131
-0.0503071848142
-0.050242301829495
-0.050177968642874
-0.050114182527749
-0.050050940784932
-0.049988240742308
-0.049926079754525
-0.049864455202675
-0.049803364493995
-0.049742805061562
-0.049682774364006
-0.049623269885216
-0.049564289134062
-0.049505829644115
-0.049447888973379
-0.049390464704022
-0.049333554442116
-0.049277155817382
-0.049221266482936
-0.049165884115045
-0.049111006412887
-0.049056631098309
-0.049002755915599
-0.048949378631256
-0.048896497033768
-0.04884410893339
-0.048792212161932
-0.048740804572546
-0.048689884039518
-0.048639448458069
-0.048589495744152
-0.048540023834256
-0.048491030685219
-0.048442514274035
-0.048394472597674
-0.048346903672895
-0.048299805536076
-0.048253176243035
-0.048207013868859
-0.04816131650774
-0.048116082272807
-0.048071309295967
-0.048026995727747
-0.047983139737136
-0.047939739511439
-0.04789679325612
-0.047854299194661
-0.047812255568418
-0.047770660636478
-0.047729512675524
-0.047688809979696
-0.047648550860461
-0.047608733646481
-0.047569356683488
-0.047530418334156
-0.047491916977979
-0.047453851011152
-0.047416218846451
-0.047379018913118
-0.04734224965675
-0.047305909539184
-0.047269997038389
-0.047234510648363
-0.047199448879022
-0.047164810256104
-0.047130593321063
-0.047096796630976
-0.047063418758439
-0.047030458291481
-0.046997913833467
-0.046965784003007
-0.046934067433867
-0.046902762774888
-0.046871868689891
-0.046841383857603
-0.046811306971569
-0.046781636740078
-0.046752371886078
-0.046723511147108
-0.046695053275215
-0.046666997036889
-0.046639341212985
-0.046612084598656
-0.046585226003287
-0.046558764250424
-0.046532698177714
-0.046507026636836
-0.046481748493443
-0.046456862627101
-0.046432367931229
-0.04640826331304
-0.046384547693489
-0.046361220007215
-0.046338279202487
-0.046315724241155
-0.046293554098598
-0.046271767763675
-0.046250364238674
-0.046229342539273
-0.046208701694486
-0.046188440746624
-0.046168558751254
-0.04614905477715
-0.046129927906263
-0.046111177233675
-0.046092801867561
-0.046074800929158
-0.046057173552725
-0.046039918885511
-0.046023036087723
-0.046006524332492
-0.045990382805842
-0.045974610706665
-0.04595920724669
-0.045944171650454
-0.045929503155281
-0.045915201011252
-0.045901264481187
-0.045887692840615
-0.045874485377761
-0.04586164139352
-0.04584916020144
-0.045837041127702
-0.045825283511106
-0.045813886703052
-0.045802850067526
-0.045792172981088
-0.045781854832857
-0.045771895024498
-0.045762292970217
-0.045753048096743
-0.045744159843328
-0.045735627661732
-0.045727451016223
-0.045719629383564
-0.045712162253017
-0.045705049126331
-0.045698289517747
-0.045691882953992
-0.045685828974278
-0.045680127130307
-0.045674776986268
-0.045669778118841
-0.045665130117203
-0.045660832583029
-0.045656885130498
-0.045653287386302
-0.045650038989651
-0.045647139592285
-0.045644588858478
-0.045642386465053
-0.045640532101393
-0.045639025469451
-0.045637866283767
-0.04563705427148
-0.045636589172344
-0.045636470738746
-0.045636698735719
-0.045637272940968
-0.045638193144884
-0.045639459150563
-0.045641070773833
-0.045643027843274
-0.045645330200239
-0.045647977698884
-0.045650970206187
-0.045654307601979
-0.045657989778973
-0.045662016642786
-0.045666388111975
-0.045671104118064
-0.045676164605578
-0.045681569532074
-0.045687318868174
-0.045693412597604
-0.045699850717223
-0.045706633237067
-0.045713760180381
-0.045721231583662
-0.045729047496696
-0.045737207982602
-0.045745713117871
-0.045754562992412
-0.045763757709595
-0.045773297386295
-0.045783182152942
-0.045793412153565
-0.045803987545843
-0.045814908501153
-0.045826175204621
-0.045837787855177
-0.045849746665604
-0.045862051862594
-0.045874703686804
-0.045887702392914
-0.045901048249678
-0.045914741539991
-0.045928782560946
-0.045943171623892
-0.045957909054502
-0.04597299519283
-0.045988430393385
-0.046004215025186
-0.046020349471838
-0.046036834131596
-0.046053669417437
-0.046070855757129
-0.046088393593303
-0.046106283383528
-0.046124525600388
-0.04614312073155
-0.046162069279851
-0.04618137176337
-0.046201028715511
-0.046221040685082
-0.046241408236381
-0.046262131949275
-0.046283212419292
-0.046304650257702
-0.046326446091606
-0.046348600564028
-0.046371114334006
-0.046393988076679
-0.046417222483388
-0.046440818261767
-0.04646477613584
-0.04648909684612
-0.046513781149709
-0.046538829820397
-0.046564243648768
-0.046590023442302
-0.046616170025482
-0.0466426842399
-0.046669566944366
-0.046696819015021
-0.046724441345446
-0.046752434846778
-0.046780800447826
-0.046809539095183
-0.046838651753353
-0.046868139404865
-0.046898003050398
-0.046928243708902
-0.046958862417731
-0.046989860232762
-0.047021238228529
-0.047052997498354
-0.047085139154477
-0.047117664328194
-0.047150574169995
-0.047183869849697
-0.047217552556589
-0.047251623499575
-0.047286083907314
-0.04732093502837
-0.047356178131363
-0.047391814505112
-0.047427845458795
-0.047464272322097
-0.047501096445375
-0.047538319199808
-0.047575941977565
-0.047613966191965
-0.047652393277643
-0.047691224690717
-0.047730461908961
-0.047770106431974
-0.047810159781356
-0.047850623500885
-0.047891499156698
-0.04793278833747
-0.047974492654601
-0.048016613742399
-0.048059153258274
-0.048102112882929
-0.048145494320553
-0.048189299299015
-0.048233529570073
-0.048278186909568
-0.048323273117632
-0.048368790018898
-0.048414739462708
-0.048461123323329
-0.048507943500168
-0.048555201917993
-0.048602900527155
-0.048651041303812
-0.048699626250161
-0.048748657394668
-0.048798136792302
-0.048848066524775
-0.048898448700782
-0.048949285456248
-0.049000578954572
-0.049052331386885
-0.049104544972297
-0.049157221958163
-0.049210364620341
-0.049263975263459
-0.049318056221182
-0.049372609856491
-0.049427638561952
-0.049483144760007
-0.049539130903247
-0.049595599474711
-0.049652552988175
-0.049709993988445
-0.049767925051668
-0.049826348785626
-0.049885267830056
-0.049944684856958
-0.050004602570916
-0.050065023709422
-0.050125951043201
-0.050187387376549
-0.050249335547665
-0.050311798428999
-0.050374778927596
-0.050438279985447
-0.050502304579853
-0.050566855723783
-0.050631936466244
-0.050697549892654
-0.050763699125225
-0.050830387323344
-0.050897617683966
-0.050965393442013
-0.051033717870772
-0.05110259428231
-0.051172026027885
-0.05124201649837
-0.051312569124681
-0.051383687378211
-0.051455374771273
-0.051527634857549
-0.051600471232542
-0.051673887534046
-0.051747887442609
-0.051822474682016
-0.051897653019771
-0.051973426267591
-0.052049798281911
-0.052126772964388
-0.052204354262422
-0.05228254616968
-0.052361352726634
-0.052440778021104
-0.052520826188809
-0.05260150141393
-0.052682807929684
-0.052764750018903
-0.052847332014626
-0.052930558300702
-0.0530144333124
-0.053098961537032
-0.053184147514588
-0.05326999583838
-0.053356511155697
-0.053443698168473
-0.053531561633968
-0.053620106365458
-0.053709337232941
-0.053799259163855
-0.053889877143805
-0.053981196217311
-0.054073221488563
-0.054165958122193
-0.054259411344062
-0.054353586442064
-0.054448488766936
-0.054544123733097
-0.05464049681949
-0.054737613570452
-0.054835479596593
-0.054934100575693
-0.055033482253621
-0.05513363044527
-0.05523455103551
-0.055336249980158
-0.055438733306975
-0.055542007116674
-0.055646077583959
-0.055750950958572
-0.055856633566378
-0.05596313181046
-0.05607045217224
-0.05617860121263
-0.056287585573199
-0.056397411977368
-0.056508087231636
-0.056619618226826
-0.056732011939361
-0.056845275432564
-0.056959415858
-0.057074440456828
-0.057190356561202
-0.057307171595691
-0.057424893078739
-0.057543528624151
-0.057663085942625
-0.057783572843306
-0.057904997235385
-0.058027367129733
-0.058150690640573
-0.058274975987194
-0.058400231495704
-0.058526465600823
-0.058653686847728
-0.058781903893932
-0.058911125511216
-0.059041360587608
-0.059172618129409
-0.05930490726327
-0.059438237238323
-0.059572617428367
-0.059708057334103
-0.059844566585431
-0.05998215494381
-0.060120832304669
-0.060260608699893
-0.060401494300359
-0.060543499418555
-0.060686634511256
-0.060830910182279
-0.060976337185304
-0.061122926426781
-0.061270688968905
-0.061419636032681
-0.061569779001069
-0.061721129422211
-0.061873699012757
-0.062027499661275
-0.06218254343176
-0.062338842567244
-0.062496409493501
-0.062655256822862
-0.062815397358143
-0.062976844096671
-0.063139610234446
-0.063303709170405
-0.063469154510824
-0.063635960073842
-0.063804139894114
-0.063973708227613
-0.064144679556565
-0.064317068594532
-0.064490890291654
-0.064666159840036
-0.064842892679316
-0.065021104502382
-0.065200811261279
-0.065382029173288
-0.065564774727199
-0.065749064689766
-0.065934916112381
-0.066122346337937
-0.066311373007916
-0.066502014069702
-0.066694287784118
-0.066888212733203
-0.067083807828245
-0.067281092318059
-0.067480085797538
-0.06768080821648
-0.067883279888696
-0.06808752150142
-0.06829355412502
-0.068501399223031
-0.068711078662518
-0.068922614724782
-0.069136030116412
-0.069351347980722
-0.069568591909551
-0.069787785955477
-0.070008954644422
-0.070232122988705
-0.070457316500521
-0.070684561205884
-0.070913883659053
-0.071145310957443
-0.071378870757055
-0.07161459128844
-0.071852501373215
-0.072092630441156
-0.072335008547885
-0.072579666393184
-0.07282663533995
-0.073075947433817
-0.073327635423484
-0.073581732781761
-0.073838273727366
-0.074097293247507
-0.074358827121284
-0.074622911943925
-0.07488958515191
-0.075158885049016
-0.075430850833301
-0.075705522625093
-0.075982941496005
-0.076263149499025
-0.076546189699728
-0.076832106208647
-0.077120944214866
-0.077412750020869
-0.077707571078711
-0.078005456027563
-0.078306454732682
-0.078610618325879
-0.07891799924754
-0.079228651290268
-0.079542629644219
-0.079859990944205
-0.08018079331864
-0.080505096440407
-0.080832961579737
-0.081164451659187
-0.08149963131081
-0.081838566935609
-0.082181326765396
-0.082527980927145
-0.082878601509968
-0.083233262634826
-0.083592040527106
-0.083955013592197
-0.084322262494207
-0.084693870237963
-0.085069922254462
-0.085450506489927
-0.085835713498653
-0.08622563653981
-0.086620371678422
-0.087020017890706
-0.087424677173995
-0.087834454661484
-0.088249458742024
-0.088669801185239
-0.089095597272227
-0.089526965932139
-0.08996402988494
-0.090406915790681
-0.090855754405615
-0.091310680745543
-0.091771834256755
-0.092239358994996
-0.092713403812892
-0.093194122556297
-0.093681674270062
-0.094176223413758
-0.094677940087912
-0.095187000271356
-0.095703586070332
-0.096227885980039
-0.096760095159335
-0.097300415719399
-0.097849057027155
-0.098406236024373
-0.098972177563375
-0.099547114760376
-0.10013128936755
-0.10072495216495
-0.10132836337362
-0.10194179309111
-0.10256552175093
-0.10319984060743
-0.10384505224778
-0.10450147113283
-0.10516942416867
-0.10584925131113
-0.10654130620513
-0.10724595686156
-0.10796358637398
-0.10869459367806
-0.10943939435654
-0.1101984214931
-0.11097212657837
-0.11176098047183
-0.11256547442371
-0.11338612116096
-0.11422345604214
-0.11507803828609
-0.1159504522799
-0.11684130897194
-0.1177512473563
-0.11868093605547
-0.11963107500873
-0.12060239727402
-0.12159567095226
-0.12261170124317
-0.12365133264303
-0.12471545129509
-0.12580498750478
-0.12692091843253
-0.12806427097816
-0.12923612487213
-0.13043761599005
-0.13166993990837
-0.13293435572065
-0.13423219013551
-0.13556484187912
-0.13693378642714
-0.13834058109316
-0.13978687050292
-0.14127439248641
-0.14280498442246
-0.14438059007369
-0.14600326695292
-0.14767519426576
-0.14939868147817
-0.15117617756192
-0.15301028097581
-0.15490375044549
-0.1568595166105
-0.15888069461317
-0.16097059771079
-0.1631327519999
-0.16537091234941
-0.16768907964815
-0.17009151948195
-0.17258278236608
-0.17516772566986
-0.17785153738347
-0.18063976189005
-0.18353832792172
-0.1865535788943
-0.18969230583359
-0.19296178312586
-0.19636980734657
-0.19992473944523
-0.20363555058999
-0.20751187200403
-0.21156404915674
-0.21580320070703
-0.22024128263309
-0.22489115802409
-0.2297666730541
-0.2348827397078
-0.24025542588134
-0.24590205354136
-0.25184130568972
-0.25809334295319
-0.26467993069565
-0.27162457763613
-0.27895268705098
-0.28669172174182
-0.29487138406524
-0.30352381244562
-0.31268379593013
-0.32238900849685
-0.33268026499336
-0.3436018007671
-0.35520157725044
-0.36753161598602
-0.38064836382303
-0.3946130922849
-0.40949233440677
-0.42535836266932
-0.44228971201803
-0.46037175235674
-0.47969731534667
-0.50036738083044
