-9.55343 3.8719e-10 0.893148
-8.73344 -8.89269e-09 0.746832
-8.04314 8.71464e-08 0.63376
-7.45398 -4.73732e-07 0.544569
-6.9452 1.54137e-06 0.472977
-6.50139 -2.96258e-06 0.414639
-6.11084 2.91107e-06 0.366474
-5.76448 -5.62918e-07 0.326247
-5.4552 -5.54509e-07 0.292304
-5.17735 -1.56712e-06 0.263401
-4.92636 9.99232e-07 0.238587
-4.6985 1.90572e-05 0.217125
-4.49072 -3.95111e-06 0.198439
-4.30046 2.75004e-06 0.182068
-4.12561 -5.22154e-06 0.167647
-3.96435 3.74899e-06 0.154876
-3.81515 7.20559e-06 0.143513
-3.67671 -2.40141e-06 0.133359
-3.54791 2.67624e-06 0.124249
-3.42776 -5.74527e-07 0.116043
-3.31543 4.65562e-05 0.108626
-3.21017 -6.16578e-06 0.1019
-3.11133 0.000146223 0.0957816
-3.01834 0.000296347 0.0902
-2.93069 0.000342944 0.085094
-2.84794 0.000430517 0.0804111
-2.76968 0.000318445 0.0761058
-2.69556 0.000275787 0.0721386
-2.62525 -2.6041e-06 0.068475
-2.55847 -1.41558e-06 0.0650848
-2.49496 0.000356665 0.0619414
-2.43447 0.00152687 0.0590214
-2.37681 0.0038925 0.0563042
-2.32177 0.00793296 0.0537715
-2.26918 0.0140383 0.0514068
-2.21888 0.0225899 0.0491957
-2.17072 0.0338982 0.047125
-2.12457 0.0480692 0.0451833
-2.0803 0.0650621 0.04336
-2.03779 0.0846472 0.0416456
-1.99696 0.106379 0.0400317
-1.95769 0.129998 0.0385105
-1.91989 0.154557 0.0370751
-1.8835 0.179329 0.0357191
-1.84842 0.203564 0.0344369
-1.81459 0.226486 0.033223
-1.78194 0.247318 0.0320729
-1.75041 0.265472 0.030982
-1.71995 0.279866 0.0299465
-1.69049 0.290611 0.0289625
-1.662 0.297235 0.0280267
-1.63442 0.299439 0.0271361
-1.60771 0.29741 0.0262878
-1.58182 0.291436 0.0254791
-1.55673 0.281379 0.0247077
-1.53239 0.268056 0.0239711
-1.50877 0.251786 0.0232675
-1.48584 0.232847 0.0225949
-1.46357 0.212268 0.0219513
-1.44192 0.190242 0.0213353
-1.42088 0.167864 0.0207453
-1.40042 0.145125 0.0201798
-1.38051 0.122948 0.0196374
-1.36113 0.101813 0.019117
-1.34227 0.082248 0.0186174
-1.32389 0.0642118 0.0181374
-1.30598 0.0481834 0.0176761
-1.28853 0.0344414 0.0172325
-1.27151 0.0228959 0.0168057
-1.25491 0.0136246 0.0163948
-1.23871 0.00688088 0.0159992
-1.2229 0.00241257 0.015618
-1.20747 0.000145402 0.0152505
-1.19239 -1.4652e-06 0.0148962
-1.17767 0.00177684 0.0145543
-1.16328 0.00523257 0.0142243
-1.14922 0.0101588 0.0139057
-1.13546 0.0166941 0.0135979
-1.12201 0.0239143 0.0133005
-1.10886 0.0319517 0.0130129
-1.09598 0.0405978 0.0127349
-1.08338 0.0508501 0.0124659
-1.07105 0.0610407 0.0122055
-1.05897 0.0716864 0.0119535
-1.04714 0.082424 0.0117094
-1.03555 0.093446 0.0114729
-1.02419 0.104408 0.0112437
-1.01305 0.115556 0.0110215
-1.00214 0.126442 0.0108061
-0.99144 0.137625 0.0105971
-0.980944 0.148938 0.0103943
-0.970648 0.160108 0.0101974
-0.960546 0.171413 0.0100063
-0.950633 0.182892 0.0098207
-0.940902 0.193696 0.0096404
-0.931349 0.205642 0.00946519
-0.921969 0.217887 0.00929488
-0.912757 0.230348 0.00912931
-0.903708 0.243114 0.00896829
-0.894818 0.255869 0.00881166
-0.886083 0.268193 0.00865925
-0.877498 0.281083 0.00851093
-0.869059 0.294295 0.00836654
-0.860763 0.307663 0.00822596
-0.852605 0.320838 0.00808903
-0.844583 0.334669 0.00795565
-0.836692 0.348487 0.00782569
-0.82893 0.363069 0.00769903
-0.821293 0.375785 0.00757556
-0.813777 0.388993 0.00745518
-0.806381 0.402473 0.00733779
-0.7991 0.415281 0.00722328
-0.791933 0.427771 0.00711156
-0.784876 0.440634 0.00700255
-0.777927 0.451374 0.00689616
-0.771082 0.462418 0.0067923
-0.764341 0.473334 0.00669089
-0.757699 0.482407 0.00659186
-0.751156 0.490435 0.00649514
-0.744708 0.497259 0.00640065
-0.738353 0.505138 0.00630833
-0.73209 0.509714 0.00621811
-0.725916 0.513415 0.00612992
-0.719829 0.518096 0.00604371
-0.713828 0.521098 0.00595942
-0.70791 0.52199 0.00587699
-0.702073 0.52201 0.00579637
-0.696316 0.520553 0.0057175
-0.690637 0.518544 0.00564034
-0.685034 0.515031 0.00556484
-0.679507 0.510263 0.00549094
-0.674052 0.504546 0.00541861
-0.668669 0.497673 0.0053478
-0.663355 0.489937 0.00527847
-0.658111 0.480051 0.00521057
-0.652934 0.469729 0.00514408
-0.647822 0.460774 0.00507894
-0.642775 0.44941 0.00501513
-0.637791 0.43677 0.0049526
-0.632869 0.422286 0.00489134
-0.628008 0.410536 0.00483129
-0.623206 0.39467 0.00477243
-0.618463 0.380498 0.00471473
-0.613776 0.366343 0.00465815
-0.609146 0.351139 0.00460268
-0.60457 0.33635 0.00454827
-0.600049 0.319947 0.00449491
-0.59558 0.303486 0.00444257
-0.591163 0.288452 0.00439122
-0.586797 0.272405 0.00434084
-0.582481 0.257413 0.0042914
-0.578214 0.242302 0.00424288
-0.573995 0.225909 0.00419525
-0.569823 0.210081 0.0041485
-0.565697 0.197194 0.00410261
-0.561617 0.180942 0.00405755
-0.557582 0.166846 0.0040133
-0.55359 0.153986 0.00396985
-0.549642 0.140537 0.00392718
-0.545735 0.127799 0.00388526
-0.541871 0.115804 0.00384408
-0.538047 0.104746 0.00380363
-0.534263 0.0939997 0.00376388
-0.530519 0.083711 0.00372482
-0.526813 0.0764632 0.00368644
-0.523146 0.0652454 0.00364871
-0.519515 0.0571663 0.00361163
-0.515922 0.0516708 0.00357518
-0.512365 0.0444361 0.00353935
-0.508843 0.0375849 0.00350411
-0.505356 0.030021 0.00346947
-0.501904 0.0269982 0.0034354
-0.498485 0.0220228 0.0034019
-0.4951 0.0167721 0.00336894
-0.491747 0.0129371 0.00333653
-0.488426 0.0111704 0.00330464
-0.485137 0.00752106 0.00327328
-0.48188 0.00522481 0.00324241
-0.478652 0.00331952 0.00321204
-0.475455 0.0016906 0.00318216
-0.472288 0.000971812 0.00315275
-0.469149 0.000543706 0.00312381
-0.46604 -6.98821e-06 0.00309532
-0.462959 1.25596e-05 0.00306728
-0.459905 -1.28501e-05 0.00303967
-0.456879 2.92543e-05 0.00301249
-0.45388 0.00338904 0.00298573
-0.450907 0.00141035 0.00295938
-0.447961 0.00245643 0.00293344
-0.44504 0.00574191 0.00290789
-0.442145 0.00428101 0.00288272
-0.439275 0.00820315 0.00285794
-0.436429 0.0103388 0.00283352
-0.433607 0.00802061 0.00280947
-0.43081 0.0095907 0.00278578
-0.428036 0.0119655 0.00276244
-0.425285 0.0152073 0.00273944
-0.422557 0.0162512 0.00271678
-0.419851 0.0173109 0.00269446
-0.417168 0.0152252 0.00267245
-0.414506 0.0191509 0.00265077
-0.411866 0.0199852 0.00262939
-0.409247 0.017929 0.00260833
-0.406649 0.0184272 0.00258756
-0.404072 0.0211288 0.00256709
-0.401515 0.0196124 0.00254691
-0.398978 0.0198199 0.00252701
-0.396461 0.0207433 0.0025074
-0.393963 0.0201152 0.00248806
-0.391484 0.0190184 0.00246899
-0.389025 0.0193665 0.00245018
-0.386584 0.0190984 0.00243163
-0.384161 0.0200762 0.00241334
-0.381757 0.0194327 0.0023953
-0.379371 0.0186653 0.00237751
-0.377002 0.0174364 0.00235995
-0.374651 0.0143669 0.00234264
-0.372317 0.015868 0.00232556
-0.369999 0.0150823 0.00230871
-0.367699 0.0143273 0.00229208
-0.365415 0.0136923 0.00227568
-0.363148 0.0113216 0.00225949
-0.360896 0.01211 0.00224352
-0.35866 0.0112924 0.00222776
-0.35644 0.0106247 0.00221221
-0.354236 0.00944384 0.00219686
-0.352047 0.00907705 0.00218172
-0.349872 0.00846454 0.00216676
-0.347713 0.00877394 0.00215201
-0.345568 0.00851238 0.00213744
-0.343438 -5.63368e-05 0.00212306
-0.341322 0.00906945 0.00210887
-0.33922 0.00924939 0.00209485
-0.337132 0.00623656 0.00208102
-0.335058 0.0111234 0.00206736
-0.332997 0.00835099 0.00205387
-0.33095 0.00992184 0.00204056
-0.328916 0.0115529 0.00202741
-0.326895 0.0172744 0.00201442
-0.324887 0.0154655 0.0020016
-0.322892 0.0229957 0.00198894
-0.320909 0.0259734 0.00197644
-0.318939 0.029471 0.00196408
-0.316981 0.033241 0.00195189
-0.315035 0.0336029 0.00193984
-0.313101 0.0365246 0.00192794
-0.311179 0.0472085 0.00191618
-0.309269 0.0525245 0.00190457
-0.30737 0.0539942 0.0018931
-0.305483 0.0611579 0.00188177
-0.303606 0.0674323 0.00187057
-0.301741 0.0782543 0.00185951
-0.299887 0.0824417 0.00184858
-0.298044 0.0890376 0.00183779
-0.296212 0.102024 0.00182712
-0.29439 0.111123 0.00181658
-0.292578 0.119744 0.00180616
-0.290777 0.128051 0.00179587
-0.288987 0.140454 0.0017857
-0.287206 0.149293 0.00177565
-0.285435 0.159091 0.00176571
-0.283675 0.170792 0.0017559
-0.281923 0.18227 0.00174619
-0.280182 0.193546 0.0017366
-0.27845 0.206894 0.00172713
-0.276728 0.219635 0.00171776
-0.275015 0.232394 0.0017085
-0.273311 0.242701 0.00169934
-0.271616 0.263088 0.0016903
-0.26993 0.269996 0.00168135
-0.268253 0.282822 0.00167251
-0.266585 0.297924 0.00166377
-0.264926 0.312634 0.00165513
-0.263275 0.326698 0.00164659
-0.261632 0.342125 0.00163814
-0.259998 0.358578 0.00162979
-0.258373 0.371414 0.00162154
-0.256755 0.388497 0.00161337
-0.255146 0.402031 0.0016053
-0.253545 0.417421 0.00159732
-0.251951 0.433855 0.00158943
-0.250366 0.455005 0.00158163
-0.248788 0.464065 0.00157391
-0.247218 0.478989 0.00156628
-0.245655 0.495255 0.00155874
-0.2441 0.510056 0.00155128
-0.242553 0.525905 0.0015439
-0.241012 0.541247 0.0015366
-0.239479 0.555879 0.00152939
-0.237954 0.571025 0.00152225
-0.236435 0.586968 0.00151519
-0.234923 0.606671 0.00150821
-0.233418 0.615288 0.00150131
-0.231921 0.629945 0.00149448
-0.230429 0.650111 0.00148773
-0.228945 0.662578 0.00148105
-0.227467 0.670912 0.00147444
-0.225996 0.684438 0.0014679
-0.224531 0.69755 0.00146144
-0.223073 0.709839 0.00145504
-0.221621 0.72752 0.00144872
-0.220176 0.738158 0.00144246
-0.218736 0.745964 0.00143627
-0.217303 0.756661 0.00143015
-0.215876 0.772433 0.00142409
-0.214455 0.782365 0.0014181
-0.21304 0.787826 0.00141218
-0.211631 0.79668 0.00140631
-0.210227 0.806004 0.00140051
-0.20883 0.814402 0.00139477
-0.207438 0.821866 0.0013891
-0.206051 0.829519 0.00138348
-0.204671 0.836379 0.00137793
-0.203295 0.842662 0.00137243
-0.201926 0.848522 0.00136699
-0.200561 0.853746 0.00136161
-0.199202 0.857626 0.00135629
-0.197849 0.86214 0.00135103
-0.1965 0.865238 0.00134582
-0.195157 0.867403 0.00134066
-0.193819 0.870943 0.00133556
-0.192486 0.87028 0.00133052
-0.191158 0.874352 0.00132553
-0.189835 0.874819 0.00132059
-0.188517 0.862589 0.0013157
-0.187203 0.874118 0.00131087
-0.185895 0.873275 0.00130609
-0.184591 0.871485 0.00130135
-0.183292 0.867983 0.00129667
-0.181998 0.866259 0.00129204
-0.180708 0.861356 0.00128746
-0.179423 0.855052 0.00128292
-0.178142 0.851115 0.00127844
-0.176866 0.8474 0.001274
-0.175594 0.841544 0.00126961
-0.174327 0.834692 0.00126526
-0.173064 0.820306 0.00126096
-0.171805 0.818771 0.00125671
-0.17055 0.812312 0.0012525
-0.1693 0.803307 0.00124834
-0.168054 0.795057 0.00124422
-0.166811 0.784577 0.00124015
-0.165573 0.767239 0.00123611
-0.164339 0.756942 0.00123212
-0.163109 0.752407 0.00122818
-0.161883 0.741085 0.00122427
-0.16066 0.730063 0.00122041
-0.159442 0.717572 0.00121659
-0.158227 0.704448 0.00121281
-0.157016 0.692244 0.00120907
-0.155809 0.67805 0.00120537
-0.154606 0.664731 0.00120171
-0.153406 0.650395 0.00119809
-0.152209 0.636449 0.00119451
-0.151017 0.621593 0.00119097
-0.149827 0.606688 0.00118746
-0.148642 0.585537 0.00118399
-0.147459 0.576199 0.00118056
-0.14628 0.554235 0.00117717
-0.145105 0.545016 0.00117382
-0.143933 0.528381 0.0011705
-0.142764 0.512492 0.00116721
-0.141598 0.497092 0.00116397
-0.140436 0.474911 0.00116075
-0.139277 0.461134 0.00115758
-0.138121 0.442706 0.00115444
-0.136968 0.430229 0.00115133
-0.135818 0.413682 0.00114826
-0.134671 0.402087 0.00114522
-0.133528 0.38048 0.00114221
-0.132387 0.365984 0.00113924
-0.131249 0.34916 0.0011363
-0.130114 0.332194 0.0011334
-0.128982 0.316296 0.00113052
-0.127853 0.299129 0.00112768
-0.126727 0.283874 0.00112487
-0.125604 0.26942 0.0011221
-0.124483 0.253682 0.00111935
-0.123365 0.237976 0.00111664
-0.12225 0.223432 0.00111395
-0.121137 0.208063 0.0011113
-0.120027 0.191516 0.00110868
-0.11892 0.180495 0.00110608
-0.117815 0.165244 0.00110352
-0.116712 0.15188 0.00110099
-0.115613 0.143107 0.00109849
-0.114516 0.12684 0.00109601
-0.113421 0.123876 0.00109357
-0.112328 0.102644 0.00109115
-0.111238 0.0928208 0.00108877
-0.110151 0.0816108 0.00108641
-0.109066 0.0714557 0.00108408
-0.107983 0.0705485 0.00108177
-0.106902 0.0549503 0.0010795
-0.105824 0.0451015 0.00107725
-0.104747 0.0386117 0.00107503
-0.103674 0.0303125 0.00107284
-0.102602 0.0248741 0.00107067
-0.101532 0.027153 0.00106853
-0.100465 0.0138326 0.00106642
-0.0993993 0.00983367 0.00106433
-0.098336 0.00537186 0.00106227
-0.0972748 0.00257871 0.00106024
-0.0962155 0.00181726 0.00105823
-0.0951583 0.000739924 0.00105625
-0.094103 -0.00025552 0.00105429
-0.0930497 0.00100597 0.00105236
-0.0919983 0.00276265 0.00105046
-0.0909488 0.00358162 0.00104858
-0.0899011 0.0069299 0.00104672
-0.0888553 0.0105486 0.00104489
-0.0878113 0.0156866 0.00104308
-0.0867692 0.0284163 0.0010413
-0.0857287 0.0282806 0.00103954
-0.0846901 0.0359452 0.00103781
-0.0836531 0.0442422 0.0010361
-0.0826179 0.0533282 0.00103441
-0.0815843 0.0637688 0.00103275
-0.0805523 0.0756436 0.00103111
-0.079522 0.087761 0.00102949
-0.0784933 0.100745 0.0010279
-0.0774662 0.114992 0.00102633
-0.0764407 0.13051 0.00102478
-0.0754167 0.146319 0.00102326
-0.0743941 0.165979 0.00102176
-0.0733731 0.183407 0.00102028
-0.0723536 0.201327 0.00101883
-0.0713355 0.220239 0.00101739
-0.0703188 0.239925 0.00101598
-0.0693035 0.26275 0.00101459
-0.0682896 0.284017 0.00101323
-0.067277 0.306759 0.00101188
-0.0662658 0.331151 0.00101056
-0.0652559 0.357705 0.00100926
-0.0642473 0.383407 0.00100798
-0.0632399 0.411231 0.00100672
-0.0622338 0.438514 0.00100548
-0.0612289 0.465809 0.00100427
-0.0602253 0.494553 0.00100307
-0.0592228 0.52406 0.0010019
-0.0582215 0.553987 0.00100075
-0.0572213 0.584858 0.000999618
-0.0562222 0.611994 0.000998507
-0.0552242 0.647659 0.000997418
-0.0542274 0.679671 0.000996349
-0.0532315 0.711994 0.0009953
-0.0522368 0.739647 0.000994273
-0.051243 0.772137 0.000993265
-0.0502502 0.810561 0.000992278
-0.0492584 0.844261 0.000991311
-0.0482676 0.87728 0.000990364
-0.0472777 0.910763 0.000989438
-0.0462887 0.938844 0.000988531
-0.0453006 0.972039 0.000987645
-0.0443134 1.00566 0.000986778
-0.043327 1.03779 0.000985931
-0.0423415 1.07458 0.000985104
-0.0413568 1.10571 0.000984297
-0.0403729 1.13677 0.000983509
-0.0393898 1.16681 0.000982741
-0.0384074 1.19636 0.000981992
-0.0374258 1.22323 0.000981263
-0.0364449 1.25309 0.000980553
-0.0354647 1.27959 0.000979862
-0.0344852 1.30551 0.000979191
-0.0335063 1.32924 0.000978539
-0.0325281 1.35254 0.000977906
-0.0315505 1.37555 0.000977292
-0.0305735 1.3962 0.000976698
-0.0295971 1.41375 0.000976122
-0.0286212 1.43268 0.000975566
-0.0276459 1.44519 0.000975028
-0.0266712 1.45961 0.000974509
-0.0256969 1.47103 0.000974009
-0.0247231 1.48059 0.000973528
-0.0237498 1.49237 0.000973066
-0.022777 1.49336 0.000972623
-0.0218046 1.49682 0.000972198
-0.0208326 1.49813 0.000971792
-0.019861 1.50207 0.000971405
-0.0188898 1.49843 0.000971036
-0.0179189 1.48761 0.000970686
-0.0169484 1.47968 0.000970354
-0.0159782 1.46953 0.000970041
-0.0150083 1.45689 0.000969747
-0.0140387 1.44799 0.000969471
-0.0130693 1.42501 0.000969214
-0.0121002 1.40599 0.000968975
-0.0111314 1.38391 0.000968754
-0.0101627 1.35999 0.000968552
-0.00919427 1.33416 0.000968368
-0.00822598 1.3063 0.000968203
-0.00725785 1.27647 0.000968056
-0.00628986 1.24872 0.000967928
-0.00532199 1.21112 0.000967818
-0.00435422 1.17944 0.000967726
-0.00338653 1.14333 0.000967653
-0.0024189 1.10202 0.000967598
-0.00145132 1.06295 0.000967561
-0.000483771 1.02444 0.000967543
0.000483771 0.981721 0.000967543
0.00145132 0.940187 0.000967561
0.0024189 0.897247 0.000967598
0.00338653 0.852593 0.000967653
0.00435422 0.80833 0.000967726
0.00532199 0.763702 0.000967818
0.00628986 0.71921 0.000967928
0.00725785 0.675138 0.000968056
0.00822598 0.631144 0.000968203
0.00919427 0.587759 0.000968368
0.0101627 0.548721 0.000968552
0.0111314 0.503368 0.000968754
0.0121002 0.466388 0.000968975
0.0130693 0.427177 0.000969214
0.0140387 0.38811 0.000969471
0.0150083 0.350629 0.000969747
0.0159782 0.309681 0.000970041
0.0169484 0.280977 0.000970354
0.0179189 0.24796 0.000970686
0.0188898 0.217347 0.000971036
0.019861 0.187982 0.000971405
0.0208326 0.161157 0.000971792
0.0218046 0.130502 0.000972198
0.022777 0.112914 0.000972623
0.0237498 0.0914377 0.000973066
0.0247231 0.0730301 0.000973528
0.0256969 0.0557475 0.000974009
0.0266712 0.0411481 0.000974509
0.0276459 0.0295235 0.000975028
0.0286212 0.0205211 0.000975566
0.0295971 0.00665145 0.000976122
0.0305735 0.00547516 0.000976698
0.0315505 0.00181513 0.000977292
0.0325281 -0.000249519 0.000977906
0.0335063 0.000211128 0.000978539
0.0344852 0.00207787 0.000979191
0.0354647 0.00947297 0.000979862
0.0364449 0.0172356 0.000980553
0.0374258 0.0232783 0.000981263
0.0384074 0.0359562 0.000981992
0.0393898 0.0496497 0.000982741
0.0403729 0.062962 0.000983509
0.0413568 0.0803365 0.000984297
0.0423415 0.0985127 0.000985104
0.043327 0.120917 0.000985931
0.0443134 0.14177 0.000986778
0.0453006 0.159349 0.000987645
0.0462887 0.182948 0.000988531
0.0472777 0.207416 0.000989438
0.0482676 0.232968 0.000990364
0.0492584 0.263964 0.000991311
0.0502502 0.286457 0.000992278
0.051243 0.315345 0.000993265
0.0522368 0.351006 0.000994273
0.0532315 0.375134 0.0009953
0.0542274 0.404685 0.000996349
0.0552242 0.442306 0.000997418
0.0562222 0.466867 0.000998507
0.0572213 0.498444 0.000999618
0.0582215 0.531185 0.00100075
0.0592228 0.562828 0.0010019
0.0602253 0.594123 0.00100307
0.0612289 0.626815 0.00100427
0.0622338 0.659916 0.00100548
0.0632399 0.690025 0.00100672
0.0642473 0.721097 0.00100798
0.0652559 0.753688 0.00100926
0.0662658 0.784834 0.00101056
0.067277 0.81487 0.00101188
0.0682896 0.844458 0.00101323
0.0693035 0.873912 0.00101459
0.0703188 0.905474 0.00101598
0.0713355 0.931064 0.00101739
0.0723536 0.959119 0.00101883
0.0733731 0.99149 0.00102028
0.0743941 1.01205 0.00102176
0.0754167 1.03767 0.00102326
0.0764407 1.06587 0.00102478
0.0774662 1.08451 0.00102633
0.0784933 1.11059 0.0010279
0.079522 1.12831 0.00102949
0.0805523 1.14865 0.00103111
0.0815843 1.16793 0.00103275
0.0826179 1.18569 0.00103441
0.0836531 1.20326 0.0010361
0.0846901 1.21283 0.00103781
0.0857287 1.23334 0.00103954
0.0867692 1.247 0.0010413
0.0878113 1.25941 0.00104308
0.0888553 1.27089 0.00104489
0.0899011 1.28094 0.00104672
0.0909488 1.28981 0.00104858
0.0919983 1.29071 0.00105046
0.0930497 1.30484 0.00105236
0.094103 1.30998 0.00105429
0.0951583 1.31324 0.00105625
0.0962155 1.31583 0.00105823
0.0972748 1.31791 0.00106024
0.098336 1.31859 0.00106227
0.0993993 1.30941 0.00106433
0.100465 1.31625 0.00106642
0.101532 1.31337 0.00106853
0.102602 1.3086 0.00107067
0.103674 1.30457 0.00107284
0.104747 1.29812 0.00107503
0.105824 1.29095 0.00107725
0.106902 1.28269 0.0010795
0.107983 1.27351 0.00108177
0.109066 1.26328 0.00108408
0.110151 1.25213 0.00108641
0.111238 1.24006 0.00108877
0.112328 1.22697 0.00109115
0.113421 1.21313 0.00109357
0.114516 1.19867 0.00109601
0.115613 1.18299 0.00109849
0.116712 1.16711 0.00110099
0.117815 1.15022 0.00110352
0.11892 1.13212 0.00110608
0.120027 1.11345 0.00110868
0.121137 1.09497 0.0011113
0.12225 1.07571 0.00111395
0.123365 1.05567 0.00111664
0.124483 1.03535 0.00111935
0.125604 1.01435 0.0011221
0.126727 0.983689 0.00112487
0.127853 0.970996 0.00112768
0.128982 0.948622 0.00113052
0.130114 0.927906 0.0011334
0.131249 0.89435 0.0011363
0.132387 0.87945 0.00113924
0.133528 0.857602 0.00114221
0.134671 0.832234 0.00114522
0.135818 0.80973 0.00114826
0.136968 0.786847 0.00115133
0.138121 0.761154 0.00115444
0.139277 0.738829 0.00115758
0.140436 0.713469 0.00116075
0.141598 0.690318 0.00116397
0.142764 0.666336 0.00116721
0.143933 0.642462 0.0011705
0.145105 0.620203 0.00117382
0.14628 0.597351 0.00117717
0.147459 0.574219 0.00118056
0.148642 0.550863 0.00118399
0.149827 0.528225 0.00118746
0.151017 0.505857 0.00119097
0.152209 0.484061 0.00119451
0.153406 0.462532 0.00119809
0.154606 0.440741 0.00120171
0.155809 0.419205 0.00120537
0.157016 0.405647 0.00120907
0.158227 0.379316 0.00121281
0.159442 0.359476 0.00121659
0.16066 0.340165 0.00122041
0.161883 0.325146 0.00122427
0.163109 0.303395 0.00122818
0.164339 0.285793 0.00123212
0.165573 0.274938 0.00123611
0.166811 0.252033 0.00124015
0.168054 0.235788 0.00124422
0.1693 0.219435 0.00124834
0.17055 0.204512 0.0012525
0.171805 0.19062 0.00125671
0.173064 0.175793 0.00126096
0.174327 0.162445 0.00126526
0.175594 0.150688 0.00126961
0.176866 0.138921 0.001274
0.178142 0.126476 0.00127844
0.179423 0.123015 0.00128292
0.180708 0.106301 0.00128746
0.181998 0.0957804 0.00129204
0.183292 0.0849567 0.00129667
0.184591 0.0775741 0.00130135
0.185895 0.070058 0.00130609
0.187203 0.0632869 0.00131087
0.188517 0.0633987 0.0013157
0.189835 0.0475283 0.00132059
0.191158 0.0400152 0.00132553
0.192486 0.035801 0.00133052
0.193819 0.0302612 0.00133556
0.195157 0.027183 0.00134066
0.1965 0.0238395 0.00134582
0.197849 0.0208818 0.00135103
0.199202 0.0192446 0.00135629
0.200561 0.0130104 0.00136161
0.201926 0.0118537 0.00136699
0.203295 0.00907192 0.00137243
0.204671 0.00578391 0.00137793
0.206051 0.00560857 0.00138348
0.207438 0.0051521 0.0013891
0.20883 0.00299876 0.00139477
0.210227 0.00422376 0.00140051
0.211631 0.00446951 0.00140631
0.21304 -0.000587532 0.00141218
0.214455 0.00455201 0.0014181
0.215876 0.00538908 0.00142409
0.217303 0.00146734 0.00143015
0.218736 0.00837509 0.00143627
0.220176 0.00876459 0.00144246
0.221621 0.0102289 0.00144872
0.223073 0.0131253 0.00145504
0.224531 0.0132722 0.00146144
0.225996 0.00889664 0.0014679
0.227467 0.0166856 0.00147444
0.228945 0.0185218 0.00148105
0.230429 0.0205599 0.00148773
0.231921 0.018101 0.00149448
0.233418 0.0239011 0.00150131
0.234923 0.0199605 0.00150821
0.236435 0.0250644 0.00151519
0.237954 0.0292186 0.00152225
0.239479 0.0301628 0.00152939
0.241012 0.0319456 0.0015366
0.242553 0.0333722 0.0015439
0.2441 0.0345863 0.00155128
0.245655 0.0357395 0.00155874
0.247218 0.0368802 0.00156628
0.248788 0.0380328 0.00157391
0.250366 0.0385891 0.00158163
0.251951 0.0393159 0.00158943
0.253545 0.0392297 0.00159732
0.255146 0.0393627 0.0016053
0.256755 0.0395957 0.00161337
0.258373 0.0390237 0.00162154
0.259998 0.0322833 0.00162979
0.261632 0.0389725 0.00163814
0.263275 0.0381198 0.00164659
0.264926 0.0377279 0.00165513
0.266585 0.0364067 0.00166377
0.268253 0.0357682 0.00167251
0.26993 0.0341758 0.00168135
0.271616 0.0333333 0.0016903
0.273311 0.0321131 0.00169934
0.275015 0.0302223 0.0017085
0.276728 0.0279501 0.00171776
0.27845 0.0269768 0.00172713
0.280182 0.0252423 0.0017366
0.281923 0.0227673 0.00174619
0.283675 0.0221142 0.0017559
0.285435 0.0171217 0.00176571
0.287206 0.0152603 0.00177565
0.288987 0.01511 0.0017857
0.290777 0.00655896 0.00179587
0.292578 0.0111281 0.00180616
0.29439 0.00811864 0.00181658
0.296212 0.00745542 0.00182712
0.298044 0.00515014 0.00183779
0.299887 0.00341884 0.00184858
0.301741 0.00296792 0.00185951
0.303606 0.0063568 0.00187057
0.305483 -3.13547e-05 0.00188177
0.30737 0.000948973 0.0018931
0.309269 0.0040089 0.00190457
0.311179 -8.38269e-05 0.00191618
0.313101 -0.000203772 0.00192794
0.315035 5.43059e-05 0.00193984
0.316981 0.00509556 0.00195189
0.318939 0.00672663 0.00196408
0.320909 0.00853735 0.00197644
0.322892 0.00496854 0.00198894
0.324887 0.00721576 0.0020016
0.326895 0.00977074 0.00201442
0.328916 0.012595 0.00202741
0.33095 0.0164363 0.00204056
0.332997 0.0206619 0.00205387
0.335058 0.0282389 0.00206736
0.337132 0.0305144 0.00208102
0.33922 0.0359178 0.00209485
0.341322 0.0413792 0.00210887
0.343438 0.04863 0.00212306
0.345568 0.0566473 0.00213744
0.347713 0.0638043 0.00215201
0.349872 0.071003 0.00216676
0.352047 0.0798924 0.00218172
0.354236 0.0896734 0.00219686
0.35644 0.100452 0.00221221
0.35866 0.111109 0.00222776
0.360896 0.120842 0.00224352
0.363148 0.133304 0.00225949
0.365415 0.14497 0.00227568
0.367699 0.157368 0.00229208
0.369999 0.169864 0.00230871
0.372317 0.18435 0.00232556
0.374651 0.20443 0.00234264
0.377002 0.211292 0.00235995
0.379371 0.227234 0.00237751
0.381757 0.240106 0.0023953
0.384161 0.257488 0.00241334
0.386584 0.27074 0.00243163
0.389025 0.288951 0.00245018
0.391484 0.301442 0.00246899
0.393963 0.320069 0.00248806
0.396461 0.334905 0.0025074
0.398978 0.351155 0.00252701
0.401515 0.368851 0.00254691
0.404072 0.384365 0.00256709
0.406649 0.401115 0.00258756
0.409247 0.414319 0.00260833
0.411866 0.433083 0.00262939
0.414506 0.448941 0.00265077
0.417168 0.461355 0.00267245
0.419851 0.4767 0.00269446
0.422557 0.491955 0.00271678
0.425285 0.50608 0.00273944
0.428036 0.520703 0.00276244
0.43081 0.534325 0.00278578
0.433607 0.547492 0.00280947
0.436429 0.55977 0.00283352
0.439275 0.574123 0.00285794
0.442145 0.581631 0.00288272
0.44504 0.593685 0.00290789
0.447961 0.601622 0.00293344
0.450907 0.613008 0.00295938
0.45388 0.620378 0.00298573
0.456879 0.627538 0.00301249
0.459905 0.632678 0.00303967
0.462959 0.63801 0.00306728
0.46604 0.641277 0.00309532
0.469149 0.644183 0.00312381
0.472288 0.641502 0.00315275
0.475455 0.644667 0.00318216
0.478652 0.644919 0.00321204
0.48188 0.643036 0.00324241
0.485137 0.640019 0.00327328
0.488426 0.636803 0.00330464
0.491747 0.630475 0.00333653
0.4951 0.622875 0.00336894
0.498485 0.61814 0.0034019
0.501904 0.610451 0.0034354
0.505356 0.599815 0.00346947
0.508843 0.587895 0.00350411
0.512365 0.578145 0.00353935
0.515922 0.563575 0.00357518
0.519515 0.55244 0.00361163
0.523146 0.538289 0.00364871
0.526813 0.520703 0.00368644
0.530519 0.507139 0.00372482
0.534263 0.49042 0.00376388
0.538047 0.473171 0.00380363
0.541871 0.454996 0.00384408
0.545735 0.437041 0.00388526
0.549642 0.415439 0.00392718
0.55359 0.39835 0.00396985
0.557582 0.379058 0.0040133
0.561617 0.357518 0.00405755
0.565697 0.339877 0.00410261
0.569823 0.31785 0.0041485
0.573995 0.297709 0.00419525
0.578214 0.278948 0.00424288
0.582481 0.259526 0.0042914
0.586797 0.240857 0.00434084
0.591163 0.222845 0.00439122
0.59558 0.203513 0.00444257
0.600049 0.186175 0.00449491
0.60457 0.169023 0.00454827
0.609146 0.151974 0.00460268
0.613776 0.136043 0.00465815
0.618463 0.121638 0.00471473
0.623206 0.107608 0.00477243
0.628008 0.0937376 0.00483129
0.632869 0.0804629 0.00489134
0.637791 0.0703854 0.0049526
0.642775 0.0591864 0.00501513
0.647822 0.0493636 0.00507894
0.652934 0.0399203 0.00514408
0.658111 0.032467 0.00521057
0.663355 0.0253335 0.00527847
0.668669 0.0193537 0.0053478
0.674052 0.0143608 0.00541861
0.679507 0.0100102 0.00549094
0.685034 0.00654624 0.00556484
0.690637 0.00376532 0.00564034
0.696316 0.0023452 0.0057175
0.702073 0.000682702 0.00579637
0.70791 0.000384437 0.00587699
0.713828 -1.06128e-05 0.00595942
0.719829 -1.17917e-06 0.00604371
0.725916 0.000232774 0.00612992
0.73209 0.000284409 0.00621811
0.738353 0.00182232 0.00630833
0.744708 0.00330314 0.00640065
0.751156 0.00347151 0.00649514
0.757699 0.00494581 0.00659186
0.764341 0.00467775 0.00669089
0.771082 0.00593422 0.0067923
0.777927 0.00623685 0.00689616
0.784876 0.00641854 0.00700255
0.791933 0.00532646 0.00711156
0.7991 0.00534025 0.00722328
0.806381 0.00575172 0.00733779
0.813777 0.0038263 0.00745518
0.821293 0.00388356 0.00757556
0.82893 0.00291492 0.00769903
0.836692 0.0020391 0.00782569
0.844583 0.00103784 0.00795565
0.852605 0.000364874 0.00808903
0.860763 1.75838e-05 0.00822596
0.869059 -8.49678e-06 0.00836654
0.877498 0.000797711 0.00851093
0.886083 0.00235928 0.00865925
0.894818 0.00486474 0.00881166
0.903708 0.00868671 0.00896829
0.912757 0.0137235 0.00912931
0.921969 0.0189858 0.00929488
0.931349 0.0273806 0.00946519
0.940902 0.0366092 0.0096404
0.950633 0.0487136 0.0098207
0.960546 0.0625342 0.0100063
0.970648 0.077401 0.0101974
0.980944 0.09488 0.0103943
0.99144 0.114461 0.0105971
1.00214 0.13607 0.0108061
1.01305 0.159552 0.0110215
1.02419 0.184904 0.0112437
1.03555 0.211822 0.0114729
1.04714 0.240152 0.0117094
1.05897 0.269349 0.0119535
1.07105 0.299659 0.0122055
1.08338 0.329996 0.0124659
1.09598 0.360548 0.0127349
1.10886 0.390281 0.0130129
1.12201 0.419716 0.0133005
1.13546 0.446273 0.0135979
1.14922 0.472294 0.0139057
1.16328 0.494955 0.0142243
1.17767 0.514705 0.0145543
1.19239 0.530973 0.0148962
1.20747 0.543305 0.0152505
1.2229 0.551119 0.015618
1.23871 0.554463 0.0159992
1.25491 0.552341 0.0163948
1.27151 0.546506 0.0168057
1.28853 0.535087 0.0172325
1.30598 0.518714 0.0176761
1.32389 0.497995 0.0181374
1.34227 0.47285 0.0186174
1.36113 0.443765 0.019117
1.38051 0.411724 0.0196374
1.40042 0.376904 0.0201798
1.42088 0.340576 0.0207453
1.44192 0.302487 0.0213353
1.46357 0.264602 0.0219513
1.48584 0.227152 0.0225949
1.50877 0.191255 0.0232675
1.53239 0.157351 0.0239711
1.55673 0.125994 0.0247077
1.58182 0.0983358 0.0254791
1.60771 0.0736734 0.0262878
1.63442 0.0529752 0.0271361
1.662 0.036116 0.0280267
1.69049 0.0232855 0.0289625
1.71995 0.0135707 0.0299465
1.75041 0.00704778 0.030982
1.78194 0.00292915 0.0320729
1.81459 0.000825604 0.033223
1.84842 -8.26452e-07 0.0344369
1.8835 0.000183161 0.0357191
1.91989 0.000523954 0.0370751
1.95769 0.00100527 0.0385105
1.99696 0.00110312 0.0400317
2.03779 0.00104461 0.0416456
2.0803 0.000535447 0.04336
2.12457 0.000157156 0.0451833
2.17072 -1.57819e-07 0.047125
2.21888 0.00052981 0.0491957
2.26918 0.0020939 0.0514068
2.32177 0.00454449 0.0537715
2.37681 0.00829702 0.0563042
2.43447 0.0129729 0.0590214
2.49496 0.0181472 0.0619414
2.55847 0.0237348 0.0650848
2.62525 0.02858 0.068475
2.69556 0.0322774 0.0721386
2.76968 0.0342165 0.0761058
2.84794 0.0340271 0.0804111
2.93069 0.0317292 0.085094
3.01834 0.0275856 0.0902
3.11133 0.0222334 0.0957816
3.21017 0.0162683 0.1019
3.31543 0.0106196 0.108626
3.42776 0.00604318 0.116043
3.54791 0.00277193 0.124249
3.67671 0.000888215 0.133359
3.81515 0.000125713 0.143513
3.96435 -5.68177e-07 0.154876
4.12561 0.000122381 0.167647
4.30046 0.000207097 0.182068
4.49072 0.000126023 0.198439
4.6985 1.1936e-05 0.217125
4.92636 -7.44194e-07 0.238587
5.17735 2.10341e-07 0.263401
5.4552 2.64488e-05 0.292304
5.76448 2.57851e-08 0.326247
6.11084 -3.51739e-07 0.366474
6.50139 1.1359e-05 0.414639
6.9452 -1.01926e-07 0.472977
7.45398 1.63516e-08 0.544569
8.04314 3.22209e-11 0.63376
8.73344 -3.53912e-10 0.746832
9.55343 3.3004e-11 0.893148
