-0.499822
-0.47566007
-0.45304383
-0.43186244
-0.41201352
-0.3934025
-0.37594197
-0.35955111
-0.34415522
-0.32968518
-0.31607705
-0.30327165
-0.29121418
-0.2798539
-0.26914379
-0.2590403
-0.24950303
-0.24049455
-0.2319801
-0.22392744
-0.21630666
-0.20908996
-0.20225151
-0.19576734
-0.18961514
-0.18377416
-0.1782251
-0.17295001
-0.16793217
-0.16315599
-0.15860696
-0.15427155
-0.15013715
-0.14619198
-0.14242506
-0.13882613
-0.1353856
-0.13209451
-0.1289445
-0.12592773
-0.12303688
-0.12026508
-0.1176059
-0.11505333
-0.11260172
-0.11024577
-0.10798053
-0.10580132
-0.10370377
-0.10168376
-0.099737425
-0.097861127
-0.096051443
-0.09430515
-0.092619214
-0.090990775
-0.089417139
-0.087895762
-0.086424246
-0.085000326
-0.083621862
-0.082286834
-0.080993331
-0.079739546
-0.078523767
-0.077344376
-0.076199839
-0.075088702
-0.074009588
-0.07296119
-0.071942267
-0.070951641
-0.069988196
-0.069050866
-0.068138643
-0.067250565
-0.066385717
-0.06554323
-0.064722273
-0.063922057
-0.063141829
-0.06238087
-0.061638495
-0.06091405
-0.060206911
-0.059516481
-0.05884219
-0.058183493
-0.057539868
-0.056910816
-0.05629586
-0.055694543
-0.055106426
-0.05453109
-0.053968176
-0.053417206
-0.052877858
-0.052349776
-0.05183262
-0.05132606
-0.050829783
-0.050343485
-0.049866836
-0.049399638
-0.048941578
-0.048492397
-0.048051846
-0.047619684
-0.047195678
-0.046779607
-0.046371289
-0.045970444
-0.04557691
-0.045190494
-0.044811009
-0.044438276
-0.04407212
-0.043712373
-0.043358842
-0.043011435
-0.042669967
-0.04233429
-0.042004263
-0.041679786
-0.041360647
-0.041046758
-0.040737996
-0.040434239
-0.040135371
-0.039841278
-0.039551884
-0.039267012
-0.038986596
-0.038710535
-0.038438733
-0.038171095
-0.03790753
-0.037647948
-0.037392264
-0.037140393
-0.036892254
-0.036647768
-0.036406858
-0.036169449
-0.035935468
-0.035704845
-0.035477512
-0.035253401
-0.035032446
-0.034814586
-0.034599758
-0.034387902
-0.03417896
-0.033972875
-0.033769592
-0.033569056
-0.033371215
-0.033176018
-0.032983415
-0.032793357
-0.032605797
-0.032420689
-0.032237986
-0.032057646
-0.031879621
-0.031703878
-0.031530372
-0.031359061
-0.031189909
-0.031022876
-0.030857925
-0.030695021
-0.030534127
-0.03037521
-0.030218235
-0.030063169
-0.02990998
-0.029758636
-0.029609108
-0.029461363
-0.029315374
-0.029171111
-0.029028546
-0.028887651
-0.0287484
-0.028610765
-0.028474722
-0.028340245
-0.02820731
-0.028075891
-0.027945966
-0.027817511
-0.027690504
-0.027564922
-0.027440744
-0.027317947
-0.027196512
-0.027076418
-0.026957645
-0.026840173
-0.026723983
-0.026609056
-0.026495374
-0.026382918
-0.026271671
-0.026161616
-0.026052734
-0.025945011
-0.025838428
-0.02573297
-0.025628622
-0.025525367
-0.025423191
-0.025322079
-0.025222016
-0.025122987
-0.025024979
-0.024927978
-0.02483197
-0.024736942
-0.024642881
-0.024549773
-0.024457607
-0.024366371
-0.024276051
-0.024186636
-0.024098114
-0.024010474
-0.023923704
-0.023837794
-0.023752732
-0.023668507
-0.02358511
-0.02350253
-0.023420756
-0.023339779
-0.023259589
-0.023180175
-0.02310153
-0.023023643
-0.022946505
-0.022870107
-0.02279444
-0.022719496
-0.022645265
-0.022571741
-0.022498913
-0.022426775
-0.022355318
-0.022284533
-0.022214415
-0.022144954
-0.022076143
-0.022007975
-0.021940443
-0.021873539
-0.021807256
-0.021741588
-0.021676527
-0.021612067
-0.021548202
-0.021484924
-0.021422228
-0.021360107
-0.021298554
-0.021237565
-0.021177132
-0.02111725
-0.021057912
-0.020999114
-0.02094085
-0.020883113
-0.020825899
-0.020769202
-0.020713017
-0.020657338
-0.020602161
-0.02054748
-0.02049329
-0.020439586
-0.020386364
-0.020333618
-0.020281344
-0.020229538
-0.020178194
-0.020127308
-0.020076876
-0.020026893
-0.019977355
-0.019928258
-0.019879597
-0.019831369
-0.019783568
-0.019736192
-0.019689236
-0.019642697
-0.01959657
-0.019550851
-0.019505538
-0.019460625
-0.01941611
-0.019371989
-0.019328259
-0.019284915
-0.019241955
-0.019199375
-0.019157172
-0.019115342
-0.019073882
-0.019032789
-0.018992059
-0.018951691
-0.018911679
-0.018872023
-0.018832717
-0.01879376
-0.018755149
-0.018716881
-0.018678952
-0.01864136
-0.018604102
-0.018567177
-0.018530579
-0.018494308
-0.018458361
-0.018422734
-0.018387426
-0.018352434
-0.018317755
-0.018283387
-0.018249328
-0.018215574
-0.018182125
-0.018148976
-0.018116127
-0.018083575
-0.018051318
-0.018019352
-0.017987677
-0.01795629
-0.017925189
-0.017894372
-0.017863837
-0.017833581
-0.017803604
-0.017773902
-0.017744473
-0.017715317
-0.01768643
-0.017657812
-0.017629459
-0.017601371
-0.017573546
-0.017545981
-0.017518675
-0.017491627
-0.017464834
-0.017438295
-0.017412008
-0.017385971
-0.017360183
-0.017334642
-0.017309348
-0.017284297
-0.017259488
-0.017234921
-0.017210593
-0.017186503
-0.017162649
-0.017139031
-0.017115646
-0.017092493
-0.017069571
-0.017046879
-0.017024415
-0.017002177
-0.016980165
-0.016958376
-0.016936811
-0.016915467
-0.016894343
-0.016873439
-0.016852752
-0.016832282
-0.016812027
-0.016791986
-0.016772159
-0.016752543
-0.016733138
-0.016713943
-0.016694956
-0.016676177
-0.016657604
-0.016639237
-0.016621074
-0.016603114
-0.016585357
-0.016567801
-0.016550445
-0.016533288
-0.01651633
-0.016499569
-0.016483005
-0.016466636
-0.016450462
-0.016434482
-0.016418695
-0.0164031
-0.016387696
-0.016372482
-0.016357458
-0.016342622
-0.016327974
-0.016313514
-0.01629924
-0.016285151
-0.016271247
-0.016257527
-0.016243991
-0.016230637
-0.016217465
-0.016204474
-0.016191663
-0.016179033
-0.016166581
-0.016154308
-0.016142213
-0.016130295
-0.016118553
-0.016106988
-0.016095597
-0.016084382
-0.01607334
-0.016062473
-0.016051778
-0.016041255
-0.016030905
-0.016020726
-0.016010718
-0.01600088
-0.015991212
-0.015981713
-0.015972383
-0.015963221
-0.015954227
-0.015945401
-0.015936742
-0.015928249
-0.015919922
-0.015911761
-0.015903765
-0.015895934
-0.015888267
-0.015880765
-0.015873426
-0.01586625
-0.015859238
-0.015852388
-0.0158457
-0.015839174
-0.01583281
-0.015826607
-0.015820564
-0.015814683
-0.015808962
-0.015803401
-0.015797999
-0.015792758
-0.015787675
-0.015782751
-0.015777987
-0.01577338
-0.015768932
-0.015764642
-0.01576051
-0.015756535
-0.015752718
-0.015749058
-0.015745556
-0.01574221
-0.015739021
-0.015735988
-0.015733112
-0.015730392
-0.015727828
-0.01572542
-0.015723169
-0.015721073
-0.015719132
-0.015717347
-0.015715718
-0.015714244
-0.015712926
-0.015711762
-0.015710754
-0.015709901
-0.015709204
-0.015708661
-0.015708273
-0.015708041
-0.015707963
-0.015708041
-0.015708273
-0.015708661
-0.015709204
-0.015709901
-0.015710754
-0.015711762
-0.015712926
-0.015714244
-0.015715718
-0.015717347
-0.015719132
-0.015721073
-0.015723169
-0.01572542
-0.015727828
-0.015730392
-0.015733112
-0.015735988
-0.015739021
-0.01574221
-0.015745556
-0.015749058
-0.015752718
-0.015756535
-0.01576051
-0.015764642
-0.015768932
-0.01577338
-0.015777987
-0.015782751
-0.015787675
-0.015792758
-0.015797999
-0.015803401
-0.015808962
-0.015814683
-0.015820564
-0.015826607
-0.01583281
-0.015839174
-0.0158457
-0.015852388
-0.015859238
-0.01586625
-0.015873426
-0.015880765
-0.015888267
-0.015895934
-0.015903765
-0.015911761
-0.015919922
-0.015928249
-0.015936742
-0.015945401
-0.015954227
-0.015963221
-0.015972383
-0.015981713
-0.015991212
-0.01600088
-0.016010718
-0.016020726
-0.016030905
-0.016041255
-0.016051778
-0.016062473
-0.01607334
-0.016084382
-0.016095597
-0.016106988
-0.016118553
-0.016130295
-0.016142213
-0.016154308
-0.016166581
-0.016179033
-0.016191663
-0.016204474
-0.016217465
-0.016230637
-0.016243991
-0.016257527
-0.016271247
-0.016285151
-0.01629924
-0.016313514
-0.016327974
-0.016342622
-0.016357458
-0.016372482
-0.016387696
-0.0164031
-0.016418695
-0.016434482
-0.016450462
-0.016466636
-0.016483005
-0.016499569
-0.01651633
-0.016533288
-0.016550445
-0.016567801
-0.016585357
-0.016603114
-0.016621074
-0.016639237
-0.016657604
-0.016676177
-0.016694956
-0.016713943
-0.016733138
-0.016752543
-0.016772159
-0.016791986
-0.016812027
-0.016832282
-0.016852752
-0.016873439
-0.016894343
-0.016915467
-0.016936811
-0.016958376
-0.016980165
-0.017002177
-0.017024415
-0.017046879
-0.017069571
-0.017092493
-0.017115646
-0.017139031
-0.017162649
-0.017186503
-0.017210593
-0.017234921
-0.017259488
-0.017284297
-0.017309348
-0.017334642
-0.017360183
-0.017385971
-0.017412008
-0.017438295
-0.017464834
-0.017491627
-0.017518675
-0.017545981
-0.017573546
-0.017601371
-0.017629459
-0.017657812
-0.01768643
-0.017715317
-0.017744473
-0.017773902
-0.017803604
-0.017833581
-0.017863837
-0.017894372
-0.017925189
-0.01795629
-0.017987677
-0.018019352
-0.018051318
-0.018083575
-0.018116127
-0.018148976
-0.018182125
-0.018215574
-0.018249328
-0.018283387
-0.018317755
-0.018352434
-0.018387426
-0.018422734
-0.018458361
-0.018494308
-0.018530579
-0.018567177
-0.018604102
-0.01864136
-0.018678952
-0.018716881
-0.018755149
-0.01879376
-0.018832717
-0.018872023
-0.018911679
-0.018951691
-0.018992059
-0.019032789
-0.019073882
-0.019115342
-0.019157172
-0.019199375
-0.019241955
-0.019284915
-0.019328259
-0.019371989
-0.01941611
-0.019460625
-0.019505538
-0.019550851
-0.01959657
-0.019642697
-0.019689236
-0.019736192
-0.019783568
-0.019831369
-0.019879597
-0.019928258
-0.019977355
-0.020026893
-0.020076876
-0.020127308
-0.020178194
-0.020229538
-0.020281344
-0.020333618
-0.020386364
-0.020439586
-0.02049329
-0.02054748
-0.020602161
-0.020657338
-0.020713017
-0.020769202
-0.020825899
-0.020883113
-0.02094085
-0.020999114
-0.021057912
-0.02111725
-0.021177132
-0.021237565
-0.021298554
-0.021360107
-0.021422228
-0.021484924
-0.021548202
-0.021612067
-0.021676527
-0.021741588
-0.021807256
-0.021873539
-0.021940443
-0.022007975
-0.022076143
-0.022144954
-0.022214415
-0.022284533
-0.022355318
-0.022426775
-0.022498913
-0.022571741
-0.022645265
-0.022719496
-0.02279444
-0.022870107
-0.022946505
-0.023023643
-0.02310153
-0.023180175
-0.023259589
-0.023339779
-0.023420756
-0.02350253
-0.02358511
-0.023668507
-0.023752732
-0.023837794
-0.023923704
-0.024010474
-0.024098114
-0.024186636
-0.024276051
-0.024366371
-0.024457607
-0.024549773
-0.024642881
-0.024736942
-0.02483197
-0.024927978
-0.025024979
-0.025122987
-0.025222016
-0.025322079
-0.025423191
-0.025525367
-0.025628622
-0.02573297
-0.025838428
-0.025945011
-0.026052734
-0.026161616
-0.026271671
-0.026382918
-0.026495374
-0.026609056
-0.026723983
-0.026840173
-0.026957645
-0.027076418
-0.027196512
-0.027317947
-0.027440744
-0.027564922
-0.027690504
-0.027817511
-0.027945966
-0.028075891
-0.02820731
-0.028340245
-0.028474722
-0.028610765
-0.0287484
-0.028887651
-0.029028546
-0.029171111
-0.029315374
-0.029461363
-0.029609108
-0.029758636
-0.02990998
-0.030063169
-0.030218235
-0.03037521
-0.030534127
-0.030695021
-0.030857925
-0.031022876
-0.031189909
-0.031359061
-0.031530372
-0.031703878
-0.031879621
-0.032057646
-0.032237986
-0.032420689
-0.032605797
-0.032793357
-0.032983415
-0.033176018
-0.033371215
-0.033569056
-0.033769592
-0.033972875
-0.03417896
-0.034387902
-0.034599758
-0.034814586
-0.035032446
-0.035253401
-0.035477512
-0.035704845
-0.035935468
-0.036169449
-0.036406858
-0.036647768
-0.036892254
-0.037140393
-0.037392264
-0.037647948
-0.03790753
-0.038171095
-0.038438733
-0.038710535
-0.038986596
-0.039267012
-0.039551884
-0.039841278
-0.040135371
-0.040434239
-0.040737996
-0.041046758
-0.041360647
-0.041679786
-0.042004263
-0.04233429
-0.042669967
-0.043011435
-0.043358842
-0.043712373
-0.04407212
-0.044438276
-0.044811009
-0.045190494
-0.04557691
-0.045970444
-0.046371289
-0.046779607
-0.047195678
-0.047619684
-0.048051846
-0.048492397
-0.048941578
-0.049399638
-0.049866836
-0.050343485
-0.050829783
-0.05132606
-0.05183262
-0.052349776
-0.052877858
-0.053417206
-0.053968176
-0.05453109
-0.055106426
-0.055694543
-0.05629586
-0.056910816
-0.057539868
-0.058183493
-0.05884219
-0.059516481
-0.060206911
-0.06091405
-0.061638495
-0.06238087
-0.063141829
-0.063922057
-0.064722273
-0.06554323
-0.066385717
-0.067250565
-0.068138643
-0.069050866
-0.069988196
-0.070951641
-0.071942267
-0.07296119
-0.074009588
-0.075088702
-0.076199839
-0.077344376
-0.078523767
-0.079739546
-0.080993331
-0.082286834
-0.083621862
-0.085000326
-0.086424246
-0.087895762
-0.089417139
-0.090990775
-0.092619214
-0.09430515
-0.096051443
-0.097861127
-0.099737425
-0.10168376
-0.10370377
-0.10580132
-0.10798053
-0.11024577
-0.11260172
-0.11505333
-0.1176059
-0.12026508
-0.12303688
-0.12592773
-0.1289445
-0.13209451
-0.1353856
-0.13882613
-0.14242506
-0.14619198
-0.15013715
-0.15427155
-0.15860696
-0.16315599
-0.16793217
-0.17295001
-0.1782251
-0.18377416
-0.18961514
-0.19576734
-0.20225151
-0.20908996
-0.21630666
-0.22392744
-0.2319801
-0.24049455
-0.24950303
-0.2590403
-0.26914379
-0.2798539
-0.29121418
-0.30327165
-0.31607705
-0.32968518
-0.34415522
-0.35955111
-0.37594197
-0.3934025
-0.41201352
-0.43186244
-0.45304383
-0.47566007
-0.499822
