-0.50000632717282
-0.45244835244008
-0.40950256581075
-0.37071248018098
-0.33566782126773
-0.30399971940809
-0.27537642044646
-0.24949945651876
-0.22610022488107
-0.20493692924192
-0.18579184351031
-0.16846886259921
-0.15279130903832
-0.13859996774056
-0.12575132440956
-0.11411598583313
-0.10357726273306
-0.094029897978711
-0.085378924858397
-0.077538641770994
-0.07043169117707
-0.063988231958605
-0.058145195498795
-0.052845616826341
-0.048038033087251
-0.043675942424959
-0.03971731707795
-0.036124165153504
-0.032862136115389
-0.02990016554037
-0.027210155160094
-0.024766684617433
-0.022546751735179
-0.020529538424679
-0.018696199657132
-0.017029673184293
-0.01551450793177
-0.014136709199869
-0.012883598996671
-0.011743689998075
-0.010706571781959
-0.0097628081203673
-0.0089038442362394
-0.0081219230412192
-0.0074100094698918
-0.0067617221144019
-0.0061712714430642
-0.0056334039580764
-0.0051433517116885
-0.0046967866579272
-0.0042897793688612
-0.0039187616910528
-0.0035804929597996
-0.0032720294264994
-0.0029906965884276
-0.0027340641407644
-0.0024999232982004
-0.002286266258206
-0.0020912676003319
-0.0019132674359867
-0.0017507561412022
-0.0016023605212083
-0.0014668312702938
-0.0013430316036803
-0.0012299269500441
-0.0011265756041008
-0.0010321202483306
-0.00094578026170602
-0.00086684474115099
-0.00079466616859925
-0.00072865466293371
-0.00066827276190377
-0.00061303068434699
-0.00056248202777821
-0.00051621986068012
-0.00047387317268846
-0.00043510364935766
-0.00039960274133761
-0.00036708900064719
-0.00033730565930391
-0.00031001842789739
-0.00028501349379977
-0.00026209570061444
-0.00024108689218337
-0.00022182440603762
-0.00020415970258234
-0.00018795711758867
-0.00017309272671826
-0.00015945331185722
-0.0001469354199803
-0.00013544450612686
-0.0001248941528519
-0.00011520535921158
-0.00010630589299437
-9.8129700474297e-05
-9.0616368499441e-05
-8.3710634197341e-05
-7.7361938013633e-05
-7.15240161953e-05
-6.6154529174224e-05
-6.1214722643325e-05
-5.6669118398456e-05
-5.24852322911e-05
-4.8633316875383e-05
-4.5086126551233e-05
-4.1818703206873e-05
-3.8808180540192e-05
-3.603360540674e-05
-3.3475774687248e-05
-3.111708630478e-05
-2.8941403144987e-05
-2.6933928742155e-05
-2.5081093698911e-05
-2.337045189516e-05
-2.1790585632313e-05
-2.0331018926639e-05
-1.8982138242986e-05
-1.7735120019491e-05
-1.6581864394201e-05
-1.55149345834e-05
-1.4527501438742e-05
-1.3613292719538e-05
-1.2766546678356e-05
-1.1981969586826e-05
-1.1254696859591e-05
-1.0580257468134e-05
-9.9545413617677e-06
-9.3737696357674e-06
-8.834467211367e-06
-8.3334378146161e-06
-7.8677410541289e-06
-7.4346714214636e-06
-7.0317390481955e-06
-6.6566520707699e-06
-6.3073004678415e-06
-5.9817412417635e-06
-5.6781848346517e-06
-5.3949826705137e-06
-5.1306157304127e-06
-4.8836840744508e-06
-4.6528972275436e-06
-4.4370653594699e-06
-4.2350911912918e-06
-4.0459625664974e-06
-3.8687456328283e-06
-3.7025785822008e-06
-3.5466659033369e-06
-3.400273102438e-06
-3.2627218564846e-06
-3.1333855596806e-06
-3.0116852309851e-06
-2.8970857557826e-06
-2.7890924299922e-06
-2.6872477838749e-06
-2.5911286634167e-06
-2.5003435443476e-06
-2.4145300652305e-06
-2.3333527551976e-06
-2.2565009462148e-06
-2.1836868515278e-06
-2.1146437957383e-06
-2.049124589459e-06
-1.9869000299433e-06
-1.9277575217064e-06
-1.8714998069862e-06
-1.8179437954724e-06
-1.7669194874703e-06
-1.7182689806063e-06
-1.6718455556765e-06
-1.6275128331815e-06
-1.5851439965887e-06
-1.5446210753257e-06
-1.5058342851738e-06
-1.4686814173514e-06
-1.4330672779412e-06
-1.3989031684604e-06
-1.3661064067585e-06
-1.3345998869895e-06
-1.3043116699896e-06
-1.2751746067871e-06
-1.247125991458e-06
-1.2201072397676e-06
-1.1940635915356e-06
-1.1689438368698e-06
-1.1447000622601e-06
-1.1212874159149e-06
-1.0986638911871e-06
-1.0767901252716e-06
-1.0556292143209e-06
-1.0351465410668e-06
-1.0153096162021e-06
-9.9608793054417e-07
-9.774528191183e-07
-9.5937733471335e-07
-9.4183613064805e-07
-9.248053520457e-07
-9.0826253590455e-07
-8.9218651720705e-07
-8.765573421678e-07
-8.6135618938866e-07
-8.4656529223861e-07
-8.3216787284851e-07
-8.1814807654279e-07
-8.0449091182741e-07
-7.9118219509624e-07
-7.7820849936761e-07
-7.6555710562608e-07
-7.5321595925175e-07
-7.4117362739275e-07
-7.2941926074801e-07
-7.1794255777529e-07
-7.0673373151179e-07
-6.9578347706905e-07
-6.8508294371841e-07
-6.7462370727893e-07
-6.6439774485985e-07
-6.5439741128983e-07
-6.4461541676955e-07
-6.3504480682232e-07
-6.2567894273414e-07
-6.165114832556e-07
-6.0753636858054e-07
-5.9874780379323e-07
-5.9014024486935e-07
-5.8170838437511e-07
-5.7344713878742e-07
-5.6535163646274e-07
-5.5741720620073e-07
-5.4963936656419e-07
-5.4201381664975e-07
-5.3453642516756e-07
-5.272032235034e-07
-5.2001039598847e-07
-5.1295427323738e-07
-5.0603132396473e-07
-4.9923814871513e-07
-4.9257147371289e-07
-4.860281436947e-07
-4.7960511725393e-07
-4.7329946098601e-07
-4.67108344474e-07
-4.610290354144e-07
-4.5505889540729e-07
-4.491953753354e-07
-4.4343601137091e-07
-4.3777842172067e-07
-4.3222030189464e-07
-4.2675942272163e-07
-4.2139362594318e-07
-4.1612082174017e-07
-4.1093898556889e-07
-4.0584615601084e-07
-4.0084043123123e-07
-3.9591996745174e-07
-3.9108297568326e-07
-3.8632772065887e-07
-3.8165251775599e-07
-3.7705573105602e-07
-3.7253577212132e-07
-3.6809109754632e-07
-3.6372020759318e-07
-3.5942164435122e-07
-3.5519399014065e-07
-3.5103586633238e-07
-3.4694593140692e-07
-3.4292288019934e-07
-3.389654421591e-07
-3.3507238047803e-07
-3.3124249064934e-07
-3.2747459868514e-07
-3.2376756178016e-07
-3.2012026588367e-07
-3.1653162499038e-07
-3.1300058041231e-07
-3.0952609971623e-07
-3.0610717546599e-07
-3.0274282622705e-07
-2.9943209287454e-07
-2.9617404019127e-07
-2.9296775480316e-07
-2.8981234534865e-07
-2.8670694123485e-07
-2.8365069213635e-07
-2.8064276776944e-07
-2.7768235655616e-07
-2.7476866574775e-07
-2.7190092032315e-07
-2.6907836278445e-07
-2.6630025281648e-07
-2.6356586631992e-07
-2.6087449520882e-07
-2.5822544701148e-07
-2.556180440829e-07
-2.5305162400282e-07
-2.5052553823681e-07
-2.4803915208753e-07
-2.4559184438892e-07
-2.4318300715451e-07
-2.4081204518832e-07
-2.3847837574313e-07
-2.3618142822349e-07
-2.3392064358585e-07
-2.3169547447136e-07
-2.2950538477125e-07
-2.2734984906334e-07
-2.2522835276505e-07
-2.2314039150622e-07
-2.2108547111162e-07
-2.1906310725245e-07
-2.1707282512034e-07
-2.1511415923498e-07
-2.1318665352673e-07
-2.1128986063053e-07
-2.0942334182865e-07
-2.075866670697e-07
-2.0577941451493e-07
-2.0400117048728e-07
-2.022515292578e-07
-2.0053009282992e-07
-1.9883647057903e-07
-1.9717027943603e-07
-1.955311434642e-07
-1.9391869398599e-07
-1.9233256911722e-07
-1.9077241359804e-07
-1.8923787878513e-07
-1.8772862268553e-07
-1.8624430946588e-07
-1.8478460955357e-07
-1.8334919917507e-07
-1.8193776097325e-07
-1.8054998297465e-07
-1.7918555892709e-07
-1.7784418821987e-07
-1.7652557571593e-07
-1.7522943153093e-07
-1.7395547105259e-07
-1.7270341463857e-07
-1.7147298785417e-07
-1.702639210866e-07
-1.6907594939171e-07
-1.6790881285373e-07
-1.6676225587812e-07
-1.6563602756339e-07
-1.6452988137586e-07
-1.6344357519627e-07
-1.6237687123963e-07
-1.6132953571597e-07
-1.6030133868777e-07
-1.592920555658e-07
-1.5830146420594e-07
-1.573293470029e-07
-1.5637549014447e-07
-1.5543968332068e-07
-1.5452172031472e-07
-1.5362139819401e-07
-1.5273851768535e-07
-1.5187288302721e-07
-1.5102430163754e-07
-1.5019258459577e-07
-1.4937754641846e-07
-1.4857900423921e-07
-1.4779677889563e-07
-1.4703069411408e-07
-1.4628057685323e-07
-1.4554625710627e-07
-1.4482756772361e-07
-1.4412434439164e-07
-1.4343642593621e-07
-1.4276365376963e-07
-1.421058723071e-07
-1.4146292835871e-07
-1.4083467173044e-07
-1.4022095482765e-07
-1.396216325545e-07
-1.3903656234926e-07
-1.3846560425094e-07
-1.3790862077439e-07
-1.3736547689683e-07
-1.3683603995452e-07
-1.3632017959594e-07
-1.3581776782342e-07
-1.3532867889908e-07
-1.3485278958764e-07
-1.3438997855162e-07
-1.3394012684677e-07
-1.3350311745278e-07
-1.3307883567328e-07
-1.3266716903378e-07
-1.3226800673824e-07
-1.3188124018002e-07
-1.3150676304532e-07
-1.3114447051281e-07
-1.3079426004279e-07
-1.3045603081206e-07
-1.3012968409831e-07
-1.2981512282118e-07
-1.2951225184537e-07
-1.2922097787465e-07
-1.2894120927019e-07
-1.2867285641661e-07
-1.2841583103655e-07
-1.2817004692885e-07
-1.2793541945664e-07
-1.2771186556841e-07
-1.2749930393942e-07
-1.2729765491975e-07
-1.2710684034238e-07
-1.2692678376236e-07
-1.2675741005307e-07
-1.2659864598112e-07
-1.264504196566e-07
-1.263126606131e-07
-1.261852999175e-07
-1.2606827016784e-07
-1.2596150549312e-07
-1.2586494120206e-07
-1.2577851419705e-07
-1.2570216285666e-07
-1.2563582668012e-07
-1.2557944689489e-07
-1.2553296563461e-07
-1.2549632673262e-07
-1.2546947504757e-07
-1.2545235711567e-07
-1.2544492052947e-07
-1.2544711409419e-07
-1.2545888795228e-07
-1.2548019371781e-07
-1.2551098385952e-07
-1.2555121234101e-07
-1.2560083407706e-07
-1.2565980564377e-07
-1.2572808423878e-07
-1.2580562858411e-07
-1.2589239858225e-07
-1.2598835517633e-07
-1.2609346029082e-07
-1.2620767755602e-07
-1.2633097083493e-07
-1.2646330584894e-07
-1.2660464903387e-07
-1.2675496810058e-07
-1.269142316724e-07
-1.2708240976121e-07
-1.2725947310805e-07
-1.2744539350173e-07
-1.2764014397571e-07
-1.278436985788e-07
-1.2805603221588e-07
-1.2827712099967e-07
-1.2850694186896e-07
-1.2874547287805e-07
-1.2899269301707e-07
-1.292485825138e-07
-1.2951312209904e-07
-1.2978629384248e-07
-1.3006808070212e-07
-1.303584665798e-07
-1.3065743612296e-07
-1.3096497538708e-07
-1.3128107095058e-07
-1.3160571054346e-07
-1.3193888275006e-07
-1.3228057697166e-07
-1.326307837804e-07
-1.3298949446389e-07
-1.3335670129932e-07
-1.3373239746715e-07
-1.3411657699695e-07
-1.3450923470922e-07
-1.3491036672097e-07
-1.3531996944299e-07
-1.3573804070386e-07
-1.3616457892854e-07
-1.3659958335592e-07
-1.3704305446872e-07
-1.3749499294232e-07
-1.3795540112425e-07
-1.3842428161172e-07
-1.3890163812205e-07
-1.393874752267e-07
-1.3988179828624e-07
-1.403846133725e-07
-1.4089592771271e-07
-1.4141574923009e-07
-1.4194408652903e-07
-1.4248094929548e-07
-1.4302634798343e-07
-1.4358029387673e-07
-1.4414279896007e-07
-1.4471387625138e-07
-1.4529353959444e-07
-1.4588180338211e-07
-1.464786832627e-07
-1.4708419534623e-07
-1.4769835676419e-07
-1.4832118542734e-07
-1.4895270012188e-07
-1.4959292014776e-07
-1.5024186636003e-07
-1.5089955970256e-07
-1.5156602216726e-07
-1.5224127684686e-07
-1.5292534719917e-07
-1.5361825797768e-07
-1.5432003434499e-07
-1.5503070254815e-07
-1.5575028985227e-07
-1.5647882379278e-07
-1.5721633310009e-07
-1.5796284752906e-07
-1.5871839710147e-07
-1.594830133508e-07
-1.6025672794671e-07
-1.6103957392979e-07
-1.6183158504872e-07
-1.6263279588135e-07
-1.6344324182877e-07
-1.642629589051e-07
-1.6509198465009e-07
-1.6593035655518e-07
-1.667781137287e-07
-1.6763529583577e-07
-1.6850194331658e-07
-1.6937809763919e-07
-1.7026380110625e-07
-1.7115909680905e-07
-1.7206402876619e-07
-1.729786420348e-07
-1.7390298216886e-07
-1.7483709601923e-07
-1.7578103122616e-07
-1.7673483598866e-07
-1.7769856002661e-07
-1.7867225351752e-07
-1.796559674776e-07
-1.8064975416097e-07
-1.8165366676549e-07
-1.8266775906751e-07
-1.8369208593928e-07
-1.8472670322984e-07
-1.8577166787765e-07
-1.8682703748945e-07
-1.8789287079463e-07
-1.8896922733063e-07
-1.9005616789523e-07
-1.9115375388272e-07
-1.922620481868e-07
-1.933811141133e-07
-1.9451101635482e-07
-1.9565182036301e-07
-1.9680359299125e-07
-1.9796640151895e-07
-1.9914031464177e-07
-2.0032540226822e-07
-2.0152173483965e-07
-2.0272938421543e-07
-2.0394842327038e-07
-2.0517892584221e-07
-2.0642096688076e-07
-2.0767462258998e-07
-2.0893996989293e-07
-2.1021708710424e-07
-2.1150605376503e-07
-2.1280695017405e-07
-2.1411985810208e-07
-2.1544486037531e-07
-2.1678204079852e-07
-2.1813148455716e-07
-2.1949327787686e-07
-2.208675083629e-07
-2.2225426460593e-07
-2.2365363653331e-07
-2.2506571519967e-07
-2.2649059315826e-07
-2.2792836371455e-07
-2.2937912212628e-07
-2.3084296422877e-07
-2.3231998759291e-07
-2.338102910315e-07
-2.3531397439683e-07
-2.3683113931861e-07
-2.383618883836e-07
-2.3990632578438e-07
-2.4146455689759e-07
-2.4303668867775e-07
-2.4462282940194e-07
-2.4622308876074e-07
-2.4783757775989e-07
-2.4946640911057e-07
-2.5110969684734e-07
-2.527675565869e-07
-2.5444010509615e-07
-2.5612746124799e-07
-2.5782974474909e-07
-2.5954707792043e-07
-2.6127958362489e-07
-2.6302738674873e-07
-2.647906137354e-07
-2.6656939279004e-07
-2.6836385340033e-07
-2.7017412737575e-07
-2.7200034762196e-07
-2.7384264903256e-07
-2.7570116811491e-07
-2.7757604348249e-07
-2.7946741510126e-07
-2.8137542498477e-07
-2.8330021677277e-07
-2.8524193640165e-07
-2.8720073125267e-07
-2.8917675074533e-07
-2.9117014629338e-07
-2.9318107122503e-07
-2.9520968079728e-07
-2.9725613254152e-07
-2.9932058558787e-07
-3.0140320154243e-07
-3.0350414396666e-07
-3.0562357832088e-07
-3.0776167272593e-07
-3.0991859689332e-07
-3.1209452337656e-07
-3.142896264843e-07
-3.1650408299915e-07
-3.1873807198123e-07
-3.2099177487884e-07
-3.2326537559706e-07
-3.2555906026767e-07
-3.2787301769408e-07
-3.3020743895978e-07
-3.3256251780039e-07
-3.3493845049082e-07
-3.3733543617288e-07
-3.3975367595814e-07
-3.4219337431998e-07
-3.446547383476e-07
-3.4713797754589e-07
-3.4964330459545e-07
-3.5217093481224e-07
-3.5472108654207e-07
-3.5729398104731e-07
-3.598898425927e-07
-3.625088985115e-07
-3.6515137917014e-07
-3.6781751815705e-07
-3.7050755231172e-07
-3.732217214687e-07
-3.7596026895274e-07
-3.7872344171068e-07
-3.8151148954239e-07
-3.8432466606301e-07
-3.8716322901137e-07
-3.9002743793396e-07
-3.9291755780864e-07
-3.9583385678104e-07
-3.987766065346e-07
-4.0174608294612e-07
-4.0474256556544e-07
-4.0776633810161e-07
-4.1081768826933e-07
-4.1389690779344e-07
-4.1700429283746e-07
-4.2014014365048e-07
-4.233047649999e-07
-4.2649846620165e-07
-4.297215606528e-07
-4.3297436677494e-07
-4.3625720765636e-07
-4.3957041104672e-07
-4.4291430974637e-07
-4.4628924111095e-07
-4.496955483588e-07
-4.5313357904816e-07
-4.5660368661757e-07
-4.601062294692e-07
-4.6364157182686e-07
-4.6721008381792e-07
-4.7081214010869e-07
-4.7444812197807e-07
-4.7811841710555e-07
-4.818234184805e-07
-4.8556352564371e-07
-4.8933914440647e-07
-4.9315068714485e-07
-4.9699857267344e-07
-5.0088322678367e-07
-5.0480508194552e-07
-5.0876457783148e-07
-5.1276216114278e-07
-5.1679828626139e-07
-5.2087341474339e-07
-5.2498801619497e-07
-5.2914256795282e-07
-5.3333755513312e-07
-5.3757347171922e-07
-5.4185081963575e-07
-5.4617010976008e-07
-5.5053186168185e-07
-5.5493660403976e-07
-5.5938487474171e-07
-5.6387722147051e-07
-5.6841420138306e-07
-5.7299638174543e-07
-5.7762434005217e-07
-5.8229866443623e-07
-5.8701995377329e-07
-5.9178881791612e-07
-5.966058780196e-07
-6.0147176731051e-07
-6.0638713067195e-07
-6.113526253231e-07
-6.1636892107393e-07
-6.2143670098511e-07
-6.2655666120488e-07
-6.3172951183902e-07
-6.3695597707369e-07
-6.4223679553482e-07
-6.4757272092644e-07
-6.5296452242209e-07
-6.5841298493774e-07
-6.6391890986444e-07
-6.6948311548646e-07
-6.7510643731519e-07
-6.8078972911608e-07
-6.8653386276872e-07
-6.9233972977252e-07
-6.9820824058242e-07
-7.0414032669216e-07
-7.101369403846e-07
-7.1619905598425e-07
-7.2232766991331e-07
-7.2852380212929e-07
-7.3478849670957e-07
-7.411228225535e-07
-7.475278746808e-07
-7.5400477452507e-07
-7.6055467178932e-07
-7.6717874456905e-07
-7.7387820115444e-07
-7.8065428075463e-07
-7.8750825489021e-07
-7.9444142858519e-07
-8.0145514181e-07
-8.0855077066628e-07
-8.1572972926071e-07
-8.229934707389e-07
-8.3034348923623e-07
-8.3778132181573e-07
-8.4530854998025e-07
-8.5292680144357e-07
-8.6063775304002e-07
-8.6844313171457e-07
-8.7634471759304e-07
-8.8434434631496e-07
-8.9244391143486e-07
-9.0064536716704e-07
-9.0895073139851e-07
-9.1736208861803e-07
-9.258815934095e-07
-9.3451147349045e-07
-9.4325403352708e-07
-9.5211165953357e-07
-9.6108682228636e-07
-9.7018208183301e-07
-9.7940009297063e-07
-9.8874360885346e-07
-9.9821548803262e-07
-1.007818698461e-06
-1.0175563243985e-06
-1.0274315730123e-06
-1.0374477806294e-06
-1.0476084204086e-06
-1.0579171102646e-06
-1.0683776210038e-06
-1.0789938850585e-06
-1.089770007803e-06
-1.1007102745974e-06
-1.1118191640693e-06
-1.1231013596097e-06
-1.134561760851e-06
-1.1462054981386e-06
-1.1580379467953e-06
-1.170064741956e-06
-1.1822917953705e-06
-1.1947253136623e-06
-1.207371816575e-06
-1.2202381581407e-06
-1.2333315480721e-06
-1.2466595755032e-06
-1.2602302347147e-06
-1.2740519516098e-06
-1.2881336142026e-06
-1.302484602687e-06
-1.317114824355e-06
-1.3320347495555e-06
-1.3472554508553e-06
-1.3627886461604e-06
-1.3786467435548e-06
-1.3948428900644e-06
-1.4113910252944e-06
-1.4283059379551e-06
-1.4456033273724e-06
-1.4632998697185e-06
-1.4814132895815e-06
-1.4999624372335e-06
-1.5189673716035e-06
-1.5384494500925e-06
-1.5584314262512e-06
-1.5789375541441e-06
-1.5999937008891e-06
-1.6216274705806e-06
-1.6438683352093e-06
-1.6667477784659e-06
-1.6902994497394e-06
-1.7145593317159e-06
-1.7395659208673e-06
-1.7653604232116e-06
-1.7919869664726e-06
-1.8194928283912e-06
-1.8479286859696e-06
-1.8773488819248e-06
-1.907811718559e-06
-1.9393797706852e-06
-1.9721202278212e-06
-2.0061052638775e-06
-2.0414124376768e-06
-2.0781251291357e-06
-2.1163330078483e-06
-2.1561325460739e-06
-2.1976275719682e-06
-2.240929869694e-06
-2.2861598338452e-06
-2.3334471740162e-06
-2.3829316847821e-06
-2.434764078164e-06
-2.4891068881906e-06
-2.5461354537388e-06
-2.6060389848871e-06
-2.669021721849e-06
-2.7353041934237e-06
-2.8051245846512e-06
-2.8787402222342e-06
-2.9564291899013e-06
-3.0384920831678e-06
-3.1252539187651e-06
-3.2170662076637e-06
-3.3143092121698e-06
-3.4173943995968e-06
-3.5267671118067e-06
-3.6429094684435e-06
-3.7663435267463e-06
-3.8976347203878e-06
-4.0373956008204e-06
-4.1862899120553e-06
-4.3450370253505e-06
-4.5144167679983e-06
-4.6952746825992e-06
-4.88852775509e-06
-5.0951706544497e-06
-5.316282529718e-06
-5.5530344184047e-06
-5.8066973175809e-06
-6.078650982125e-06
-6.3703935159379e-06
-6.683551827239e-06
-7.0198930308841e-06
-7.3813368779264e-06
-7.7699693226684e-06
-8.1880573112451e-06
-8.6380649219349e-06
-9.1226709742065e-06
-9.6447882480108e-06
-1.0207584457501e-05
-1.0814505147687e-05
-1.1469298692761e-05
-1.2176043589224e-05
-1.2939178264036e-05
-1.3763533630413e-05
-1.4654368650142e-05
-1.5617409186342e-05
-1.6658890457158e-05
-1.778560342847e-05
-1.9004945521591e-05
-2.0324976042619e-05
-2.1754476782107e-05
-2.3303018277512e-05
-2.4981032277012e-05
-2.6799890996413e-05
-2.877199381963e-05
-3.0910862152387e-05
-3.323124321553e-05
-3.5749223629659e-05
-3.8482353741503e-05
-4.1449783719259e-05
-4.4672412558537e-05
-4.8173051244104e-05
-5.1976601438442e-05
-5.6110251207118e-05
-6.0603689429383e-05
-6.5489340721013e-05
-7.0802622863794e-05
-7.6582228940913e-05
-8.287043659842e-05
-8.9713447086765e-05
-9.716175700936e-05
-0.00010527056599393
-0.00011410022382429
-0.00012371672092857
-0.00013419222650791
-0.00014560567902413
-0.00015804343424227
-0.00017159997654206
-0.00018637869980323
-0.00020249276479793
-0.00022006604073402
-0.00023923413937277
-0.00026014555099824
-0.00028296289247279
-0.0003078642786449
-0.00033504482955733
-0.00036471832715464
-0.00039711903661464
-0.00043250370899195
-0.00047115378357289
-0.00051337781025569
-0.00055951411437408
-0.0006099337287088
-0.00066504362001115
-0.00072529024020896
-0.00079116343562113
-0.00086320075099007
-0.00094199216900377
-0.0010281853302567
-0.0011224912833198
-0.0012256908198409
-0.0013386414553868
-0.0014622851231767
-0.0015976566549674
-0.0017458931312547
-0.001908244191689
-0.0020860834063159
-0.0022809208189856
-0.00249441678622
-0.0027283972480374
-0.0029848705819218
-0.0032660462073962
-0.0035743551267557
-0.0039124726075456
-0.0042833432346971
-0.0046902085849306
-0.0051366378035571
-0.0056265613943261
-0.0061643085669136
-0.0067546485243647
-0.0074028361147429
-0.0081146623178706
-0.0088965100899253
-0.0097554161463488
-0.010699139327763
-0.011736236265041
-0.012876145139269
-0.014129278420942
-0.01550712557144
-0.017022366799807
-0.018688999090388
-0.020522475853531
-0.02253986170389
-0.024760004040769
-0.027203723294547
-0.029894023914844
-0.032856328412275
-0.036118737029524
-0.039712315912226
-0.043671416979618
-0.048034033063297
-0.052842192294524
-0.058142396181659
-0.063986106335714
-0.070430285380464
-0.077537998231995
-0.085379080659873
-0.094030882858403
-0.10357909667338
-0.11411867616036
-0.12575486231036
-0.13860432408477
-0.15279642937433
-0.1684746611591
-0.18579819602621
-0.20494366432947
-0.22610711368828
-0.24950620026502
-0.27538263538196
-0.30400491860203
-0.33567139247587
-0.37071365883717
-0.40950040191841
-0.45244166978679
-0.49999367282713
