-9.55343 -2.93079e-09 0.893148
-8.73344 4.20647e-08 0.746832
-8.04314 -2.24119e-07 0.63376
-7.45398 4.60065e-07 0.544569
-6.9452 2.34827e-07 0.472977
-6.50139 -2.42818e-06 0.414639
-6.11084 6.69672e-05 0.366474
-5.76448 5.62528e-05 0.326247
-5.4552 -3.44532e-06 0.292304
-5.17735 -3.49701e-06 0.263401
-4.92636 0.000149077 0.238587
-4.6985 0.000342802 0.217125
-4.49072 0.000365503 0.198439
-4.30046 0.000186519 0.182068
-4.12561 -1.08345e-05 0.167647
-3.96435 -5.61439e-07 0.154876
-3.81515 0.000420454 0.143513
-3.67671 0.00120026 0.133359
-3.54791 0.0020005 0.124249
-3.42776 0.00239442 0.116043
-3.31543 0.00208255 0.108626
-3.21017 0.00110621 0.1019
-3.11133 -9.28414e-06 0.0957816
-3.01834 -2.00481e-06 0.0902
-2.93069 0.00260633 0.085094
-2.84794 0.00971488 0.0804111
-2.76968 0.023114 0.0761058
-2.69556 0.0443431 0.0721386
-2.62525 0.0744323 0.068475
-2.55847 0.113633 0.0650848
-2.49496 0.161497 0.0619414
-2.43447 0.216813 0.0590214
-2.37681 0.277737 0.0563042
-2.32177 0.34195 0.0537715
-2.26918 0.406847 0.0514068
-2.21888 0.469733 0.0491957
-2.17072 0.528072 0.047125
-2.12457 0.579583 0.0451833
-2.0803 0.622397 0.04336
-2.03779 0.655138 0.0416456
-1.99696 0.676966 0.0400317
-1.95769 0.68759 0.0385105
-1.91989 0.687153 0.0370751
-1.8835 0.676293 0.0357191
-1.84842 0.655972 0.0344369
-1.81459 0.627424 0.033223
-1.78194 0.592037 0.0320729
-1.75041 0.551389 0.030982
-1.71995 0.506933 0.0299465
-1.69049 0.460168 0.0289625
-1.662 0.412426 0.0280267
-1.63442 0.36497 0.0271361
-1.60771 0.318817 0.0262878
-1.58182 0.2748 0.0254791
-1.55673 0.23367 0.0247077
-1.53239 0.195814 0.0239711
-1.50877 0.161615 0.0232675
-1.48584 0.131235 0.0225949
-1.46357 0.104687 0.0219513
-1.44192 0.0818428 0.0213353
-1.42088 0.0625205 0.0207453
-1.40042 0.0466111 0.0201798
-1.38051 0.0337149 0.0196374
-1.36113 0.0234695 0.019117
-1.34227 0.0155406 0.0186174
-1.32389 0.00965786 0.0181374
-1.30598 0.00546325 0.0176761
-1.28853 0.00283401 0.0172325
-1.27151 0.000722886 0.0168057
-1.25491 4.80974e-05 0.0163948
-1.23871 -0.000189647 0.0159992
-1.2229 -6.42228e-06 0.015618
-1.20747 0.000458291 0.0152505
-1.19239 0.00108001 0.0148962
-1.17767 0.00174815 0.0145543
-1.16328 0.00239295 0.0142243
-1.14922 0.00281099 0.0139057
-1.13546 0.00334015 0.0135979
-1.12201 0.00375785 0.0133005
-1.10886 0.00392437 0.0130129
-1.09598 0.0040829 0.0127349
-1.08338 0.00391863 0.0124659
-1.07105 0.00374331 0.0122055
-1.05897 0.00347093 0.0119535
-1.04714 0.00319043 0.0117094
-1.03555 0.00299557 0.0114729
-1.02419 0.00243685 0.0112437
-1.01305 0.00202561 0.0110215
-1.00214 0.00162243 0.0108061
-0.99144 0.00126273 0.0105971
-0.980944 0.000902451 0.0103943
-0.970648 0.000575865 0.0101974
-0.960546 0.000385247 0.0100063
-0.950633 0.000127585 0.0098207
-0.940902 8.76207e-05 0.0096404
-0.931349 -7.8239e-05 0.00946519
-0.921969 -0.000188024 0.00929488
-0.912757 -0.000101588 0.00912931
-0.903708 -0.000240252 0.00896829
-0.894818 -0.000227588 0.00881166
-0.886083 -7.97834e-05 0.00865925
-0.877498 -2.41652e-05 0.00851093
-0.869059 0.000122533 0.00836654
-0.860763 0.000228847 0.00822596
-0.852605 -0.000181673 0.00808903
-0.844583 0.00050854 0.00795565
-0.836692 0.000495691 0.00782569
-0.82893 0.000314349 0.00769903
-0.821293 0.000679787 0.00757556
-0.813777 0.000771689 0.00745518
-0.806381 0.000808406 0.00733779
-0.7991 0.000854811 0.00722328
-0.791933 0.000904667 0.00711156
-0.784876 0.000821817 0.00700255
-0.777927 0.000909004 0.00689616
-0.771082 0.000852589 0.0067923
-0.764341 0.000685639 0.00669089
-0.757699 0.000693635 0.00659186
-0.751156 0.000721215 0.00649514
-0.744708 0.000664187 0.00640065
-0.738353 0.000653705 0.00630833
-0.73209 0.000617907 0.00621811
-0.725916 0.000511476 0.00612992
-0.719829 0.000268753 0.00604371
-0.713828 1.6417e-06 0.00595942
-0.70791 0.000172594 0.00587699
-0.702073 0.000101268 0.00579637
-0.696316 -0.000551912 0.0057175
-0.690637 1.03596e-05 0.00564034
-0.685034 0.000390546 0.00556484
-0.679507 -0.000135685 0.00549094
-0.674052 -0.000177822 0.00541861
-0.668669 -0.000198562 0.0053478
-0.663355 -0.000229337 0.00527847
-0.658111 -0.000231694 0.00521057
-0.652934 -5.82222e-05 0.00514408
-0.647822 -0.000253388 0.00507894
-0.642775 -0.000306191 0.00501513
-0.637791 -0.000231777 0.0049526
-0.632869 3.97292e-05 0.00489134
-0.628008 -0.000245606 0.00483129
-0.623206 0.000113276 0.00477243
-0.618463 6.7903e-05 0.00471473
-0.613776 4.39565e-05 0.00465815
-0.609146 4.09797e-05 0.00460268
-0.60457 -0.000122356 0.00454827
-0.600049 0.000355144 0.00449491
-0.59558 0.000204982 0.00444257
-0.591163 0.000221359 0.00439122
-0.586797 0.000178962 0.00434084
-0.582481 5.67406e-05 0.0042914
-0.578214 3.41643e-05 0.00424288
-0.573995 1.56686e-05 0.00419525
-0.569823 -0.000628722 0.0041485
-0.565697 8.71794e-05 0.00410261
-0.561617 0.000442737 0.00405755
-0.557582 -0.000235181 0.0040133
-0.55359 0.0010708 0.00396985
-0.549642 0.00120835 0.00392718
-0.545735 0.000242625 0.00388526
-0.541871 0.000540356 0.00384408
-0.538047 0.000164991 0.00380363
-0.534263 0.000473439 0.00376388
-0.530519 0.000443603 0.00372482
-0.526813 -0.000177273 0.00368644
-0.523146 0.000452657 0.00364871
-0.519515 0.000390583 0.00361163
-0.515922 8.59357e-06 0.00357518
-0.512365 9.20886e-06 0.00353935
-0.508843 2.79161e-05 0.00350411
-0.505356 0.000279771 0.00346947
-0.501904 -0.000230509 0.0034354
-0.498485 -8.745e-05 0.0034019
-0.4951 0.000107941 0.00336894
-0.491747 -0.000562053 0.00333653
-0.488426 -0.000242694 0.00330464
-0.485137 -9.13385e-06 0.00327328
-0.48188 -1.38868e-05 0.00324241
-0.478652 -1.24225e-05 0.00321204
-0.475455 1.1041e-05 0.00318216
-0.472288 8.86044e-05 0.00315275
-0.469149 -0.000144929 0.00312381
-0.46604 -0.000489657 0.00309532
-0.462959 6.20322e-05 0.00306728
-0.459905 -0.000109526 0.00303967
-0.456879 -3.34244e-05 0.00301249
-0.45388 -0.000664808 0.00298573
-0.450907 -0.000207195 0.00295938
-0.447961 -4.86874e-05 0.00293344
-0.44504 -0.000385117 0.00290789
-0.442145 0.00103306 0.00288272
-0.439275 -0.000656266 0.00285794
-0.436429 0.000716235 0.00283352
-0.433607 0.000407818 0.00280947
-0.43081 0.000309796 0.00278578
-0.428036 0.000291767 0.00276244
-0.425285 -0.000260109 0.00273944
-0.422557 -0.000458224 0.00271678
-0.419851 -0.00033874 0.00269446
-0.417168 0.000112985 0.00267245
-0.414506 -0.000451963 0.00265077
-0.411866 -0.000433756 0.00262939
-0.409247 0.000154385 0.00260833
-0.406649 0.00014622 0.00258756
-0.404072 -0.000200274 0.00256709
-0.401515 0.00015461 0.00254691
-0.398978 0.000139861 0.00252701
-0.396461 0.000195938 0.0025074
-0.393963 0.000171645 0.00248806
-0.391484 0.000439662 0.00246899
-0.389025 0.000184814 0.00245018
-0.386584 0.000177565 0.00243163
-0.384161 -0.000178247 0.00241334
-0.381757 -0.000144117 0.0023953
-0.379371 -3.83724e-05 0.00237751
-0.377002 0.000109452 0.00235995
-0.374651 0.000779229 0.00234264
-0.372317 0.000120868 0.00232556
-0.369999 0.000112769 0.00230871
-0.367699 9.18973e-05 0.00229208
-0.365415 0.000197097 0.00227568
-0.363148 0.000500368 0.00225949
-0.360896 1.96924e-05 0.00224352
-0.35866 6.80743e-05 0.00222776
-0.35644 5.3898e-05 0.00221221
-0.354236 0.00035608 0.00219686
-0.352047 -2.69121e-05 0.00218172
-0.349872 0.000289862 0.00216676
-0.347713 -8.6321e-05 0.00215201
-0.345568 0.00037982 0.00213744
-0.343438 -2.99448e-05 0.00212306
-0.341322 -0.000835038 0.00210887
-0.33922 -0.000401281 0.00209485
-0.337132 -0.00186877 0.00208102
-0.335058 5.56057e-05 0.00206736
-0.332997 -0.00141503 0.00205387
-0.33095 0.00072671 0.00204056
-0.328916 -0.00133157 0.00202741
-0.326895 -0.000707175 0.00201442
-0.324887 0.000688665 0.0020016
-0.322892 0.000302018 0.00198894
-0.320909 0.000420482 0.00197644
-0.318939 0.000749911 0.00196408
-0.316981 0.00107133 0.00195189
-0.315035 8.59513e-05 0.00193984
-0.313101 1.2301e-05 0.00192794
-0.311179 -1.10205e-05 0.00191618
-0.309269 0.00103319 0.00190457
-0.30737 0.000174207 0.0018931
-0.305483 0.00112146 0.00188177
-0.303606 -4.88179e-05 0.00187057
-0.301741 0.00166834 0.00185951
-0.299887 0.00229033 0.00184858
-0.298044 3.00216e-05 0.00183779
-0.296212 -0.000424049 0.00182712
-0.29439 -0.000724739 0.00181658
-0.292578 -0.000598108 0.00180616
-0.290777 -7.79957e-05 0.00179587
-0.288987 -0.000880522 0.0017857
-0.287206 -0.000541889 0.00177565
-0.285435 -0.000202617 0.00176571
-0.283675 -0.000421805 0.0017559
-0.281923 -0.000410222 0.00174619
-0.280182 -0.000442689 0.0017366
-0.27845 -0.000894284 0.00172713
-0.276728 -0.0004542 0.00171776
-0.275015 -0.000353536 0.0017085
-0.273311 9.57837e-05 0.00169934
-0.271616 5.0647e-05 0.0016903
-0.26993 2.22536e-05 0.00168135
-0.268253 0.000222937 0.00167251
-0.266585 -2.40149e-06 0.00166377
-0.264926 -0.000256614 0.00165513
-0.263275 0.000130351 0.00164659
-0.261632 -0.000256965 0.00163814
-0.259998 -0.000122525 0.00162979
-0.258373 -2.51475e-05 0.00162154
-0.256755 3.53363e-05 0.00161337
-0.255146 0.00195543 0.0016053
-0.253545 0.00249428 0.00159732
-0.251951 0.000390958 0.00158943
-0.250366 0.000150979 0.00158163
-0.248788 0.00171393 0.00157391
-0.247218 0.000723813 0.00156628
-0.245655 -1.01868e-05 0.00155874
-0.2441 0.000585476 0.00155128
-0.242553 0.00109617 0.0015439
-0.241012 -1.39103e-05 0.0015366
-0.239479 -0.000153412 0.00152939
-0.237954 -0.000483867 0.00152225
-0.236435 7.47354e-05 0.00151519
-0.234923 -0.00139367 0.00150821
-0.233418 -0.000926713 0.00150131
-0.231921 -0.000631806 0.00149448
-0.230429 0.000316697 0.00148773
-0.228945 -0.0017054 0.00148105
-0.227467 -0.00236926 0.00147444
-0.225996 -0.00208895 0.0014679
-0.224531 -0.00281453 0.00146144
-0.223073 -0.00273256 0.00145504
-0.221621 0.000598293 0.00144872
-0.220176 0.000806331 0.00144246
-0.218736 0.000400228 0.00143627
-0.217303 0.000784923 0.00143015
-0.215876 0.000482659 0.00142409
-0.214455 0.000568926 0.0014181
-0.21304 0.00084964 0.00141218
-0.211631 0.00121278 0.00140631
-0.210227 0.000816915 0.00140051
-0.20883 0.00139374 0.00139477
-0.207438 0.00113111 0.0013891
-0.206051 0.000879799 0.00138348
-0.204671 0.000553234 0.00137793
-0.203295 0.000838887 0.00137243
-0.201926 0.000671731 0.00136699
-0.200561 0.000621067 0.00136161
-0.199202 0.00109813 0.00135629
-0.197849 0.000941602 0.00135103
-0.1965 0.000673227 0.00134582
-0.195157 0.00119294 0.00134066
-0.193819 -0.00328881 0.00133556
-0.192486 0.0015201 0.00133052
-0.191158 0.000294632 0.00132553
-0.189835 0.000401705 0.00132059
-0.188517 0.000682032 0.0013157
-0.187203 0.000395267 0.00131087
-0.185895 0.000214976 0.00130609
-0.184591 0.000398324 0.00130135
-0.183292 -0.00250351 0.00129667
-0.181998 -9.06086e-05 0.00129204
-0.180708 -0.00291376 0.00128746
-0.179423 0.000531559 0.00128292
-0.178142 0.000482071 0.00127844
-0.176866 -0.00103292 0.001274
-0.175594 -0.000685944 0.00126961
-0.174327 0.000155249 0.00126526
-0.173064 0.000199118 0.00126096
-0.171805 5.84965e-05 0.00125671
-0.17055 -0.000816611 0.0012525
-0.1693 -0.0025724 0.00124834
-0.168054 9.37878e-05 0.00124422
-0.166811 -0.00139621 0.00124015
-0.165573 -0.00177303 0.00123611
-0.164339 -0.00109384 0.00123212
-0.163109 -0.00143016 0.00122818
-0.161883 -0.000918716 0.00122427
-0.16066 0.000459098 0.00122041
-0.159442 0.00049617 0.00121659
-0.158227 0.000916766 0.00121281
-0.157016 0.00145734 0.00120907
-0.155809 0.00106332 0.00120537
-0.154606 0.0014186 0.00120171
-0.153406 0.00157426 0.00119809
-0.152209 0.00224553 0.00119451
-0.151017 0.00235615 0.00119097
-0.149827 0.00263157 0.00118746
-0.148642 -0.000772562 0.00118399
-0.147459 0.00261015 0.00118056
-0.14628 -0.000957264 0.00117717
-0.145105 0.0032914 0.00117382
-0.143933 -0.00108674 0.0011705
-0.142764 -0.000616212 0.00116721
-0.141598 -0.00175809 0.00116397
-0.140436 -0.00107687 0.00116075
-0.139277 -0.00243374 0.00115758
-0.138121 -0.00114396 0.00115444
-0.136968 -0.0016894 0.00115133
-0.135818 -0.000982996 0.00114826
-0.134671 -0.00287281 0.00114522
-0.133528 0.00386385 0.00114221
-0.132387 -0.00174504 0.00113924
-0.131249 -0.00139977 0.0011363
-0.130114 -0.00148085 0.0011334
-0.128982 -0.00156565 0.00113052
-0.127853 0.00364091 0.00112768
-0.126727 0.0035941 0.00112487
-0.125604 -0.00160736 0.0011221
-0.124483 -0.00147007 0.00111935
-0.123365 -0.00116396 0.00111664
-0.12225 -0.00132254 0.00111395
-0.121137 -0.00107827 0.0011113
-0.120027 0.00288863 0.00110868
-0.11892 -0.00127827 0.00110608
-0.117815 0.00212347 0.00110352
-0.116712 0.0036782 0.00110099
-0.115613 -0.00148362 0.00109849
-0.114516 0.00159859 0.00109601
-0.113421 -0.00118474 0.00109357
-0.112328 -0.000106803 0.00109115
-0.111238 -0.000185679 0.00108877
-0.110151 0.00119278 0.00108641
-0.109066 0.00024938 0.00108408
-0.107983 0.00303195 0.00108177
-0.106902 0.00365523 0.0010795
-0.105824 0.000715879 0.00107725
-0.104747 0.00236467 0.00107503
-0.103674 -1.65676e-05 0.00107284
-0.102602 0.000647816 0.00107067
-0.101532 -0.000138317 0.00106853
-0.100465 -0.00176269 0.00106642
-0.0993993 -0.000523517 0.00106433
-0.098336 -0.00251489 0.00106227
-0.0972748 -0.00161366 0.00106024
-0.0962155 -0.000963587 0.00105823
-0.0951583 -0.00176455 0.00105625
-0.094103 -0.00264095 0.00105429
-0.0930497 -0.00274818 0.00105236
-0.0919983 -0.0030825 0.00105046
-0.0909488 -0.00346689 0.00104858
-0.0899011 0.00061611 0.00104672
-0.0888553 0.000767396 0.00104489
-0.0878113 0.000809929 0.00104308
-0.0867692 0.000458095 0.0010413
-0.0857287 0.000564606 0.00103954
-0.0846901 0.00080829 0.00103781
-0.0836531 0.000672599 0.0010361
-0.0826179 0.00109866 0.00103441
-0.0815843 0.00111429 0.00103275
-0.0805523 0.000786229 0.00103111
-0.079522 0.000739835 0.00102949
-0.0784933 0.000975713 0.0010279
-0.0774662 0.00103303 0.00102633
-0.0764407 0.00104871 0.00102478
-0.0754167 0.000883602 0.00102326
-0.0743941 0.000726884 0.00102176
-0.0733731 0.00101822 0.00102028
-0.0723536 0.00052722 0.00101883
-0.0713355 0.000879556 0.00101739
-0.0703188 0.00114218 0.00101598
-0.0693035 0.000672754 0.00101459
-0.0682896 0.000985791 0.00101323
-0.067277 0.000549765 0.00101188
-0.0662658 0.000956709 0.00101056
-0.0652559 0.000640455 0.00100926
-0.0642473 0.000460418 0.00100798
-0.0632399 -0.00358957 0.00100672
-0.0622338 -0.00339742 0.00100548
-0.0612289 0.000138029 0.00100427
-0.0602253 -0.00226215 0.00100307
-0.0592228 -0.00182764 0.0010019
-0.0582215 -0.00168983 0.00100075
-0.0572213 -0.000993897 0.000999618
-0.0562222 0.00186669 0.000998507
-0.0552242 7.30804e-05 0.000997418
-0.0542274 0.000305655 0.000996349
-0.0532315 0.00120086 0.0009953
-0.0522368 -7.83625e-06 0.000994273
-0.051243 -3.07795e-05 0.000993265
-0.0502502 0.00179345 0.000992278
-0.0492584 0.00265716 0.000991311
-0.0482676 -0.000902698 0.000990364
-0.0472777 0.00293238 0.000989438
-0.0462887 -0.000123698 0.000988531
-0.0453006 -0.000176107 0.000987645
-0.0443134 -0.000385813 0.000986778
-0.043327 -0.00078222 0.000985931
-0.0423415 -0.000953685 0.000985104
-0.0413568 -0.000838079 0.000984297
-0.0403729 -0.000814332 0.000983509
-0.0393898 -0.000940036 0.000982741
-0.0384074 -0.000995541 0.000981992
-0.0374258 -0.000731053 0.000981263
-0.0364449 -0.000907784 0.000980553
-0.0354647 -0.000890155 0.000979862
-0.0344852 -0.000816307 0.000979191
-0.0335063 -0.00042175 0.000978539
-0.0325281 -0.00025431 0.000977906
-0.0315505 -0.00083078 0.000977292
-0.0305735 -0.000758912 0.000976698
-0.0295971 -0.000477054 0.000976122
-0.0286212 -0.000645567 0.000975566
-0.0276459 2.55737e-05 0.000975028
-0.0266712 -0.000254452 0.000974509
-0.0256969 0.00217661 0.000974009
-0.0247231 0.00235004 0.000973528
-0.0237498 -0.000506872 0.000973066
-0.022777 0.00216815 0.000972623
-0.0218046 0.00113558 0.000972198
-0.0208326 0.00165092 0.000971792
-0.019861 0.000124373 0.000971405
-0.0188898 -0.000801642 0.000971036
-0.0179189 0.000284963 0.000970686
-0.0169484 0.000241345 0.000970354
-0.0159782 -0.000795666 0.000970041
-0.0150083 -0.00142714 0.000969747
-0.0140387 -0.000355264 0.000969471
-0.0130693 -0.00192151 0.000969214
-0.0121002 -0.00214577 0.000968975
-0.0111314 0.000853864 0.000968754
-0.0101627 0.000793784 0.000968552
-0.00919427 0.000798477 0.000968368
-0.00822598 0.000840362 0.000968203
-0.00725785 0.000815746 0.000968056
-0.00628986 4.88486e-05 0.000967928
-0.00532199 0.000749162 0.000967818
-0.00435422 4.51536e-05 0.000967726
-0.00338653 0.000167494 0.000967653
-0.0024189 0.000304455 0.000967598
-0.00145132 0.000184153 0.000967561
-0.000483771 0.000289374 0.000967543
0.000483771 0.000116367 0.000967543
0.00145132 -0.000301201 0.000967561
0.0024189 -0.000289063 0.000967598
0.00338653 7.22909e-05 0.000967653
0.00435422 6.42254e-05 0.000967726
0.00532199 -0.000143095 0.000967818
0.00628986 -0.000582409 0.000967928
0.00725785 0.00117369 0.000968056
0.00822598 0.000187955 0.000968203
0.00919427 0.000258258 0.000968368
0.0101627 0.000607823 0.000968552
0.0111314 0.00137696 0.000968754
0.0121002 -0.000377332 0.000968975
0.0130693 0.00181599 0.000969214
0.0140387 0.000428739 0.000969471
0.0150083 0.00214992 0.000969747
0.0159782 -0.000339171 0.000970041
0.0169484 0.00136965 0.000970354
0.0179189 -0.000941804 0.000970686
0.0188898 -0.00103077 0.000971036
0.019861 -0.00122847 0.000971405
0.0208326 -0.00107104 0.000971792
0.0218046 -0.000735394 0.000972198
0.022777 -0.00117106 0.000972623
0.0237498 -0.00113335 0.000973066
0.0247231 -0.00114701 0.000973528
0.0256969 -0.00129513 0.000974009
0.0266712 -0.00144326 0.000974509
0.0276459 -0.00108124 0.000975028
0.0286212 -0.0014893 0.000975566
0.0295971 -0.00106046 0.000976122
0.0305735 -0.00137288 0.000976698
0.0315505 -0.000854752 0.000977292
0.0325281 -0.00103144 0.000977906
0.0335063 -0.000319539 0.000978539
0.0344852 -0.00118952 0.000979191
0.0354647 0.00348005 0.000979862
0.0364449 0.00369472 0.000980553
0.0374258 -0.000746607 0.000981263
0.0384074 0.00332844 0.000981992
0.0393898 0.00160015 0.000982741
0.0403729 0.00309263 0.000983509
0.0413568 0.00207653 0.000984297
0.0423415 -0.000617769 0.000985104
0.043327 -0.000399616 0.000985931
0.0443134 -0.000271607 0.000986778
0.0453006 -0.000263498 0.000987645
0.0462887 -9.61027e-05 0.000988531
0.0472777 0.000287345 0.000989438
0.0482676 0.00025128 0.000990364
0.0492584 -0.00213507 0.000991311
0.0502502 -0.00279417 0.000992278
0.051243 -0.00158668 0.000993265
0.0522368 0.000104084 0.000994273
0.0532315 -0.00259859 0.0009953
0.0542274 0.00140615 0.000996349
0.0552242 0.000508546 0.000997418
0.0562222 -0.00248482 0.000998507
0.0572213 -0.00278307 0.000999618
0.0582215 0.00133598 0.00100075
0.0592228 0.00114172 0.0010019
0.0602253 -0.00312662 0.00100307
0.0612289 0.0017812 0.00100427
0.0622338 0.00173223 0.00100548
0.0632399 0.00108147 0.00100672
0.0642473 -0.00336314 0.00100798
0.0652559 0.00186864 0.00100926
0.0662658 0.00204057 0.00101056
0.067277 0.0013157 0.00101188
0.0682896 0.00232867 0.00101323
0.0693035 0.00232311 0.00101459
0.0703188 0.00208805 0.00101598
0.0713355 -0.00327028 0.00101739
0.0723536 -0.00324306 0.00101883
0.0733731 0.00241594 0.00102028
0.0743941 0.00156914 0.00102176
0.0754167 -0.00300181 0.00102326
0.0764407 0.00273135 0.00102478
0.0774662 -0.00246016 0.00102633
0.0784933 0.00270974 0.0010279
0.079522 -0.00142595 0.00102949
0.0805523 -0.0010198 0.00103111
0.0815843 -0.000932062 0.00103275
0.0826179 -0.00018379 0.00103441
0.0836531 0.0005418 0.0010361
0.0846901 0.000548697 0.00103781
0.0857287 -0.00108298 0.00103954
0.0867692 -0.00117673 0.0010413
0.0878113 0.000173514 0.00104308
0.0888553 0.000245043 0.00104489
0.0899011 0.00213784 0.00104672
0.0909488 0.00159662 0.00104858
0.0919983 0.000502911 0.00105046
0.0930497 0.00202504 0.00105236
0.094103 0.00171231 0.00105429
0.0951583 -0.000817509 0.00105625
0.0962155 0.00346195 0.00105823
0.0972748 -0.00095468 0.00106024
0.098336 0.000515994 0.00106227
0.0993993 0.00254275 0.00106433
0.100465 -0.000665372 0.00106642
0.101532 -0.000738096 0.00106853
0.102602 0.00252999 0.00107067
0.103674 0.00290866 0.00107284
0.104747 -0.000915029 0.00107503
0.105824 -0.00092709 0.00107725
0.106902 -0.000968951 0.0010795
0.107983 -0.00100584 0.00108177
0.109066 -0.00103775 0.00108408
0.110151 -0.000923473 0.00108641
0.111238 -0.000945106 0.00108877
0.112328 -0.0010939 0.00109115
0.113421 -0.00120064 0.00109357
0.114516 -0.00096192 0.00109601
0.115613 -0.00118248 0.00109849
0.116712 -0.00102615 0.00110099
0.117815 -0.00115657 0.00110352
0.11892 -0.00119454 0.00110608
0.120027 -0.00181334 0.00110868
0.121137 -0.00155298 0.0011113
0.12225 -0.000953622 0.00111395
0.123365 -0.00115072 0.00111664
0.124483 -0.000986433 0.00111935
0.125604 -0.000965448 0.0011221
0.126727 -3.53607e-05 0.00112487
0.127853 -0.00104423 0.00112768
0.128982 -0.000526884 0.00113052
0.130114 -0.00146124 0.0011334
0.131249 -0.000529201 0.0011363
0.132387 -0.00078064 0.00113924
0.133528 -0.000941095 0.00114221
0.134671 -0.000314684 0.00114522
0.135818 -0.000572447 0.00114826
0.136968 0.0038836 0.00115133
0.138121 -0.000579488 0.00115444
0.139277 0.00377676 0.00115758
0.140436 -0.000415785 0.00116075
0.141598 0.00347634 0.00116397
0.142764 -0.000640566 0.00116721
0.143933 0.00318467 0.0011705
0.145105 0.00210065 0.00117382
0.14628 0.00205517 0.00117717
0.147459 0.00173782 0.00118056
0.148642 0.000996651 0.00118399
0.149827 0.000915443 0.00118746
0.151017 0.000353384 0.00119097
0.152209 -0.000645677 0.00119451
0.153406 0.000828829 0.00119809
0.154606 -0.00275473 0.00120171
0.155809 -0.00174341 0.00120537
0.157016 -0.000521702 0.00120907
0.158227 -0.00263385 0.00121281
0.159442 -0.000112417 0.00121659
0.16066 -0.000805424 0.00122041
0.161883 -0.00092237 0.00122427
0.163109 -0.000954347 0.00122818
0.164339 -0.00104027 0.00123212
0.165573 7.16157e-06 0.00123611
0.166811 -0.0013558 0.00124015
0.168054 0.00108833 0.00124422
0.1693 -0.00181093 0.00124834
0.17055 -0.00215909 0.0012525
0.171805 0.00116402 0.00125671
0.173064 -0.0022944 0.00126096
0.174327 -0.00193981 0.00126526
0.175594 0.00130617 0.00126961
0.176866 0.00139406 0.001274
0.178142 0.00117228 0.00127844
0.179423 0.000756115 0.00128292
0.180708 0.00137584 0.00128746
0.181998 0.00138124 0.00129204
0.183292 -0.00294467 0.00129667
0.184591 0.00155232 0.00130135
0.185895 0.00150016 0.00130609
0.187203 0.00147845 0.00131087
0.188517 0.000787199 0.0013157
0.189835 0.00208814 0.00132059
0.191158 0.00167036 0.00132553
0.192486 0.00140575 0.00133052
0.193819 0.00142649 0.00133556
0.195157 0.00109596 0.00134066
0.1965 0.00155607 0.00134582
0.197849 0.00113253 0.00135103
0.199202 0.00088132 0.00135629
0.200561 0.000641796 0.00136161
0.201926 0.00113188 0.00136699
0.203295 0.000928936 0.00137243
0.204671 0.00100018 0.00137793
0.206051 0.000442431 0.00138348
0.207438 -0.00269385 0.0013891
0.20883 0.000809748 0.00139477
0.210227 0.00127818 0.00140051
0.211631 -0.00198125 0.00140631
0.21304 -0.00125813 0.00141218
0.214455 -0.00261824 0.0014181
0.215876 -0.00270169 0.00142409
0.217303 0.000840068 0.00143015
0.218736 0.000411497 0.00143627
0.220176 -0.00213285 0.00144246
0.221621 -0.00154896 0.00144872
0.223073 -0.00313772 0.00145504
0.224531 -0.0022825 0.00146144
0.225996 0.00203327 0.0014679
0.227467 -0.0020666 0.00147444
0.228945 -0.00223553 0.00148105
0.230429 0.00136662 0.00148773
0.231921 0.0030805 0.00149448
0.233418 -0.00217039 0.00150131
0.234923 0.000403796 0.00150821
0.236435 0.00259762 0.00151519
0.237954 0.000848792 0.00152225
0.239479 -0.000556153 0.00152939
0.241012 0.00270176 0.0015366
0.242553 -0.000382895 0.0015439
0.2441 0.00173927 0.00155128
0.245655 -0.00035828 0.00155874
0.247218 -0.000510915 0.00156628
0.248788 0.00088718 0.00157391
0.250366 -0.000482929 0.00158163
0.251951 0.00252332 0.00158943
0.253545 -0.000569908 0.00159732
0.255146 -0.000555398 0.0016053
0.256755 -0.000552646 0.00161337
0.258373 -0.0005126 0.00162154
0.259998 0.00102623 0.00162979
0.261632 -0.000623779 0.00163814
0.263275 -0.00052516 0.00164659
0.264926 -0.00056967 0.00165513
0.266585 -0.000505486 0.00166377
0.268253 -0.000524015 0.00167251
0.26993 -0.000465699 0.00168135
0.271616 -0.000452779 0.0016903
0.273311 -0.000644141 0.00169934
0.275015 -0.000428186 0.0017085
0.276728 -0.000319801 0.00171776
0.27845 -0.000418323 0.00172713
0.280182 -0.000350169 0.0017366
0.281923 -0.000350334 0.00174619
0.283675 -0.000578525 0.0017559
0.285435 -0.000152084 0.00176571
0.287206 0.000345978 0.00177565
0.288987 -7.44314e-05 0.0017857
0.290777 -0.000183202 0.00179587
0.292578 0.000111957 0.00180616
0.29439 0.000381283 0.00181658
0.296212 3.36944e-05 0.00182712
0.298044 0.000512218 0.00183779
0.299887 0.000706373 0.00184858
0.301741 0.000183852 0.00185951
0.303606 -0.000576214 0.00187057
0.305483 0.000657753 0.00188177
0.30737 3.35536e-05 0.0018931
0.309269 0.00202747 0.00190457
0.311179 0.00281139 0.00191618
0.313101 0.00136868 0.00192794
0.315035 0.00119897 0.00193984
0.316981 -0.000445843 0.00195189
0.318939 -0.000772008 0.00196408
0.320909 -0.000677239 0.00197644
0.322892 8.75461e-05 0.00198894
0.324887 -0.000417679 0.0020016
0.326895 0.000941637 0.00201442
0.328916 -0.000583115 0.00202741
0.33095 0.00100566 0.00204056
0.332997 -0.000994641 0.00205387
0.335058 -0.0021804 0.00206736
0.337132 0.000727582 0.00208102
0.33922 0.000676693 0.00209485
0.341322 -5.50317e-05 0.00210887
0.343438 -0.00118381 0.00212306
0.345568 0.000745613 0.00213744
0.347713 0.000817107 0.00215201
0.349872 -0.0013568 0.00216676
0.352047 -0.000782361 0.00218172
0.354236 0.000747274 0.00219686
0.35644 0.0006278 0.00221221
0.35866 0.000645669 0.00222776
0.360896 0.000639873 0.00224352
0.363148 0.00048325 0.00225949
0.365415 0.000375821 0.00227568
0.367699 0.000398047 0.00229208
0.369999 0.000431325 0.00230871
0.372317 0.000195759 0.00232556
0.374651 -0.000555716 0.00234264
0.377002 0.000334511 0.00235995
0.379371 6.84527e-05 0.00237751
0.381757 0.000490888 0.0023953
0.384161 0.000611221 0.00241334
0.386584 8.84343e-05 0.00243163
0.389025 -0.00049418 0.00245018
0.391484 0.000413863 0.00246899
0.393963 -0.000252805 0.00248806
0.396461 -9.817e-05 0.0025074
0.398978 -4.84111e-05 0.00252701
0.401515 -0.000530669 0.00254691
0.404072 -0.000265384 0.00256709
0.406649 -0.000466849 0.00258756
0.409247 0.0001433 0.00260833
0.411866 -0.000394263 0.00262939
0.414506 -0.000432201 0.00265077
0.417168 -0.00132614 0.00267245
0.419851 -0.00114423 0.00269446
0.422557 0.000250066 0.00271678
0.425285 -5.15818e-05 0.00273944
0.428036 0.00101947 0.00276244
0.43081 0.00069257 0.00278578
0.433607 0.000269617 0.00280947
0.436429 0.0010109 0.00283352
0.439275 -0.000140402 0.00285794
0.442145 -0.000152123 0.00288272
0.44504 4.90957e-06 0.00290789
0.447961 -0.000230681 0.00293344
0.450907 -0.000495689 0.00295938
0.45388 -0.000417683 0.00298573
0.456879 -0.000456416 0.00301249
0.459905 -0.000349652 0.00303967
0.462959 -0.000375711 0.00306728
0.46604 -0.000296415 0.00309532
0.469149 -0.000294984 0.00312381
0.472288 -0.000151373 0.00315275
0.475455 -0.000139225 0.00318216
0.478652 -7.25641e-05 0.00321204
0.48188 -7.81785e-06 0.00324241
0.485137 4.17284e-05 0.00327328
0.488426 5.94318e-06 0.00330464
0.491747 0.00015329 0.00333653
0.4951 -0.000136067 0.00336894
0.498485 -0.000176227 0.0034019
0.501904 0.000246124 0.0034354
0.505356 0.000104446 0.00346947
0.508843 0.000461122 0.00350411
0.512365 0.000240109 0.00353935
0.515922 0.000600603 0.00357518
0.519515 0.000160478 0.00361163
0.523146 0.000120741 0.00364871
0.526813 0.000564136 0.00368644
0.530519 0.000162639 0.00372482
0.534263 -2.87798e-05 0.00376388
0.538047 0.000167358 0.00380363
0.541871 0.00132707 0.00384408
0.545735 0.00107006 0.00388526
0.549642 0.00063204 0.00392718
0.55359 0.000118113 0.00396985
0.557582 -0.000110857 0.0040133
0.561617 0.000495646 0.00405755
0.565697 0.000711941 0.00410261
0.569823 0.000407287 0.0041485
0.573995 0.000480258 0.00419525
0.578214 0.000255118 0.00424288
0.582481 0.000228339 0.0042914
0.586797 0.000104767 0.00434084
0.591163 -0.0010264 0.00439122
0.59558 1.44593e-05 0.00444257
0.600049 -9.66153e-05 0.00449491
0.60457 -0.000132317 0.00454827
0.609146 3.5973e-05 0.00460268
0.613776 -0.000125785 0.00465815
0.618463 -0.000213692 0.00471473
0.623206 -0.000264269 0.00477243
0.628008 -0.000175135 0.00483129
0.632869 -0.000144025 0.00489134
0.637791 -0.000385978 0.0049526
0.642775 -0.000305836 0.00501513
0.647822 0.000157326 0.00507894
0.652934 -9.01921e-05 0.00514408
0.658111 -0.000232448 0.00521057
0.663355 -6.86841e-05 0.00527847
0.668669 3.85926e-05 0.0053478
0.674052 8.51953e-05 0.00541861
0.679507 -0.000678268 0.00549094
0.685034 -0.000494166 0.00556484
0.690637 -0.000330728 0.00564034
0.696316 0.000533218 0.0057175
0.702073 0.000723027 0.00579637
0.70791 0.00107149 0.00587699
0.713828 0.000908555 0.00595942
0.719829 0.000771983 0.00604371
0.725916 0.00128024 0.00612992
0.73209 0.0010575 0.00621811
0.738353 0.00112843 0.00630833
0.744708 0.000902865 0.00640065
0.751156 0.00108516 0.00649514
0.757699 0.00104361 0.00659186
0.764341 0.00123726 0.00669089
0.771082 0.00115839 0.0067923
0.777927 0.00119416 0.00689616
0.784876 0.00122225 0.00700255
0.791933 0.00133115 0.00711156
0.7991 0.00121477 0.00722328
0.806381 0.00109293 0.00733779
0.813777 0.00112193 0.00745518
0.821293 0.000859435 0.00757556
0.82893 0.000740732 0.00769903
0.836692 0.000595231 0.00782569
0.844583 0.000487195 0.00795565
0.852605 0.000369636 0.00808903
0.860763 0.000235275 0.00822596
0.869059 -0.000284286 0.00836654
0.877498 -0.000279576 0.00851093
0.886083 -0.00010583 0.00865925
0.894818 -0.000150776 0.00881166
0.903708 -0.000142727 0.00896829
0.912757 -0.000464472 0.00912931
0.921969 -5.65372e-05 0.00929488
0.931349 -2.06831e-05 0.00946519
0.940902 7.58132e-05 0.0096404
0.950633 0.000181934 0.0098207
0.960546 0.000357417 0.0100063
0.970648 0.000753386 0.0101974
0.980944 0.00110884 0.0103943
0.99144 0.00144811 0.0105971
1.00214 0.00185124 0.0108061
1.01305 0.00223873 0.0110215
1.02419 0.00271876 0.0112437
1.03555 0.00313953 0.0114729
1.04714 0.00360168 0.0117094
1.05897 0.00354176 0.0119535
1.07105 0.00413559 0.0122055
1.08338 0.00430299 0.0124659
1.09598 0.0043862 0.0127349
1.10886 0.00425122 0.0130129
1.12201 0.00420502 0.0133005
1.13546 0.00382985 0.0135979
1.14922 0.00322814 0.0139057
1.16328 0.00273381 0.0142243
1.17767 0.00194546 0.0145543
1.19239 0.00119476 0.0148962
1.20747 0.000487927 0.0152505
1.2229 -4.64564e-06 0.015618
1.23871 -0.000237014 0.0159992
1.25491 3.71865e-06 0.0163948
1.27151 0.000512942 0.0168057
1.28853 0.0024533 0.0172325
1.30598 0.00488472 0.0176761
1.32389 0.00926815 0.0181374
1.34227 0.0151085 0.0186174
1.36113 0.0229737 0.019117
1.38051 0.0331921 0.0196374
1.40042 0.0461234 0.0201798
1.42088 0.062033 0.0207453
1.44192 0.0813479 0.0213353
1.46357 0.104191 0.0219513
1.48584 0.1308 0.0225949
1.50877 0.161197 0.0232675
1.53239 0.195379 0.0239711
1.55673 0.233276 0.0247077
1.58182 0.274389 0.0254791
1.60771 0.318429 0.0262878
1.63442 0.364685 0.0271361
1.662 0.412096 0.0280267
1.69049 0.459795 0.0289625
1.71995 0.506542 0.0299465
1.75041 0.550978 0.030982
1.78194 0.591622 0.0320729
1.81459 0.62695 0.033223
1.84842 0.655499 0.0344369
1.8835 0.675798 0.0357191
1.91989 0.686698 0.0370751
1.95769 0.68716 0.0385105
1.99696 0.676615 0.0400317
2.03779 0.654864 0.0416456
2.0803 0.622243 0.04336
2.12457 0.579547 0.0451833
2.17072 0.528154 0.047125
2.21888 0.470022 0.0491957
2.26918 0.40712 0.0514068
2.32177 0.342329 0.0537715
2.37681 0.278199 0.0563042
2.43447 0.217296 0.0590214
2.49496 0.161984 0.0619414
2.55847 0.114067 0.0650848
2.62525 0.0747235 0.068475
2.69556 0.0446443 0.0721386
2.76968 0.0233008 0.0761058
2.84794 0.00983095 0.0804111
2.93069 0.0026586 0.085094
3.01834 -2.87427e-07 0.0902
3.11133 -1.23916e-05 0.0957816
3.21017 0.00105621 0.1019
3.31543 0.00205091 0.108626
3.42776 0.00237003 0.116043
3.54791 0.00199077 0.124249
3.67671 0.00119944 0.133359
3.81515 0.000432288 0.143513
3.96435 1.10425e-06 0.154876
4.12561 -1.3496e-05 0.167647
4.30046 0.00019473 0.182068
4.49072 0.000364022 0.198439
4.6985 0.000337541 0.217125
4.92636 0.000145484 0.238587
5.17735 -2.86906e-06 0.263401
5.4552 -4.55859e-06 0.292304
5.76448 7.41428e-05 0.326247
6.11084 6.98532e-05 0.366474
6.50139 -2.12183e-06 0.414639
6.9452 -2.46584e-07 0.472977
7.45398 7.23492e-07 0.544569
8.04314 -2.96985e-07 0.63376
8.73344 5.2341e-08 0.746832
9.55343 -3.51847e-09 0.893148
