-0.5
-0.44484772
-0.39582289
-0.35223985
-0.31349021
-0.27903408
-0.24839231
-0.2211396
-0.19689842
-0.17533358
-0.15614747
-0.13907583
-0.12388395
-0.11036335
-0.098328865
-0.087615973
-0.078078501
-0.069586561
-0.062024719
-0.055290379
-0.04929234
-0.043949528
-0.039189857
-0.03494923
-0.031170645
-0.027803406
-0.024802416
-0.022127561
-0.01974315
-0.017617424
-0.015722125
-0.0140321
-0.012524963
-0.011180786
-0.0099818285
-0.0089122932
-0.0079581143
-0.0071067653
-0.0063470893
-0.0056691482
-0.0050640889
-0.0045240238
-0.0040419246
-0.0036115285
-0.0032272538
-0.0028841256
-0.0025777091
-0.0023040509
-0.0020596261
-0.0018412916
-0.0016462446
-0.0014719853
-0.0013162841
-0.0011771521
-0.0010528148
-0.00094168926
-0.00084236281
-0.00075357487
-0.00067420041
-0.00060323525
-0.00053978304
-0.00048304356
-0.00043230238
-0.00038692157
-0.00034633148
-0.00031002336
-0.00027754284
-0.00024848405
-0.00022248442
-0.00019922004
-0.0001784015
-0.00015977019
-0.00014309502
-0.00012816945
-0.00011480888
-0.00010284831
-9.2140222e-05
-8.2552744e-05
-7.3967964e-05
-6.6280449e-05
-5.9395917e-05
-5.3230046e-05
-4.7707421e-05
-4.2760583e-05
-3.8329188e-05
-3.4359251e-05
-3.0802472e-05
-2.7615633e-05
-2.4760063e-05
-2.2201154e-05
-1.9907932e-05
-1.7852676e-05
-1.601057e-05
-1.4359401e-05
-1.2879283e-05
-1.1552411e-05
-1.0362843e-05
-9.296304e-06
-8.3400102e-06
-7.4825131e-06
-6.7135587e-06
-6.0239626e-06
-5.405498e-06
-4.8507942e-06
-4.3532486e-06
-3.9069457e-06
-3.5065845e-06
-3.1474155e-06
-2.8251822e-06
-2.53607e-06
-2.2766601e-06
-2.0438881e-06
-1.8350073e-06
-1.6475554e-06
-1.479325e-06
-1.3283371e-06
-1.1928173e-06
-1.0711747e-06
-9.6198259e-07
-8.6396164e-07
-7.7596448e-07
-6.9696213e-07
-6.2603162e-07
-5.6234512e-07
-5.0516001e-07
-4.5381014e-07
-4.0769786e-07
-3.6628699e-07
-3.2909645e-07
-2.9569459e-07
-2.6569405e-07
-2.3874727e-07
-2.145423e-07
-1.9279919e-07
-1.732667e-07
-1.5571929e-07
-1.3995454e-07
-1.2579074e-07
-1.1306477e-07
-1.0163017e-07
-9.1355495e-08
-8.2122683e-08
-7.3825754e-08
-6.6369538e-08
-5.9668579e-08
-5.3646134e-08
-4.8233288e-08
-4.3368144e-08
-3.8995116e-08
-3.5064273e-08
-3.153077e-08
-2.8354323e-08
-2.5498745e-08
-2.293153e-08
-2.0623473e-08
-1.8548337e-08
-1.668255e-08
-1.5004933e-08
-1.3496454e-08
-1.2140015e-08
-1.0920248e-08
-9.82335e-09
-8.8369018e-09
-7.9497564e-09
-7.1518879e-09
-6.4342939e-09
-5.7888742e-09
-5.2083508e-09
-4.6861817e-09
-4.2164862e-09
-3.7939779e-09
-3.4139044e-09
-3.0719931e-09
-2.7644028e-09
-2.48768e-09
-2.2387197e-09
-2.0147297e-09
-1.8131998e-09
-1.6318724e-09
-1.4687177e-09
-1.3219101e-09
-1.1898079e-09
-1.070935e-09
-9.6396329e-10
-8.6769874e-10
-7.8106722e-10
-7.0310266e-10
-6.3293608e-10
-5.6978584e-10
-5.1294885e-10
-4.617926e-10
-4.1574812e-10
-3.7430355e-10
-3.369984e-10
-3.0341837e-10
-2.7319075e-10
-2.4598016e-10
-2.2148486e-10
-1.9943337e-10
-1.795814e-10
-1.6170912e-10
-1.4561873e-10
-1.3113222e-10
-1.1808943e-10
-1.063462e-10
-9.5772794e-11
-8.6252464e-11
-7.7680133e-11
-6.996123e-11
-6.3010635e-11
-5.6751736e-11
-5.1115574e-11
-4.604008e-11
-4.1469381e-11
-3.7353183e-11
-3.3646215e-11
-3.0307719e-11
-2.7301007e-11
-2.4593051e-11
-2.2154115e-11
-1.9957428e-11
-1.7978889e-11
-1.6196799e-11
-1.4591621e-11
-1.3145763e-11
-1.1843387e-11
-1.0670231e-11
-9.6134553e-12
-8.6614951e-12
-7.8039385e-12
-7.0314092e-12
-6.3354639e-12
-5.7084988e-12
-5.1436664e-12
-4.6348001e-12
-4.1763463e-12
-3.7633033e-12
-3.3911664e-12
-3.0558786e-12
-2.7537858e-12
-2.4815968e-12
-2.2363473e-12
-2.0153671e-12
-1.8162513e-12
-1.6368335e-12
-1.4751624e-12
-1.3294801e-12
-1.1982033e-12
-1.0799056e-12
-9.7330204e-13
-8.7723503e-13
-7.9066181e-13
-7.126429e-13
-6.4233197e-13
-5.7896649e-13
-5.2185949e-13
-4.7039206e-13
-4.2400654e-13
-3.8220052e-13
-3.4452131e-13
-3.1056103e-13
-2.7995217e-13
-2.5236358e-13
-2.2749688e-13
-2.0508321e-13
-1.8488029e-13
-1.666698e-13
-1.5025502e-13
-1.3545866e-13
-1.2212097e-13
-1.1009798e-13
-9.9259959e-14
-8.9489974e-14
-8.0682659e-14
-7.2743052e-14
-6.5585568e-14
-5.9133076e-14
-5.3316059e-14
-4.8071863e-14
-4.3344019e-14
-3.908163e-14
-3.5238824e-14
-3.1774253e-14
-2.8650648e-14
-2.5834419e-14
-2.3295286e-14
-2.1005956e-14
-1.8941828e-14
-1.7080727e-14
-1.5402661e-14
-1.3889612e-14
-1.2525336e-14
-1.1295189e-14
-1.0185972e-14
-9.1857852e-15
-8.2839001e-15
-7.4706462e-15
-6.737305e-15
-6.0760164e-15
-5.4796942e-15
-4.9419499e-15
-4.4570239e-15
-4.0197232e-15
-3.6253663e-15
-3.2697319e-15
-2.9490143e-15
-2.6597822e-15
-2.3989418e-15
-2.1637035e-15
-1.9515521e-15
-1.7602199e-15
-1.5876619e-15
-1.4320342e-15
-1.2916744e-15
-1.1650833e-15
-1.0509089e-15
-9.4793248e-16
-8.5505468e-16
-7.7128436e-16
-6.9572767e-16
-6.2757859e-16
-5.6611028e-16
-5.1066725e-16
-4.606584e-16
-4.1555066e-16
-3.7486331e-16
-3.3816281e-16
-3.0505819e-16
-2.7519684e-16
-2.4826075e-16
-2.2396315e-16
-2.0204536e-16
-1.8227413e-16
-1.6443906e-16
-1.4835039e-16
-1.3383699e-16
-1.207445e-16
-1.089337e-16
-9.8279022e-17
-8.8667217e-17
-7.999613e-17
-7.2173622e-17
-6.5116586e-17
-5.8750063e-17
-5.3006437e-17
-4.7824719e-17
-4.3149898e-17
-3.893235e-17
-3.5127315e-17
-3.1694416e-17
-2.8597232e-17
-2.5802909e-17
-2.3281811e-17
-2.1007203e-17
-1.8954969e-17
-1.7103354e-17
-1.5432732e-17
-1.39254e-17
-1.2565386e-17
-1.1338282e-17
-1.0231091e-17
-9.2320875e-18
-8.3306922e-18
-7.5173623e-18
-6.7834881e-18
-6.1213023e-18
-5.5237975e-18
-4.9846517e-18
-4.4981612e-18
-4.0591802e-18
-3.6630659e-18
-3.3056298e-18
-2.9830928e-18
-2.6920453e-18
-2.429411e-18
-2.1924143e-18
-1.9785511e-18
-1.7855619e-18
-1.6114079e-18
-1.4542499e-18
-1.3124282e-18
-1.1844452e-18
-1.0689497e-18
-9.6472272e-19
-8.7066404e-19
-7.8578109e-19
-7.0917822e-19
-6.4004726e-19
-5.7765897e-19
-5.2135532e-19
-4.7054253e-19
-4.2468483e-19
-3.8329872e-19
-3.4594794e-19
-3.122388e-19
-2.8181605e-19
-2.543591e-19
-2.2957867e-19
-2.0721371e-19
-1.8702863e-19
-1.6881085e-19
-1.5236853e-19
-1.3752855e-19
-1.2413465e-19
-1.1204586e-19
-1.0113493e-19
-9.1287049e-20
-8.2398576e-20
-7.4375998e-20
-6.7134916e-20
-6.0599164e-20
-5.4700001e-20
-4.9375391e-20
-4.4569346e-20
-4.0231337e-20
-3.631576e-20
-3.2781459e-20
-2.9591288e-20
-2.6711723e-20
-2.4112507e-20
-2.1766333e-20
-1.9648552e-20
-1.7736922e-20
-1.6011364e-20
-1.4453758e-20
-1.3047749e-20
-1.1778576e-20
-1.0632914e-20
-9.5987385e-21
-8.6651951e-21
-7.822487e-21
-7.0617716e-21
-6.3750674e-21
-5.7551705e-21
-5.1955784e-21
-4.6904216e-21
-4.2344026e-21
-3.8227394e-21
-3.4511156e-21
-3.1156351e-21
-2.8127813e-21
-2.5393796e-21
-2.2925645e-21
-2.0697497e-21
-1.8686003e-21
-1.6870089e-21
-1.523073e-21
-1.3750753e-21
-1.2414658e-21
-1.1208452e-21
-1.0119502e-21
-9.1364065e-22
-8.2488731e-22
-7.4476101e-22
-6.7242299e-22
-6.0711613e-22
-5.4815695e-22
-4.9492844e-22
-4.4687366e-22
-4.0348981e-22
-3.6432305e-22
-3.2896365e-22
-2.9704179e-22
-2.6822359e-22
-2.422077e-22
-2.1872207e-22
-1.9752115e-22
-1.7838329e-22
-1.6110843e-22
-1.45516e-22
-1.3144304e-22
-1.1874247e-22
-1.0728158e-22
-9.6940598e-23
-8.7611499e-23
-7.9196816e-23
-7.1608649e-23
-6.4767738e-23
-5.8602635e-23
-5.3048954e-23
-4.8048701e-23
-4.3549665e-23
-3.9504871e-23
-3.5872093e-23
-3.2613406e-23
-2.9694795e-23
-2.7085795e-23
-2.4759178e-23
-2.269066e-23
-2.0858657e-23
-1.924405e-23
-1.7829993e-23
-1.6601732e-23
-1.554645e-23
-1.4653139e-23
-1.3912479e-23
-1.3316743e-23
-1.2859717e-23
-1.2536633e-23
-1.2344121e-23
-1.2280173e-23
-1.2344121e-23
-1.2536633e-23
-1.2859717e-23
-1.3316743e-23
-1.3912479e-23
-1.4653139e-23
-1.554645e-23
-1.6601732e-23
-1.7829993e-23
-1.924405e-23
-2.0858657e-23
-2.269066e-23
-2.4759178e-23
-2.7085795e-23
-2.9694795e-23
-3.2613406e-23
-3.5872093e-23
-3.9504871e-23
-4.3549665e-23
-4.8048701e-23
-5.3048954e-23
-5.8602635e-23
-6.4767738e-23
-7.1608649e-23
-7.9196816e-23
-8.7611499e-23
-9.6940598e-23
-1.0728158e-22
-1.1874247e-22
-1.3144304e-22
-1.45516e-22
-1.6110843e-22
-1.7838329e-22
-1.9752115e-22
-2.1872207e-22
-2.422077e-22
-2.6822359e-22
-2.9704179e-22
-3.2896365e-22
-3.6432305e-22
-4.0348981e-22
-4.4687366e-22
-4.9492844e-22
-5.4815695e-22
-6.0711613e-22
-6.7242299e-22
-7.4476101e-22
-8.2488731e-22
-9.1364065e-22
-1.0119502e-21
-1.1208452e-21
-1.2414658e-21
-1.3750753e-21
-1.523073e-21
-1.6870089e-21
-1.8686003e-21
-2.0697497e-21
-2.2925645e-21
-2.5393796e-21
-2.8127813e-21
-3.1156351e-21
-3.4511156e-21
-3.8227394e-21
-4.2344026e-21
-4.6904216e-21
-5.1955784e-21
-5.7551705e-21
-6.3750674e-21
-7.0617716e-21
-7.822487e-21
-8.6651951e-21
-9.5987385e-21
-1.0632914e-20
-1.1778576e-20
-1.3047749e-20
-1.4453758e-20
-1.6011364e-20
-1.7736922e-20
-1.9648552e-20
-2.1766333e-20
-2.4112507e-20
-2.6711723e-20
-2.9591288e-20
-3.2781459e-20
-3.631576e-20
-4.0231337e-20
-4.4569346e-20
-4.9375391e-20
-5.4700001e-20
-6.0599164e-20
-6.7134916e-20
-7.4375998e-20
-8.2398576e-20
-9.1287049e-20
-1.0113493e-19
-1.1204586e-19
-1.2413465e-19
-1.3752855e-19
-1.5236853e-19
-1.6881085e-19
-1.8702863e-19
-2.0721371e-19
-2.2957867e-19
-2.543591e-19
-2.8181605e-19
-3.122388e-19
-3.4594794e-19
-3.8329872e-19
-4.2468483e-19
-4.7054253e-19
-5.2135532e-19
-5.7765897e-19
-6.4004726e-19
-7.0917822e-19
-7.8578109e-19
-8.7066404e-19
-9.6472272e-19
-1.0689497e-18
-1.1844452e-18
-1.3124282e-18
-1.4542499e-18
-1.6114079e-18
-1.7855619e-18
-1.9785511e-18
-2.1924143e-18
-2.429411e-18
-2.6920453e-18
-2.9830928e-18
-3.3056298e-18
-3.6630659e-18
-4.0591802e-18
-4.4981612e-18
-4.9846517e-18
-5.5237975e-18
-6.1213023e-18
-6.7834881e-18
-7.5173623e-18
-8.3306922e-18
-9.2320875e-18
-1.0231091e-17
-1.1338282e-17
-1.2565386e-17
-1.39254e-17
-1.5432732e-17
-1.7103354e-17
-1.8954969e-17
-2.1007203e-17
-2.3281811e-17
-2.5802909e-17
-2.8597232e-17
-3.1694416e-17
-3.5127315e-17
-3.893235e-17
-4.3149898e-17
-4.7824719e-17
-5.3006437e-17
-5.8750063e-17
-6.5116586e-17
-7.2173622e-17
-7.999613e-17
-8.8667217e-17
-9.8279022e-17
-1.089337e-16
-1.207445e-16
-1.3383699e-16
-1.4835039e-16
-1.6443906e-16
-1.8227413e-16
-2.0204536e-16
-2.2396315e-16
-2.4826075e-16
-2.7519684e-16
-3.0505819e-16
-3.3816281e-16
-3.7486331e-16
-4.1555066e-16
-4.606584e-16
-5.1066725e-16
-5.6611028e-16
-6.2757859e-16
-6.9572767e-16
-7.7128436e-16
-8.5505468e-16
-9.4793248e-16
-1.0509089e-15
-1.1650833e-15
-1.2916744e-15
-1.4320342e-15
-1.5876619e-15
-1.7602199e-15
-1.9515521e-15
-2.1637035e-15
-2.3989418e-15
-2.6597822e-15
-2.9490143e-15
-3.2697319e-15
-3.6253663e-15
-4.0197232e-15
-4.4570239e-15
-4.9419499e-15
-5.4796942e-15
-6.0760164e-15
-6.737305e-15
-7.4706462e-15
-8.2839001e-15
-9.1857852e-15
-1.0185972e-14
-1.1295189e-14
-1.2525336e-14
-1.3889612e-14
-1.5402661e-14
-1.7080727e-14
-1.8941828e-14
-2.1005956e-14
-2.3295286e-14
-2.5834419e-14
-2.8650648e-14
-3.1774253e-14
-3.5238824e-14
-3.908163e-14
-4.3344019e-14
-4.8071863e-14
-5.3316059e-14
-5.9133076e-14
-6.5585568e-14
-7.2743052e-14
-8.0682659e-14
-8.9489974e-14
-9.9259959e-14
-1.1009798e-13
-1.2212097e-13
-1.3545866e-13
-1.5025502e-13
-1.666698e-13
-1.8488029e-13
-2.0508321e-13
-2.2749688e-13
-2.5236358e-13
-2.7995217e-13
-3.1056103e-13
-3.4452131e-13
-3.8220052e-13
-4.2400654e-13
-4.7039206e-13
-5.2185949e-13
-5.7896649e-13
-6.4233197e-13
-7.126429e-13
-7.9066181e-13
-8.7723503e-13
-9.7330204e-13
-1.0799056e-12
-1.1982033e-12
-1.3294801e-12
-1.4751624e-12
-1.6368335e-12
-1.8162513e-12
-2.0153671e-12
-2.2363473e-12
-2.4815968e-12
-2.7537858e-12
-3.0558786e-12
-3.3911664e-12
-3.7633033e-12
-4.1763463e-12
-4.6348001e-12
-5.1436664e-12
-5.7084988e-12
-6.3354639e-12
-7.0314092e-12
-7.8039385e-12
-8.6614951e-12
-9.6134553e-12
-1.0670231e-11
-1.1843387e-11
-1.3145763e-11
-1.4591621e-11
-1.6196799e-11
-1.7978889e-11
-1.9957428e-11
-2.2154115e-11
-2.4593051e-11
-2.7301007e-11
-3.0307719e-11
-3.3646215e-11
-3.7353183e-11
-4.1469381e-11
-4.604008e-11
-5.1115574e-11
-5.6751736e-11
-6.3010635e-11
-6.996123e-11
-7.7680133e-11
-8.6252464e-11
-9.5772794e-11
-1.063462e-10
-1.1808943e-10
-1.3113222e-10
-1.4561873e-10
-1.6170912e-10
-1.795814e-10
-1.9943337e-10
-2.2148486e-10
-2.4598016e-10
-2.7319075e-10
-3.0341837e-10
-3.369984e-10
-3.7430355e-10
-4.1574812e-10
-4.617926e-10
-5.1294885e-10
-5.6978584e-10
-6.3293608e-10
-7.0310266e-10
-7.8106722e-10
-8.6769874e-10
-9.6396329e-10
-1.070935e-09
-1.1898079e-09
-1.3219101e-09
-1.4687177e-09
-1.6318724e-09
-1.8131998e-09
-2.0147297e-09
-2.2387197e-09
-2.48768e-09
-2.7644028e-09
-3.0719931e-09
-3.4139044e-09
-3.7939779e-09
-4.2164862e-09
-4.6861817e-09
-5.2083508e-09
-5.7888742e-09
-6.4342939e-09
-7.1518879e-09
-7.9497564e-09
-8.8369018e-09
-9.82335e-09
-1.0920248e-08
-1.2140015e-08
-1.3496454e-08
-1.5004933e-08
-1.668255e-08
-1.8548337e-08
-2.0623473e-08
-2.293153e-08
-2.5498745e-08
-2.8354323e-08
-3.153077e-08
-3.5064273e-08
-3.8995116e-08
-4.3368144e-08
-4.8233288e-08
-5.3646134e-08
-5.9668579e-08
-6.6369538e-08
-7.3825754e-08
-8.2122683e-08
-9.1355495e-08
-1.0163017e-07
-1.1306477e-07
-1.2579074e-07
-1.3995454e-07
-1.5571929e-07
-1.732667e-07
-1.9279919e-07
-2.145423e-07
-2.3874727e-07
-2.6569405e-07
-2.9569459e-07
-3.2909645e-07
-3.6628699e-07
-4.0769786e-07
-4.5381014e-07
-5.0516001e-07
-5.6234512e-07
-6.2603162e-07
-6.9696213e-07
-7.7596448e-07
-8.6396164e-07
-9.6198259e-07
-1.0711747e-06
-1.1928173e-06
-1.3283371e-06
-1.479325e-06
-1.6475554e-06
-1.8350073e-06
-2.0438881e-06
-2.2766601e-06
-2.53607e-06
-2.8251822e-06
-3.1474155e-06
-3.5065845e-06
-3.9069457e-06
-4.3532486e-06
-4.8507942e-06
-5.405498e-06
-6.0239626e-06
-6.7135587e-06
-7.4825131e-06
-8.3400102e-06
-9.296304e-06
-1.0362843e-05
-1.1552411e-05
-1.2879283e-05
-1.4359401e-05
-1.601057e-05
-1.7852676e-05
-1.9907932e-05
-2.2201154e-05
-2.4760063e-05
-2.7615633e-05
-3.0802472e-05
-3.4359251e-05
-3.8329188e-05
-4.2760583e-05
-4.7707421e-05
-5.3230046e-05
-5.9395917e-05
-6.6280449e-05
-7.3967964e-05
-8.2552744e-05
-9.2140222e-05
-0.00010284831
-0.00011480888
-0.00012816945
-0.00014309502
-0.00015977019
-0.0001784015
-0.00019922004
-0.00022248442
-0.00024848405
-0.00027754284
-0.00031002336
-0.00034633148
-0.00038692157
-0.00043230238
-0.00048304356
-0.00053978304
-0.00060323525
-0.00067420041
-0.00075357487
-0.00084236281
-0.00094168926
-0.0010528148
-0.0011771521
-0.0013162841
-0.0014719853
-0.0016462446
-0.0018412916
-0.0020596261
-0.0023040509
-0.0025777091
-0.0028841256
-0.0032272538
-0.0036115285
-0.0040419246
-0.0045240238
-0.0050640889
-0.0056691482
-0.0063470893
-0.0071067653
-0.0079581143
-0.0089122932
-0.0099818285
-0.011180786
-0.012524963
-0.0140321
-0.015722125
-0.017617424
-0.01974315
-0.022127561
-0.024802416
-0.027803406
-0.031170645
-0.03494923
-0.039189857
-0.043949528
-0.04929234
-0.055290379
-0.062024719
-0.069586561
-0.078078501
-0.087615973
-0.098328865
-0.11036335
-0.12388395
-0.13907583
-0.15614747
-0.17533358
-0.19689842
-0.2211396
-0.24839231
-0.27903408
-0.31349021
-0.35223985
-0.39582289
-0.44484772
-0.5
