-0.50000003058557
-0.47581974322748
-0.45318751465776
-0.43199210903394
-0.41213083018142
-0.39350883422641
-0.37603850005479
-0.35963885244121
-0.34423503320126
-0.32975781616732
-0.31614316218646
-0.30333181069265
-0.29126890472203
-0.27990364652416
-0.26918898117732
-0.25908130584663
-0.24954020253168
-0.24052819233897
-0.23201050948531
-0.22395489339338
-0.21633139738176
-0.20911221257983
-0.20227150581495
-0.19578527032543
-0.18963118825019
-0.18378850393415
-0.17823790716938
-0.1729614255658
-0.16794232531257
-0.16316501965281
-0.15861498445076
-0.15427868028178
-0.15014348052296
-0.14619760496476
-0.14243005850413
-0.138830574515
-0.13538956252573
-0.13209805986289
-0.12894768694878
-0.12593060596547
-0.12303948262122
-0.12026745077693
-0.11760807970933
-0.11505534380609
-0.11260359450412
-0.11024753429755
-0.10798219265602
-0.10580290370607
-0.10370528554078
-0.10168522103295
-0.099738840037344
-0.097862502876483
-0.096052785012606
-0.094306462816369
-0.092620500349612
-0.090992037086127
-0.089418376500238
-0.087896975458472
-0.086425434354636
-0.085001487933218
-0.083622996750284
-0.082287939224958
-0.080994404238177
-0.079740584238711
-0.078524768819513
-0.077345338730275
-0.076200760294613
-0.07508958020278
-0.074010420652889
-0.072961974815781
-0.07194300260044
-0.070952326698637
-0.069988828889065
-0.069051446582687
-0.068139169592374
-0.067251037111171
-0.066386134884678
-0.065543592564078
-0.064722581227369
-0.063922311057228
-0.063142029164801
-0.062381017549466
-0.06163859118536
-0.060914096226101
-0.060206908319762
-0.059516431026727
-0.058842094333565
-0.058183353256557
-0.057539686528975
-0.056910595366592
-0.056295602306317
-0.05569425011321
-0.055106100751431
-0.054530734415023
-0.053967748614681
-0.053416757316948
-0.052877390132502
-0.052349291550446
-0.051832120215708
-0.051325548246852
-0.050829260591806
-0.050342954419147
-0.049866338542766
-0.049399132877876
-0.048941067926448
-0.048491884290309
-0.048051332210221
-0.047619171129406
-0.047195169280055
-0.046779103291464
-0.046370757818524
-0.045969925189377
-0.045576405071132
-0.045190004152581
-0.04481053584296
-0.044437819985821
-0.044071682587171
-0.043711955557062
-0.043358476463894
-0.043011088300699
-0.042669639262767
-0.042333982535977
-0.042003976095243
-0.041679482512541
-0.041360368773981
-0.041046506105446
-0.040737769806353
-0.040434039091081
-0.040135196937676
-0.039841129943461
-0.039551728187162
-0.03926688509725
-0.03898649732615
-0.038710464630027
-0.038438689753876
-0.038171078321628
-0.037907538731042
-0.037647982053126
-0.037392321935871
-0.037140474512096
-0.036892358311179
-0.036647894174507
-0.036407005174453
-0.036169616536717
-0.035935655565871
-0.035705051573943
-0.035477735811922
-0.035253641404019
-0.035032703284576
-0.034814858137497
-0.03460004433807
-0.034388201897099
-0.034179272407206
-0.033973198991243
-0.033769926252683
-0.033569400227931
-0.033371568340453
-0.033176379356646
-0.032983783343379
-0.032793731627122
-0.032606176754607
-0.03242107245494
-0.032238373603119
-0.032058036184881
-0.031880017262834
-0.031704274943817
-0.031530768347432
-0.031359457575708
-0.031190303683841
-0.031023268651969
-0.03085831535795
-0.030695407551078
-0.03053450982673
-0.030375587601877
-0.030218607091448
-0.030063535285501
-0.029910339927164
-0.029758989491335
-0.029609453164093
-0.029461700822796
-0.02931570301685
-0.029171430949108
-0.029028856457888
-0.02888795199958
-0.028748690631812
-0.028611045997178
-0.028474992307478
-0.02834050432847
-0.028207557365108
-0.02807612724725
-0.027946190315819
-0.027817723409397
-0.027690703851239
-0.027565109436697
-0.027440918421025
-0.027318109507568
-0.027196661836309
-0.027076554972766
-0.026957768897232
-0.026840283994332
-0.026724081042898
-0.026609141206151
-0.026495446022172
-0.026382977394652
-0.026271717583925
-0.026161649198253
-0.026052755185375
-0.025945018824298
-0.025838423717326
-0.025732953782317
-0.025628593245167
-0.025525326632505
-0.025423138764598
-0.025322014748451
-0.025221939971111
-0.025122900093151
-0.025024881042339
-0.024927869007481
-0.02483185043244
-0.024736812010309
-0.024642740677754
-0.024549623609509
-0.024457448213015
-0.024366202123211
-0.024275873197459
-0.024186449510613
-0.024097919350212
-0.024010271211802
-0.023923493794389
-0.023837575995999
-0.023752506909368
-0.023668275817733
-0.023584872190742
-0.023502285680463
-0.023420506117498
-0.023339523507198
-0.023259328025974
-0.023179910017702
-0.023101259990216
-0.023023368611897
-0.022946226708338
-0.022869825259102
-0.022794155394552
-0.022719208392768
-0.022644975676531
-0.022571448810393
-0.022498619497806
-0.022426479578331
-0.022355021024908
-0.022284235941198
-0.022214116558984
-0.02214465523564
-0.022075844451651
-0.022007676808206
-0.021940145024832
-0.021873241937102
-0.021806960494376
-0.021741293757617
-0.021676234897238
-0.021611777191015
-0.021547914022039
-0.021484638876716
-0.021421945342818
-0.021359827107574
-0.021298277955807
-0.021237291768109
-0.021176862519066
-0.021116984275513
-0.021057651194838
-0.02099885752331
-0.020940597594463
-0.020882865827502
-0.020825656725747
-0.020768964875114
-0.020712784942629
-0.020657111674969
-0.020601939897048
-0.020547264510616
-0.020493080492902
-0.02043938289528
-0.020386166841969
-0.020333427528752
-0.02028116022173
-0.0202293602561
-0.020178023034959
-0.020127144028134
-0.020076718771033
-0.020026742863524
-0.01997721196884
-0.019928121812496
-0.019879468181242
-0.019831246922028
-0.019783453940993
-0.019736085202477
-0.019689136728053
-0.019642604595573
-0.019596484938239
-0.019550773943695
-0.01950546785313
-0.019460562960404
-0.019416055611191
-0.019371942202138
-0.019328219180041
-0.01928488304104
-0.019241930329825
-0.01919935763886
-0.019157161607626
-0.019115338921873
-0.019073886312891
-0.019032800556789
-0.018992078473799
-0.018951716927581
-0.018911712824552
-0.018872063113219
-0.018832764783532
-0.018793814866247
-0.018755210432298
-0.018716948592185
-0.018679026495374
-0.018641441329703
-0.018604190320805
-0.018567270731541
-0.01853067986144
-0.018494415046155
-0.018458473656919
-0.018422853100029
-0.018387550816318
-0.018352564280656
-0.018317891001446
-0.018283528520139
-0.018249474410751
-0.018215726279394
-0.018182281763812
-0.018149138532929
-0.018116294286401
-0.018083746754178
-0.018051493696077
-0.018019532901358
-0.017987862188309
-0.01795647940384
-0.017925382423086
-0.017894569149008
-0.017864037512014
-0.017833785469576
-0.017803811005863
-0.017774112131371
-0.017744686882565
-0.017715533321529
-0.017686649535619
-0.017658033637121
-0.017629683762921
-0.01760159807417
-0.017573774755969
-0.017546212017047
-0.017518908089453
-0.017491861228248
-0.017465069711204
-0.017438531838511
-0.017412245932485
-0.017386210337284
-0.017360423418627
-0.017334883563518
-0.017309589179975
-0.017284538696768
-0.017259730563153
-0.017235163248616
-0.017210835242622
-0.017186745054365
-0.017162891212526
-0.017139272265033
-0.017115886778823
-0.01709273333961
-0.017069810551664
-0.017047117037578
-0.017024651438054
-0.017002412411684
-0.016980398634739
-0.01695860880096
-0.01693704162135
-0.016915695823975
-0.016894570153764
-0.016873663372314
-0.016852974257698
-0.016832501604277
-0.016812244222514
-0.016792200938791
-0.016772370595232
-0.016752752049525
-0.016733344174747
-0.0167141458592
-0.016695156006236
-0.016676373534098
-0.016657797375755
-0.016639426478745
-0.016621259805019
-0.016603296330785
-0.016585535046357
-0.01656797495601
-0.016550615077832
-0.016533454443578
-0.016516492098534
-0.016499727101375
-0.016483158524028
-0.016466785451542
-0.016450606981953
-0.016434622226155
-0.016418830307776
-0.016403230363049
-0.016387821540692
-0.016372603001785
-0.016357573919655
-0.016342733479756
-0.016328080879558
-0.01631361532843
-0.016299336047534
-0.016285242269716
-0.016271333239395
-0.016257608212466
-0.016244066456188
-0.016230707249092
-0.016217529880876
-0.016204533652309
-0.016191717875136
-0.016179081871984
-0.01616662497627
-0.016154346532111
-0.016142245894233
-0.016130322427886
-0.016118575508759
-0.016107004522893
-0.016095608866603
-0.016084387946391
-0.016073341178877
-0.016062467990708
-0.016051767818493
-0.016041240108724
-0.016030884317702
-0.016020699911465
-0.01601068636572
-0.016000843165772
-0.01599116980646
-0.015981665792083
-0.015972330636345
-0.015963163862283
-0.015954165002213
-0.015945333597661
-0.015936669199308
-0.015928171366934
-0.015919839669356
-0.015911673684375
-0.015903672998722
-0.015895837208004
-0.015888165916651
-0.015880658737867
-0.015873315293583
-0.015866135214401
-0.015859118139555
-0.01585226371686
-0.01584557160267
-0.015839041461831
-0.015832672967643
-0.015826465801815
-0.015820419654427
-0.015814534223888
-0.015808809216901
-0.015803244348425
-0.015797839341638
-0.015792593927905
-0.015787507846739
-0.015782580845774
-0.015777812680731
-0.015773203115388
-0.015768751921547
-0.015764458879011
-0.015760323775554
-0.015756346406892
-0.015752526576663
-0.015748864096398
-0.015745358785499
-0.015742010471216
-0.015738818988628
-0.015735784180619
-0.015732905897861
-0.015730183998795
-0.015727618349613
-0.01572520882424
-0.015722955304322
-0.015720857679209
-0.01571891584594
-0.015717129709235
-0.015715499181476
-0.015714024182705
-0.015712704640607
-0.015711540490502
-0.015710531675341
-0.015709678145697
-0.015708979859757
-0.015708436783317
-0.015708048889782
-0.015707816160158
-0.015707738583053
-0.015707816154671
-0.015708048878818
-0.015708436766897
-0.015708979837912
-0.015709678118469
-0.015710531642781
-0.015711540452671
-0.015712704597579
-0.015714024134562
-0.015715499128311
-0.01571712965115
-0.015718915783048
-0.015720857611632
-0.015722955232194
-0.015725208747702
-0.015727618268818
-0.015730183913905
-0.015732905809046
-0.01573578408806
-0.015738818892515
-0.015742010371748
-0.015745358682884
-0.015748863990853
-0.015752526468415
-0.015756346296174
-0.015760323662609
-0.01576445876409
-0.01576875180491
-0.015773202997302
-0.015777812561472
-0.015782580725624
-0.015787507725989
-0.015792593806852
-0.015797839220587
-0.015803244227687
-0.015808809096795
-0.015814534104738
-0.015820419536564
-0.015826465685577
-0.015832672853372
-0.015839041349875
-0.015845571493383
-0.015852263610602
-0.015859118036688
-0.015866135115294
-0.015873315198608
-0.015880658647401
-0.015888165831073
-0.0158958371277
-0.015903672924079
-0.015911673615782
-0.015919839607207
-0.015928171311623
-0.015936669151233
-0.015945333557221
-0.01595416496981
-0.015963163838319
-0.015972330621222
-0.015981665786206
-0.015991169810231
-0.016000843179597
-0.016010686390002
-0.016020699946606
-0.016030884364106
-0.016041240166791
-0.016051767888622
-0.016062468073296
-0.016073341274319
-0.016084388055081
-0.016095608988928
-0.016107004659241
-0.016118575659511
-0.016130322593422
-0.016142246074926
-0.016154346728331
-0.016166625188382
-0.016179082100347
-0.016191718120103
-0.016204533914229
-0.016217530160089
-0.016230707545933
-0.016244066770984
-0.016257608545536
-0.016271333591052
-0.016285242640263
-0.016299336437267
-0.016313615737635
-0.016328081308512
-0.016342733928729
-0.016357574388903
-0.016372603491556
-0.016387822051223
-0.016403230894566
-0.016418830860495
-0.016434622800278
-0.016450607577672
-0.016466786069036
-0.016483159163464
-0.016499727762907
-0.016516492782302
-0.016533455149709
-0.016550615806439
-0.016567975707192
-0.016585535820198
-0.016603297127354
-0.016621260624372
-0.016639427320921
-0.016657798240776
-0.016676374421972
-0.016695156916954
-0.016714146792738
-0.016733345131062
-0.016752753028557
-0.016772371596907
-0.016792201963013
-0.016812245269172
-0.016832502673241
-0.01685297534882
-0.016873664485427
-0.016894571288683
-0.016915696980496
-0.01693704279925
-0.016958609999996
-0.01698039985465
-0.017002413652188
-0.017024652698849
-0.017047118318344
-0.01706981185206
-0.017092734659274
-0.017115888117372
-0.017139273622067
-0.017162892587621
-0.017186746447077
-0.017210836652488
-0.017235164675151
-0.017259732005852
-0.017284540155104
-0.017309590653401
-0.017334885051465
-0.017360424920508
-0.017386211852488
-0.017412247460381
-0.017438533378448
-0.017465071262509
-0.017491862790229
-0.017518909661397
-0.017546213598219
-0.017573776345615
-0.017601599671515
-0.017629685367172
-0.017658035247463
-0.017686651151217
-0.01771553494153
-0.017744688506096
-0.017774113757539
-0.017803812633758
-0.017833787098268
-0.017864039140554
-0.017894570776431
-0.017925384048409
-0.017956481026062
-0.017987863806411
-0.018019534514306
-0.018051495302821
-0.018083748353651
-0.018116295877521
-0.0181491401146
-0.018182283334923
-0.018215727838819
-0.018249475957352
-0.018283530052765
-0.018317892518933
-0.018352565781829
-0.01838755229999
-0.018422854565003
-0.01845847510199
-0.018494416470105
-0.018530681263046
-0.01856727210957
-0.018604191674017
-0.018641442656852
-0.01867902779521
-0.018716949863452
-0.018755211673736
-0.018793816076593
-0.01883276596152
-0.018872064257583
-0.018911713934025
-0.018951718000897
-0.018992079509692
-0.019032801553997
-0.019073887270155
-0.019115339837939
-0.019157162481244
-0.019199358468787
-0.019241931114826
-0.01928488377989
-0.019328219871523
-0.019371942845046
-0.019416056204332
-0.019460563502598
-0.019505468343212
-0.019550774380515
-0.019596485320664
-0.019642604922489
-0.019689136998366
-0.019736085415113
-0.0197834540949
-0.019831247016178
-0.019879468214632
-0.019928121784148
-0.019977211877806
-0.020026742708883
-0.020076718551894
-0.02012714374364
-0.020178022684286
-0.020229359838456
-0.020281159736362
-0.020333426974945
-0.020386166219045
-0.020439382202602
-0.020493079729875
-0.020547263676691
-0.020601938991719
-0.020657110697776
-0.020712783893161
-0.020768963753011
-0.020825655530698
-0.02088286455925
-0.020940596252805
-0.020998856108097
-0.021057649705982
-0.021116982712982
-0.021176860882888
-0.021237290058373
-0.021298276172667
-0.021359825251248
-0.02142194341359
-0.021484636874936
-0.021547911948127
-0.021611775045462
-0.021676232680604
-0.021741291470537
-0.02180695813756
-0.021873239511332
-0.02194014253097
-0.022007674247188
-0.022075841824496
-0.022144652543445
-0.022214113802928
-0.022284233122541
-0.022355018144995
-0.022426476638589
-0.022498616499749
-0.022571445755619
-0.022644972566726
-0.022719205229704
-0.022794152180091
-0.022869821995193
-0.022946223397019
-0.023023365255295
-0.023101256590549
-0.023179906577276
-0.023259324547188
-0.023339519992539
-0.023420502569543
-0.023502282101881
-0.02358486858429
-0.023668272186258
-0.023752503255806
-0.023837572323376
-0.023923490105816
-0.024010267510481
-0.024097915639426
-0.024186445793735
-0.024275869477942
-0.024366198404593
-0.024457444498916
-0.024549619903626
-0.024642736983862
-0.02473680833226
-0.024831846774159
-0.024927865372965
-0.025024877435653
-0.025122896518427
-0.025221936432545
-0.025322011250299
-0.025423135311174
-0.025525323228177
-0.025628589894353
-0.025732950489483
-0.02583842048698
-0.025945015660988
-0.026052752093682
-0.026161646182789
-0.026271714649327
-0.026382974545576
-0.026495443263289
-0.026609138542142
-0.026724078478447
-0.02684028153412
-0.026957766545934
-0.027076552735039
-0.027196659716789
-0.027318107510863
-0.027440916551707
-0.027565107699295
-0.02769070225023
-0.0278177219492
-0.027946189000787
-0.028076126081659
-0.028207556353151
-0.028340503474247
-0.028474991614986
-0.028611045470304
-0.02874869027432
-0.028887951815105
-0.029028856449925
-0.029171431120997
-0.029315703371772
-0.02946170136376
-0.029609453893922
-0.02975899041266
-0.029910341042408
-0.030063536596871
-0.030218608600923
-0.030375589311193
-0.030534511737373
-0.030695409664269
-0.030858317674631
-0.031023271172796
-0.031190306409167
-0.031359460505574
-0.031530771481552
-0.031704278281568
-0.031880020803244
-0.032058039926613
-0.032238377544465
-0.032421076593802
-0.032606181088492
-0.032793736153126
-0.032983788058177
-0.033176384256482
-0.033371573421125
-0.033569405484787
-0.033769931680607
-0.033973204584646
-0.034179278160018
-0.034388207802758
-0.034600050389519
-0.034814864327171
-0.035032709604402
-0.035253647845404
-0.035477742365755
-0.035705058230585
-0.035935662315157
-0.036169623367953
-0.036407012076413
-0.03664790113544
-0.036892365318806
-0.037140481553616
-0.037392328997966
-0.037647989121968
-0.037907545792303
-0.038171085360489
-0.038438696755038
-0.038710471577732
-0.03898650420419
-0.039266891888992
-0.039551734875565
-0.039841136511103
-0.04013520336678
-0.040434045363542
-0.040737775903776
-0.041046512009174
-0.041360374465137
-0.04167948797207
-0.042003981303954
-0.042333987474591
-0.042669643911974
-0.043011092641206
-0.043358480476488
-0.043711959222671
-0.044071685886928
-0.044437822901142
-0.044810538355609
-0.045190006244753
-0.045576406725536
-0.04596992638932
-0.046370758548001
-0.046779103535254
-0.047195169023817
-0.047619170359783
-0.048051330914945
-0.04849188245831
-0.048941065547965
-0.049399129944574
-0.049866335047857
-0.050342950357509
-0.050829255960108
-0.051325543043675
-0.051832114441678
-0.052349285208359
-0.05287738322745
-0.05341674985645
-0.053967740608807
-0.054530725876518
-0.055106091695838
-0.055694240558986
-0.056295592274946
-0.056910584882689
-0.057539675620388
-0.05818334195445
-0.058842082672503
-0.05951641904474
-0.060206896058392
-0.060914083730443
-0.061638578504076
-0.062381004734785
-0.063142016272487
-0.063922298146534
-0.064722568360953
-0.065543579807894
-0.066386122307831
-0.067251024785732
-0.068139157593164
-0.069051434987012
-0.069988817776402
-0.070952316150276
-0.071942992699072
-0.07296196564503
-0.074010412296784
-0.075089572745167
-0.076200753818504
-0.077345333317125
-0.078524764548442
-0.079740581185638
-0.080994402474903
-0.082287938818163
-0.083622997760465
-0.085001490413563
-0.086425438349827
-0.087896981003439
-0.089418383618859
-0.090992045789884
-0.092620510636225
-0.094306474668413
-0.096052798396126
-0.097862517739636
-0.099738856309088
-0.1016852386218
-0.1037053043337
-0.10580292356747
-0.10798221342698
-0.11024755579525
-0.1126036165216
-0.11505536611232
-0.11760810204971
-0.12026747287432
-0.12303950417747
-0.12593062666361
-0.12894770645598
-0.13209807783419
-0.1353895786087
-0.13883058835532
-0.14243006975228
-0.14619761328381
-0.15014348559747
-0.15427868182795
-0.15861498222761
-0.16316501347452
-0.16794231506173
-0.1729614112074
-0.17823788876521
-0.18378848165721
-0.18963116239851
-0.19578524133459
-0.20227147426838
-0.20911217921566
-0.21633136309486
-0.22395485923095
-0.23201047663393
-0.24052816210106
-0.24954017628878
-0.25908128500699
-0.26918896710528
-0.27990364044898
-0.29126890762469
-0.30333182317038
-0.31614318429703
-0.32975784725868
-0.3442350717377
-0.35963889584529
-0.37603854459636
-0.39350887500734
-0.41213086128916
-0.43199212397198
-0.45318750720935
-0.47581970897689
-0.49999996941439
