-0.50000090921769
-0.45243168327753
-0.40947770106677
-0.37068216051761
-0.33563443038741
-0.30396527313512
-0.27534257645274
-0.24946753711193
-0.22607124740869
-0.20491164025858
-0.18577075403667
-0.16845228267455
-0.1527793804061
-0.13859269396885
-0.12574859807842
-0.1141176126529
-0.1035829826163
-0.094039403193359
-0.085391875455528
-0.077554678517422
-0.070450446240243
-0.064009337593975
-0.058168290983217
-0.052870353868142
-0.048064079927056
-0.043702986822689
-0.039745068362127
-0.03615235548976
-0.032890521132611
-0.029928524435478
-0.027238290386376
-0.024794421246639
-0.022573936570328
-0.020556038928698
-0.018721902751936
-0.017054483965708
-0.015538348337644
-0.014159516661746
-0.012905325099379
-0.011764299166445
-0.010726040009528
-0.0097811217512109
-0.0089209988079845
-0.0081379221947302
-0.0074248639289863
-0.0067754487372253
-0.0061838923453586
-0.0056449457074651
-0.0051538445912311
-0.0047062639965385
-0.0042982769356938
-0.0039263171505993
-0.0035871453842376
-0.0032778188616735
-0.0029956636698079
-0.0027382497557309
-0.0025033682910633
-0.0022890111744705
-0.0020933524668426
-0.0019147315737373
-0.0017516380077597
-0.0016026975798747
-0.0014666598833064
-0.0013423869469331
-0.0012288429469907
-0.0011250848766757
-0.0010302540828957
-0.00094356858819356
-0.00086431612373042
-0.00079184780634395
-0.00072557239910446
-0.00066495110059654
-0.00060949281337616
-0.00055874984678024
-0.0005123140135292
-0.00046981308341294
-0.00043090756083647
-0.00039528775613851
-0.00036267112344385
-0.00033279984037814
-0.00030543860729498
-0.00028037264576545
-0.00025740587798247
-0.00023635927044675
-0.00021706932686
-0.00019938671655444
-0.00018317502606361
-0.00016830962259022
-0.00015467661917417
-0.00014217193230403
-0.00013070042357488
-0.00012017511777313
-0.00011051649046353
-0.00010165181880333
-9.3514589871504e-05
-8.6043961336472e-05
-7.9184269752729e-05
-7.2884582209708e-05
-6.7098287450609e-05
-6.1782722921835e-05
-5.6898834549481e-05
-5.2410866319327e-05
-4.8286077007989e-05
-4.4494481650637e-05
-4.1008615548615e-05
-3.7803318820832e-05
-3.4855539679248e-05
-3.2144154775962e-05
-2.9649805115037e-05
-2.7354746158376e-05
-2.5242710878563e-05
-2.3298784620717e-05
-2.1509290739703e-05
-1.9861686067903e-05
-1.834446535758e-05
-1.6947073911052e-05
-1.5659827688099e-05
-1.4473840240118e-05
-1.3380955880403e-05
-1.237368853897e-05
-1.1445165827561e-05
-1.0589077849823e-05
-9.7996303533886e-06
-9.0715018493409e-06
-8.399804355768e-06
-7.7800474556366e-06
-7.2081053852426e-06
-6.6801868917703e-06
-6.1928076235213e-06
-5.7427648388349e-06
-5.3271142323372e-06
-4.9431487014455e-06
-4.5883788860453e-06
-4.2605153314023e-06
-3.957452138285e-06
-3.6772519707851e-06
-3.4181323117906e-06
-3.1784528563082e-06
-2.9567039493845e-06
-2.7514959812281e-06
-2.5615496561159e-06
-2.3856870648057e-06
-2.2228234918856e-06
-2.0719598960154e-06
-1.9321760082206e-06
-1.8026239953945e-06
-1.6825226429839e-06
-1.5711520117409e-06
-1.4678485327687e-06
-1.3720005009451e-06
-1.2830439342939e-06
-1.20045877192e-06
-1.1237653786687e-06
-1.0525213332607e-06
-9.8631847761903e-07
-9.2478020206024e-07
-8.6755895273378e-07
-8.1433393638206e-07
-7.6480901230675e-07
-7.1871075284296e-07
-6.7578665772487e-07
-6.35803514959e-07
-5.9854588962409e-07
-5.6381473425047e-07
-5.3142611065624e-07
-5.0121001245475e-07
-4.7300928228713e-07
-4.4667861377094e-07
-4.2208363367293e-07
-3.9910005573162e-07
-3.7761290207868e-07
-3.5751578527716e-07
-3.3871024831347e-07
-3.2110515409234e-07
-3.0461612575588e-07
-2.8916502872522e-07
-2.7467949346758e-07
-2.6109247783899e-07
-2.4834186011254e-07
-2.3637006552833e-07
-2.2512372238648e-07
-2.145533442718e-07
-2.0461303614116e-07
-1.9526022447383e-07
-1.8645540743357e-07
-1.7816192443925e-07
-1.703457438001e-07
-1.6297526590478e-07
-1.5602114270569e-07
-1.4945610984134e-07
-1.4325483250949e-07
-1.3739376222304e-07
-1.3185100533911e-07
-1.2660620117735e-07
-1.2164040926635e-07
-1.1693600508366e-07
-1.1247658455929e-07
-1.0824687455085e-07
-1.0423265044224e-07
-1.0042066153619e-07
-9.6798557697013e-08
-9.3354827406754e-08
-9.0078736357626e-08
-8.6960271381496e-08
-8.3990089097399e-08
-8.1159468478903e-08
-7.8460266009096e-08
-7.5884875730307e-08
-7.3426190272854e-08
-7.1077566144052e-08
-6.8832791352262e-08
-6.6686055623685e-08
-6.4631921168996e-08
-6.2665297916679e-08
-6.0781419059642e-08
-5.8975818830381e-08
-5.7244311833437e-08
-5.5582973629875e-08
-5.3988123434084e-08
-5.2456307294012e-08
-5.0984282428825e-08
-4.956900379532e-08
-4.8207609977004e-08
-4.6897411670396e-08
-4.5635879687128e-08
-4.4420634574077e-08
-4.3249436817984e-08
-4.2120177533446e-08
-4.1030869877883e-08
-3.9979641848948e-08
-3.8964727329985e-08
-3.7984461039699e-08
-3.7037270666872e-08
-3.6121671986803e-08
-3.5236262406649e-08
-3.4379716391635e-08
-3.3550780931597e-08
-3.2748269941267e-08
-3.1971061151686e-08
-3.1218091741551e-08
-3.0488354730379e-08
-2.9780895508005e-08
-2.9094808962047e-08
-2.8429236181763e-08
-2.7783361716683e-08
-2.7156411524657e-08
-2.6547649437197e-08
-2.595637634449e-08
-2.5381926850379e-08
-2.4823667921028e-08
-2.4280996733002e-08
-2.3753339535835e-08
-2.3240149083304e-08
-2.2740904072692e-08
-2.2255106752554e-08
-2.178228278852e-08
-2.1321978980779e-08
-2.0873762230372e-08
-2.0437219063931e-08
-2.0011953976739e-08
-1.9597588825189e-08
-1.919376171344e-08
-1.8800126132147e-08
-1.8416350394933e-08
-1.8042116456947e-08
-1.7677119695297e-08
-1.732106789538e-08
-1.6973680889176e-08
-1.6634689768422e-08
-1.6303835628241e-08
-1.5980870799138e-08
-1.5665556937319e-08
-1.5357664829385e-08
-1.5056974183341e-08
-1.4763273014414e-08
-1.4476356909746e-08
-1.4196030414156e-08
-1.392210383294e-08
-1.3654395269082e-08
-1.3392728897108e-08
-1.3136935619529e-08
-1.2886852157047e-08
-1.2642320943521e-08
-1.240319027456e-08
-1.2169313298571e-08
-1.1940548524492e-08
-1.1716759006738e-08
-1.1497812524143e-08
-1.1283581478722e-08
-1.1073942307303e-08
-1.0868775533869e-08
-1.0667965672282e-08
-1.047140069464e-08
-1.0278972743805e-08
-1.0090577009521e-08
-9.9061119806203e-09
-9.7254793418506e-09
-9.5485839142865e-09
-9.3753334378763e-09
-9.2056385230453e-09
-9.0394125111811e-09
-8.8765711480971e-09
-8.7170328996972e-09
-8.5607186908553e-09
-8.407551593434e-09
-8.257457128595e-09
-8.1103628602152e-09
-7.966198520656e-09
-7.8248958708514e-09
-7.6863885204046e-09
-7.5506119217281e-09
-7.4175036032384e-09
-7.2870026304623e-09
-7.1590497096429e-09
-7.0335873074739e-09
-6.910559402447e-09
-6.7899115545752e-09
-6.6715908086727e-09
-6.5555456373077e-09
-6.4417257181316e-09
-6.3300822089167e-09
-6.2205674827686e-09
-6.1131353624907e-09
-6.0077407639067e-09
-5.9043396464542e-09
-5.8028891314032e-09
-5.7033476376361e-09
-5.605674478061e-09
-5.5098300914685e-09
-5.4157756412261e-09
-5.3234737920837e-09
-5.2328877218792e-09
-5.1439815726609e-09
-5.0567204576564e-09
-4.9710703724841e-09
-4.8869980992108e-09
-4.8044712606536e-09
-4.7234581262503e-09
-4.6439279264993e-09
-4.5658505524426e-09
-4.4891964617627e-09
-4.4139371447956e-09
-4.3400444408767e-09
-4.267491040648e-09
-4.1962501659799e-09
-4.1262957500691e-09
-4.0576023899648e-09
-3.9901450438037e-09
-3.9238990288059e-09
-3.8588414806193e-09
-3.794948609308e-09
-3.732197778912e-09
-3.6705668628398e-09
-3.6100339735162e-09
-3.5505781365358e-09
-3.492178544215e-09
-3.4348149300872e-09
-3.3784675536154e-09
-3.3231168280159e-09
-3.2687439396112e-09
-3.215330588846e-09
-3.1628582884862e-09
-3.1113094661959e-09
-3.0606666641287e-09
-3.0109129851144e-09
-2.9620319085567e-09
-2.9140071396351e-09
-2.866822657265e-09
-2.8204630492877e-09
-2.7749130010649e-09
-2.7301577288261e-09
-2.6861824395074e-09
-2.6429729506252e-09
-2.6005153590282e-09
-2.5587959197493e-09
-2.5178011708372e-09
-2.4775179976275e-09
-2.4379335779922e-09
-2.3990353568512e-09
-2.3608110241664e-09
-2.3232484447806e-09
-2.2863357735434e-09
-2.2500613737608e-09
-2.2144141075807e-09
-2.1793827238005e-09
-2.1449564193281e-09
-2.1111243705551e-09
-2.0778761727561e-09
-2.0452017758027e-09
-2.0130909414979e-09
-1.9815337937764e-09
-1.9505209444009e-09
-1.9200427361123e-09
-1.8900900224936e-09
-1.8606536441494e-09
-1.8317248296554e-09
-1.8032947814371e-09
-1.7753549780173e-09
-1.7478970754493e-09
-1.7209127997134e-09
-1.6943942746557e-09
-1.6683333955452e-09
-1.6427225724626e-09
-1.6175542303562e-09
-1.5928208960466e-09
-1.5685152674006e-09
-1.5446302809851e-09
-1.5211588631945e-09
-1.4980942371607e-09
-1.4754294903569e-09
-1.4531582279921e-09
-1.4312739491888e-09
-1.4097702515747e-09
-1.3886408699184e-09
-1.3678797346795e-09
-1.3474809886644e-09
-1.3274385954126e-09
-1.307746857097e-09
-1.2884002386892e-09
-1.2693930505848e-09
-1.2507200834068e-09
-1.2323758027994e-09
-1.2143550932386e-09
-1.1966527046545e-09
-1.1792638000135e-09
-1.1621834591851e-09
-1.1454067464984e-09
-1.1289289194438e-09
-1.1127455548895e-09
-1.0968519126851e-09
-1.0812436391682e-09
-1.0659161845174e-09
-1.0508655675764e-09
-1.0360873139953e-09
-1.0215773733839e-09
-1.0073318244213e-09
-9.9334667430336e-10
-9.7961788964232e-10
-9.6614204816567e-10
-9.5291495394186e-10
-9.3993320672013e-10
-9.271931214577e-10
-9.146912344143e-10
-9.0242402770166e-10
-8.9038833256338e-10
-8.7858075529475e-10
-8.6699793619601e-10
-8.5563677537054e-10
-8.4449426600223e-10
-8.33567241377e-10
-8.2285282818683e-10
-8.1234801564285e-10
-8.0204995110085e-10
-7.9195579849443e-10
-7.8206305738139e-10
-7.7236874428119e-10
-7.6287036641057e-10
-7.5356537017827e-10
-7.4445124710306e-10
-7.3552534818535e-10
-7.2678551318437e-10
-7.1822925829156e-10
-7.0985433812872e-10
-7.0165847350522e-10
-6.9363937286405e-10
-6.8579501201271e-10
-6.7812321300463e-10
-6.7062196394002e-10
-6.6328925444099e-10
-6.5612312924833e-10
-6.4912151979805e-10
-6.4228284030801e-10
-6.356049642211e-10
-6.2908633141351e-10
-6.2272514814057e-10
-6.1651960242939e-10
-6.1046830853953e-10
-6.0456925842846e-10
-5.988212544315e-10
-5.9322257514527e-10
-5.8777179250508e-10
-5.8246749657556e-10
-5.7730827942801e-10
-5.7229261981286e-10
-5.6741936514183e-10
-5.6268723626101e-10
-5.5809482573331e-10
-5.5364101851758e-10
-5.4932467696719e-10
-5.4514467350229e-10
-5.4109980059249e-10
-5.3718905800588e-10
-5.3341151505421e-10
-5.2976597765013e-10
-5.2625170574479e-10
-5.2286761274155e-10
-5.1961290978444e-10
-5.1648669571545e-10
-5.1348822488982e-10
-5.1061644300645e-10
-5.0787106302624e-10
-5.0525110501746e-10
-5.0275583883183e-10
-5.0038481727516e-10
-4.9813720028824e-10
-4.9601262198564e-10
-4.9401034403286e-10
-4.9212991624793e-10
-4.9037110136801e-10
-4.887331444175e-10
-4.8721566166764e-10
-4.8581852511975e-10
-4.8454105018565e-10
-4.8338326578863e-10
-4.8234452502627e-10
-4.8142476163906e-10
-4.8062378026934e-10
-4.7994141694194e-10
-4.7937750696654e-10
-4.7893171982454e-10
-4.7860436368115e-10
-4.7839493766878e-10
-4.7830369158985e-10
-4.7833062666561e-10
-4.784756852104e-10
-4.7873900213542e-10
-4.791206874521e-10
-4.7962084381019e-10
-4.8023961495421e-10
-4.8097735247895e-10
-4.818340479235e-10
-4.8281014005746e-10
-4.8390599895496e-10
-4.8512167030324e-10
-4.864578752382e-10
-4.8791489687222e-10
-4.8949300499996e-10
-4.9119279953395e-10
-4.9301494191609e-10
-4.9495978762168e-10
-4.9702789151045e-10
-4.9921987442649e-10
-5.0153652578995e-10
-5.0397841518563e-10
-5.0654629444188e-10
-5.0924081343578e-10
-5.1206292515596e-10
-5.150132600267e-10
-5.1809299750848e-10
-5.2130277893713e-10
-5.2464367658084e-10
-5.2811653597059e-10
-5.3172265363497e-10
-5.3546277881511e-10
-5.3933805214631e-10
-5.4334987762417e-10
-5.4749916257933e-10
-5.5178722099048e-10
-5.5621539254437e-10
-5.6078490173191e-10
-5.6549710210654e-10
-5.7035352720765e-10
-5.7535538741825e-10
-5.8050421496375e-10
-5.8580173227418e-10
-5.9124927542416e-10
-5.9684862576042e-10
-6.0260148141479e-10
-6.0850942986325e-10
-6.1457431989827e-10
-6.2079788970654e-10
-6.2718214715941e-10
-6.3372891870867e-10
-6.4044020083708e-10
-6.4731796206237e-10
-6.5436447418658e-10
-6.6158156022724e-10
-6.6897180267155e-10
-6.7653713416121e-10
-6.8427998583937e-10
-6.9220280182564e-10
-7.0030778417632e-10
-7.0859767795429e-10
-7.1707487381925e-10
-7.2574209135026e-10
-7.3460188639331e-10
-7.4365713732885e-10
-7.5291063716588e-10
-7.6236526618785e-10
-7.7202388467955e-10
-7.8188960087948e-10
-7.9196553715903e-10
-8.0225491955504e-10
-8.1276071586628e-10
-8.2348657242856e-10
-8.3443547403171e-10
-8.4561156923311e-10
-8.5701804142097e-10
-8.6865857746725e-10
-8.8053690721824e-10
-8.9265696514565e-10
-9.0502239930218e-10
-9.1763759745004e-10
-9.305064337419e-10
-9.4363315924407e-10
-9.5702196847042e-10
-9.7067752575655e-10
-9.8460415668016e-10
-9.9880652684463e-10
-1.0132891888872e-09
-1.0280572619426e-09
-1.0431155343172e-09
-1.0584690398969e-09
-1.0741229883774e-09
-1.0900826731581e-09
-1.1063534393356e-09
-1.1229410317106e-09
-1.1398508892037e-09
-1.1570889707365e-09
-1.1746612231304e-09
-1.1925735526156e-09
-1.210832468393e-09
-1.2294440402777e-09
-1.2484150959765e-09
-1.2677521521866e-09
-1.2874620614031e-09
-1.30755177661e-09
-1.3280284966892e-09
-1.348899623722e-09
-1.3701725579927e-09
-1.3918551071061e-09
-1.4139550257481e-09
-1.4364804059601e-09
-1.4594394553688e-09
-1.4828409032333e-09
-1.5066929743656e-09
-1.5310047698595e-09
-1.5557855076021e-09
-1.5810442442464e-09
-1.6067906597973e-09
-1.6330344137349e-09
-1.6597855496187e-09
-1.6870543076674e-09
-1.7148511863287e-09
-1.7431869790792e-09
-1.7720726667748e-09
-1.8015195846754e-09
-1.8315393934059e-09
-1.8621438231992e-09
-1.8933450455948e-09
-1.9251558133285e-09
-1.9575886417834e-09
-1.9906566995176e-09
-2.0243740943353e-09
-2.0587534634629e-09
-2.0938095995493e-09
-2.1295571023943e-09
-2.1660106850831e-09
-2.2031858170383e-09
-2.2410980882394e-09
-2.2797637001766e-09
-2.3191991904377e-09
-2.3594214565286e-09
-2.4004480251096e-09
-2.4422967029142e-09
-2.4849859575174e-09
-2.5285348072498e-09
-2.5729623758287e-09
-2.6182887009646e-09
-2.6645343357566e-09
-2.7117202552446e-09
-2.7598682025201e-09
-2.8090000831479e-09
-2.8591392222568e-09
-2.9103087504475e-09
-2.9625330515366e-09
-3.015836790334e-09
-3.0702456746725e-09
-3.1257864604996e-09
-3.1824854551764e-09
-3.2403705710101e-09
-3.2994709585504e-09
-3.3598158708721e-09
-3.4214357612299e-09
-3.4843619444364e-09
-3.5486267479691e-09
-3.6142633368963e-09
-3.6813060920102e-09
-3.7497902202179e-09
-3.8197521738941e-09
-3.8912293672514e-09
-3.9642606899286e-09
-4.0388858943981e-09
-4.1151463501704e-09
-4.1930845712241e-09
-4.2727441673679e-09
-4.3541707914603e-09
-4.4374110615206e-09
-4.5225134384953e-09
-4.6095278511572e-09
-4.6985058754728e-09
-4.7895007924013e-09
-4.8825679645234e-09
-4.9777643546756e-09
-5.0751489943893e-09
-5.1747829469613e-09
-5.2767295375242e-09
-5.3810542850174e-09
-5.4878249418751e-09
-5.5971116397243e-09
-5.7089874625586e-09
-5.8235278297048e-09
-5.9408109826252e-09
-6.0609180231841e-09
-6.1839333603832e-09
-6.309944307412e-09
-6.4390417557885e-09
-6.5713200346218e-09
-6.706877056396e-09
-6.8458146744522e-09
-6.9882388534783e-09
-7.1342596648936e-09
-7.2839917394036e-09
-7.4375544063361e-09
-7.595071782882e-09
-7.7566734619645e-09
-7.9224940861004e-09
-8.0926745220425e-09
-8.2673609211032e-09
-8.4467064379824e-09
-8.6308706465222e-09
-8.8200204291535e-09
-9.0143297138063e-09
-9.2139804955724e-09
-9.4191630670356e-09
-9.6300763066305e-09
-9.8469285879037e-09
-1.0069937664016e-08
-1.0299332049511e-08
-1.0535350736119e-08
-1.0778244545899e-08
-1.1028276353892e-08
-1.1285722027343e-08
-1.1550871077796e-08
-1.1824027627423e-08
-1.2105511027589e-08
-1.2395657245122e-08
-1.2694819246815e-08
-1.3003368458545e-08
-1.3321696015907e-08
-1.3650213739337e-08
-1.3989355210851e-08
-1.4339578051866e-08
-1.4701364254865e-08
-1.507522252455e-08
-1.5461689887461e-08
-1.5861333409057e-08
-1.6274752120839e-08
-1.670257924353e-08
-1.7145484381419e-08
-1.7604176088282e-08
-1.8079404092728e-08
-1.8571962229808e-08
-1.9082691923136e-08
-1.9612484671886e-08
-2.0162285564373e-08
-2.0733097754827e-08
-2.132598512198e-08
-2.1942078140656e-08
-2.2582576910292e-08
-2.324875683801e-08
-2.3941974199839e-08
-2.4663671099029e-08
-2.541538200173e-08
-2.619874038208e-08
-2.7015485563731e-08
-2.7867470153306e-08
-2.8756669985991e-08
-2.9685189778079e-08
-3.0655274977006e-08
-3.1669321789583e-08
-3.272988715984e-08
-3.3839701696497e-08
-3.5001682342857e-08
-3.6218945604672e-08
-3.7494822683044e-08
-3.883287604681e-08
-4.0236915931511e-08
-4.1711019733918e-08
-4.3259551607292e-08
-4.4887184333207e-08
-4.6598923173016e-08
-4.8400130426248e-08
-5.0296553955805e-08
-5.2294355271684e-08
-5.4400142452077e-08
-5.6621003996283e-08
-5.8964546000821e-08
-6.1438933103697e-08
-6.4052931257527e-08
-6.681595432046e-08
-6.9738115578548e-08
-7.2830282076909e-08
-7.61041340058e-08
-7.9572228750657e-08
-8.3248070283058e-08
-8.7146184350036e-08
-9.1282199252953e-08
-9.5672933634822e-08
-1.0033649209762e-07
-1.0529236751723e-07
-1.1056155172564e-07
-1.161666575038e-07
-1.2213204773807e-07
-1.2848397754516e-07
-1.3525074674282e-07
-1.4246286596993e-07
-1.5015323592181e-07
-1.5835734204972e-07
-1.6711346578057e-07
-1.7646291218222e-07
-1.8645025877848e-07
-1.9712362185215e-07
-2.0853495051572e-07
-2.2074034014009e-07
-2.3380037546364e-07
-2.4778050160832e-07
-2.6275142643175e-07
-2.7878955900426e-07
-2.9597748111666e-07
-3.144044637975e-07
-3.3416702474355e-07
-3.553695334669e-07
-3.7812487141095e-07
-4.025551433234e-07
-4.2879245492465e-07
-4.5697975405226e-07
-4.8727174525253e-07
-5.1983588375549e-07
-5.5485345449378e-07
-5.9252074503126e-07
-6.3305031983745e-07
-6.7667240532898e-07
-7.2363639478441e-07
-7.7421248508952e-07
-8.286934552699e-07
-8.8739660201265e-07
-9.5066584143583e-07
-1.0188739977419e-06
-1.0924252914942e-06
-1.1717580470217e-06
-1.2573476370702e-06
-1.3497096877672e-06
-1.4494035668095e-06
-1.5570361784673e-06
-1.6732660966829e-06
-1.7988080632857e-06
-1.9344378856506e-06
-2.0809977706339e-06
-2.2394021335632e-06
-2.4106439255535e-06
-2.5958015253024e-06
-2.7960462498753e-06
-3.012650536372e-06
-3.246996859456e-06
-3.5005874511462e-06
-3.7750548946204e-06
-4.0721736756137e-06
-4.3938727722743e-06
-4.7422493945062e-06
-5.1195839575955e-06
-5.5283564210199e-06
-5.9712641103681e-06
-6.4512411647253e-06
-6.971479754492e-06
-7.5354532393785e-06
-8.1469414458344e-06
-8.8100582585275e-06
-9.5292817467056e-06
-1.0309487059556e-05
-1.1155982350119e-05
-1.2074548013143e-05
-1.3071479548375e-05
-1.4153634388481e-05
-1.5328483068923e-05
-1.6604165147439e-05
-1.7989550323194e-05
-1.9494305248949e-05
-2.1128966576318e-05
-2.2905020826664e-05
-2.4834991739295e-05
-2.6932535807679e-05
-2.9212546790747e-05
-3.1691270052041e-05
-3.4386427677634e-05
-3.7317355400633e-05
-4.0505152474112e-05
-4.3972845737929e-05
-4.7745569250026e-05
-5.1850760991962e-05
-5.631837829601e-05
-6.1181133819786e-05
-6.6474754060695e-05
-7.2238262607677e-05
-7.851429054693e-05
-8.5349416672382e-05
-9.2794540423154e-05
-0.0001009052907586
-0.00010974247450208
-0.00011937256804195
-0.00012986825666512
-0.00014130902623131
-0.00015378181237219
-0.00016738171291582
-0.0001822127698257
-0.00019838882757017
-0.00021603447554565
-0.00023528608295464
-0.00025629293539013
-0.00027921848333208
-0.00030424171379
-0.00033155865750373
-0.00036138404536135
-0.00039395312911439
-0.00042952368302927
-0.00046837820481997
-0.00051082633611602
-0.00055720752481812
-0.00060789395401398
-0.00066329376470021
-0.00072385460239472
-0.00079006752087338
-0.00086247127973962
-0.00094165707639097
-0.0010282737572152
-0.0011230335575631
-0.0012267184252859
-0.0013401869884108
-0.0014643822339552
-0.0016003399719886
-0.0017491981669445
-0.0019122072269189
-0.0020907413513978
-0.0022863110485898
-0.0025005769454871
-0.0027353650269952
-0.0029926834551657
-0.0032747411358565
-0.0035839682182593
-0.0039230387327912
-0.0042948955952144
-0.0047027782295898
-0.0051502530902545
-0.005641247393603
-0.0061800864044924
-0.006771534659923
-0.007420841554723
-0.0081337917607565
-0.0089167610032545
-0.0097767777757878
-0.010721591639911
-0.011759748827278
-0.012900675941992
-0.014154772649978
-0.015533514341388
-0.017049565862561
-0.018716907537275
-0.020550974834399
-0.022568813192199
-0.024789249680419
-0.027233083371865
-0.029923296507957
-0.032885288780188
-0.036147137314586
-0.039739885242451
-0.04369786207156
-0.048059039441849
-0.052865426263055
-0.058163507694204
-0.064004732942167
-0.070446057435474
-0.077550545577859
-0.085388041012126
-0.094035912138677
-0.10357988154545
-0.11411494902946
-0.12574641903932
-0.1385910446583
-0.15277830169869
-0.16845180810997
-0.18577090574152
-0.20491242357242
-0.22607264385945
-0.24946949529756
-0.27534500027913
-0.30396800673182
-0.33563723887147
-0.37068470560059
-0.40947951030317
-0.45243211154158
-0.49999909078226
