-1.334730294205
-1.0790113400952
-0.92668704773011
-0.82896286209062
-0.7571315811216
-0.69956889530001
-0.65112565305247
-0.60920192878282
-0.5723015993068
-0.53946006180279
-0.50999776776871
-0.48340445800303
-0.45927979391048
-0.4373001496003
-0.41719845335701
-0.39875103057436
-0.38176848221829
-0.36608905193441
-0.35157362368508
-0.33810184421352
-0.3255690547866
-0.31388382487191
-0.30296594526157
-0.29274477899337
-0.28315789531442
-0.27414993035773
-0.26567163125591
-0.25767904992644
-0.25013285985157
-0.2429977745588
-0.23624205065765
-0.22983706152765
-0.22375693030765
-0.21797821286887
-0.21247962308392
-0.2072417940185
-0.20224706973981
-0.19747932330606
-0.19292379721525
-0.18856696317905
-0.18439639857322
-0.18040067731976
-0.17656927329126
-0.17289247460926
-0.16936130744366
-0.16596746811847
-0.16270326249635
-0.15956155175599
-0.15653570379649
-0.15361954960515
-0.15080734401224
-0.14809373033118
-0.14547370844632
-0.14294260596575
-0.14049605210388
-0.1381299539995
-0.13584047521053
-0.13362401615738
-0.13147719631353
-0.12939683796524
-0.12737995138274
-0.12542372126266
-0.12352549431748
-0.12168276790098
-0.11989317957097
-0.11815449750102
-0.11646461166224
-0.11482152570436
-0.11322334947273
-0.11166829210428
-0.11015465565104
-0.10868082918527
-0.10724528334441
-0.10584656527833
-0.10448329396493
-0.10315415586324
-0.10185790087623
-0.10059333859803
-0.099359334822561
-0.098154808292727
-0.096978727671158
-0.095830108715173
-0.094708011640181
-0.093611538657104
-0.09253983167061
-0.09149207012615
-0.09046746899472
-0.089465276885244
-0.088484774275304
-0.087525271851686
-0.086586108952915
-0.085666652106585
-0.08476629365484
-0.083884450461919
-0.08302056269812
-0.082174092694999
-0.08134452386699
-0.080531359695047
-0.079734122768154
-0.078952353878994
-0.078185611170159
-0.077433469327728
-0.076695518819163
-0.075971365172711
-0.07526062829573
-0.074562941829496
-0.073877952538271
-0.073205319730519
-0.072544714710324
-0.071895820257214
-0.07125833013264
-0.070631948611634
-0.070016390038075
-0.069411378402244
-0.068816646939351
-0.068231937747869
-0.067657001426511
-0.067091596728826
-0.066535490234425
-0.065988456035909
-0.065450275440623
-0.064920736686463
-0.064399634670929
-0.063886770692737
-0.063381952205328
-0.062884992581606
-0.062395710889357
-0.061913931676754
-0.061439484767456
-0.060972205064787
-0.060511932364524
-0.060058511175887
-0.059611790550291
-0.059171623917466
-0.058737868928614
-0.058310387306226
-0.05788904470021
-0.057473710550114
-0.057064257953015
-0.056660563536918
-0.056262507339351
-0.055869972690906
-0.055482846103504
-0.055101017163164
-0.054724378427068
-0.054352825324706
-0.053986256062937
-0.053624571534775
-0.053267675231734
-0.052915473159565
-0.052567873757238
-0.052224787819044
-0.051886128419629
-0.051551810841891
-0.051221752507569
-0.050895872910425
-0.050574093551927
-0.050256337879271
-0.049942531225706
-0.049632600753018
-0.049326475396109
-0.04902408580956
-0.048725364316127
-0.048430244857052
-0.048138662944146
-0.04785055561355
-0.047565861381127
-0.047284520199396
-0.047006473415952
-0.046731663733339
-0.046460035170271
-0.046191533024189
-0.045926103835068
-0.045663695350475
-0.04540425649176
-0.045147737321389
-0.044894089011363
-0.044643263812675
-0.044395215025752
-0.044149896971886
-0.043907264965567
-0.043667275287735
-0.043429885159845
-0.043195052718822
-0.042962736992754
-0.042732897877378
-0.042505496113307
-0.042280493263964
-0.042057851694203
-0.04183753454958
-0.041619505736283
-0.041403729901664
-0.041190172415358
-0.040978799350995
-0.040769577468442
-0.04056247419659
-0.040357457616654
-0.04015449644597
-0.039953560022264
-0.03975461828839
-0.03955764177753
-0.039362601598783
-0.039169469423229
-0.038978217470348
-0.03878881849485
-0.03860124577389
-0.038415473094623
-0.038231474742142
-0.038049225487721
-0.037868700577424
-0.037689875721005
-0.037512727081139
-0.037337231262926
-0.037163365303709
-0.036991106663161
-0.036820433213637
-0.036651323230798
-0.036483755384488
-0.036317708729851
-0.036153162698691
-0.035990097091066
-0.035828492067097
-0.035668328139003
-0.035509586163335
-0.035352247333433
-0.035196293172056
-0.03504170552423
-0.034888466550251
-0.034736558718901
-0.03458596480082
-0.034436667862029
-0.034288651257694
-0.034141898625923
-0.033996393881854
-0.033852121211786
-0.033709065067527
-0.033567210160843
-0.033426541458063
-0.03328704417481
-0.033148703770873
-0.033011505945187
-0.032875436630953
-0.032740481990867
-0.032606628412472
-0.032473862503613
-0.03234217108801
-0.032211541200931
-0.032081960084979
-0.03195341518596
-0.03182589414887
-0.031699384813965
-0.031573875212924
-0.031449353565103
-0.031325808273884
-0.031203227923092
-0.031081601273517
-0.030960917259491
-0.030841164985569
-0.030722333723268
-0.03060441290789
-0.030487392135407
-0.030371261159432
-0.030256009888245
-0.030141628381893
-0.030028106849344
-0.029915435645732
-0.029803605269622
-0.029692606360375
-0.029582429695539
-0.029473066188331
-0.029364506885136
-0.029256742963097
-0.029149765727727
-0.029043566610596
-0.028938137167057
-0.028833469074011
-0.028729554127753
-0.02862638424182
-0.028523951444923
-0.028422247878892
-0.028321265796699
-0.028220997560487
-0.028121435639661
-0.02802257260902
-0.027924401146911
-0.027826914033446
-0.027730104148731
-0.027633964471154
-0.027538488075689
-0.027443668132243
-0.027349497904051
-0.027255970746067
-0.027163080103431
-0.027070819509935
-0.026979182586537
-0.026888163039892
-0.026797754660931
-0.026707951323441
-0.026618746982711
-0.02653013567416
-0.026442111512031
-0.026354668688092
-0.026267801470357
-0.026181504201855
-0.026095771299393
-0.026010597252375
-0.025925976621611
-0.025841904038178
-0.025758374202279
-0.025675381882155
-0.02559292191297
-0.025510989195775
-0.02542957869644
-0.025348685444638
-0.025268304532836
-0.025188431115312
-0.025109060407181
-0.025030187683447
-0.024951808278072
-0.024873917583051
-0.024796511047526
-0.024719584176899
-0.024643132531963
-0.024567151728056
-0.024491637434226
-0.024416585372411
-0.024341991316639
-0.024267851092232
-0.024194160575037
-0.024120915690658
-0.02404811241372
-0.02397574676712
-0.023903814821322
-0.023832312693634
-0.023761236547526
-0.023690582591933
-0.0236203470806
-0.023550526311408
-0.023481116625738
-0.023412114407825
-0.023343516084142
-0.023275318122776
-0.023207517032838
-0.023140109363853
-0.023073091705194
-0.023006460685494
-0.022940212972099
-0.022874345270498
-0.022808854323794
-0.022743736912156
-0.022678989852307
-0.022614609996998
-0.022550594234502
-0.022486939488118
-0.022423642715677
-0.022360700909059
-0.02229811109372
-0.022235870328226
-0.022173975703795
-0.022112424343836
-0.022051213403523
-0.021990340069341
-0.021929801558666
-0.02186959511934
-0.02180971802926
-0.021750167595957
-0.021690941156211
-0.021632036075643
-0.021573449748328
-0.021515179596421
-0.021457223069764
-0.021399577645532
-0.021342240827859
-0.021285210147477
-0.021228483161374
-0.021172057452433
-0.021115930629101
-0.021060100325047
-0.021004564198829
-0.020949319933571
-0.020894365236642
-0.020839697839339
-0.020785315496578
-0.020731215986581
-0.020677397110584
-0.020623856692534
-0.020570592578795
-0.02051760263787
-0.020464884760104
-0.02041243685742
-0.020360256863028
-0.02030834273117
-0.02025669243684
-0.020205303975534
-0.020154175362978
-0.020103304634892
-0.020052689846716
-0.020002329073385
-0.019952220409069
-0.019902361966945
-0.019852751878956
-0.019803388295575
-0.019754269385585
-0.019705393335842
-0.019656758351065
-0.019608362653604
-0.019560204483239
-0.019512282096947
-0.019464593768716
-0.01941713778932
-0.019369912466123
-0.019322916122881
-0.019276147099534
-0.019229603752023
-0.019183284452092
-0.019137187587097
-0.019091311559827
-0.019045654788311
-0.019000215705641
-0.018954992759793
-0.018909984413452
-0.018865189143835
-0.018820605442528
-0.018776231815301
-0.018732066781959
-0.01868810887617
-0.018644356645302
-0.018600808650264
-0.018557463465352
-0.018514319678091
-0.01847137588908
-0.018428630711851
-0.018386082772705
-0.018343730710579
-0.018301573176891
-0.018259608835404
-0.018217836362085
-0.01817625444496
-0.018134861783986
-0.018093657090905
-0.018052639089123
-0.018011806513566
-0.017971158110562
-0.017930692637707
-0.017890408863734
-0.0178503055684
-0.017810381542355
-0.017770635587022
-0.017731066514477
-0.017691673147334
-0.017652454318625
-0.017613408871691
-0.017574535660053
-0.017535833547332
-0.017497301407091
-0.017458938122773
-0.017420742587565
-0.017382713704302
-0.017344850385363
-0.017307151552557
-0.017269616137036
-0.017232243079184
-0.017195031328523
-0.017157979843607
-0.017121087591936
-0.017084353549853
-0.017047776702449
-0.017011356043473
-0.016975090575242
-0.016938979308545
-0.016903021262556
-0.01686721546474
-0.016831560950781
-0.016796056764473
-0.016760701957652
-0.01672549559011
-0.016690436729502
-0.016655524451274
-0.016620757838578
-0.016586135982189
-0.016551657980434
-0.016517322939104
-0.016483129971385
-0.016449078197775
-0.016415166746018
-0.016381394751019
-0.016347761354775
-0.01631426570631
-0.016280906961586
-0.016247684283455
-0.016214596841565
-0.016181643812312
-0.016148824378757
-0.016116137730568
-0.016083583063946
-0.016051159581566
-0.016018866492508
-0.015986703012196
-0.015954668362328
-0.015922761770819
-0.015890982471744
-0.015859329705262
-0.015827802717571
-0.015796400760838
-0.015765123093144
-0.015733968978427
-0.015702937686421
-0.015672028492602
-0.015641240678129
-0.015610573529793
-0.015580026339952
-0.015549598406495
-0.015519289032766
-0.015489097527526
-0.015459023204898
-0.015429065384312
-0.015399223390454
-0.01536949655322
-0.015339884207657
-0.015310385693928
-0.015281000357246
-0.015251727547837
-0.015222566620889
-0.015193516936507
-0.015164577859659
-0.015135748760139
-0.015107029012519
-0.015078417996095
-0.015049915094857
-0.015021519697433
-0.014993231197051
-0.014965048991495
-0.01493697248306
-0.014909001078515
-0.014881134189056
-0.014853371230267
-0.014825711622079
-0.01479815478873
-0.014770700158725
-0.014743347164798
-0.014716095243865
-0.014688943837002
-0.014661892389386
-0.014634940350277
-0.014608087172967
-0.014581332314747
-0.014554675236875
-0.014528115404534
-0.014501652286797
-0.014475285356595
-0.014449014090682
-0.014422837969594
-0.014396756477625
-0.014370769102782
-0.014344875336762
-0.014319074674911
-0.014293366616197
-0.014267750663174
-0.014242226321948
-0.014216793102153
-0.014191450516915
-0.014166198082815
-0.014141035319873
-0.014115961751502
-0.014090976904486
-0.014066080308952
-0.014041271498337
-0.014016550009357
-0.013991915381983
-0.013967367159411
-0.013942904888032
-0.013918528117406
-0.013894236400233
-0.013870029292326
-0.013845906352586
-0.013821867142973
-0.013797911228478
-0.013774038177103
-0.013750247559827
-0.013726538950587
-0.01370291192625
-0.013679366066584
-0.013655900954244
-0.013632516174733
-0.01360921131639
-0.013585985970358
-0.013562839730566
-0.013539772193698
-0.013516782959175
-0.013493871629137
-0.013471037808405
-0.013448281104473
-0.013425601127477
-0.013402997490177
-0.013380469807933
-0.013358017698684
-0.013335640782925
-0.013313338683689
-0.013291111026522
-0.013268957439463
-0.013246877553026
-0.013224871000177
-0.013202937416313
-0.013181076439246
-0.013159287709175
-0.013137570868677
-0.013115925562679
-0.013094351438442
-0.013072848145542
-0.01305141533585
-0.013030052663515
-0.013008759784943
-0.01298753635878
-0.012966382045894
-0.012945296509357
-0.012924279414425
-0.012903330428525
-0.01288244922123
-0.012861635464252
-0.012840888831414
-0.01282020899864
-0.012799595643936
-0.012779048447373
-0.012758567091073
-0.012738151259188
-0.012717800637885
-0.012697514915336
-0.012677293781694
-0.012657136929081
-0.012637044051574
-0.012617014845184
-0.012597049007845
-0.012577146239403
-0.012557306241589
-0.012537528718015
-0.012517813374156
-0.012498159917332
-0.012478568056701
-0.012459037503233
-0.012439567969709
-0.0124201591707
-0.012400810822549
-0.012381522643368
-0.012362294353015
-0.012343125673087
-0.012324016326898
-0.012304966039475
-0.012285974537543
-0.012267041549503
-0.012248166805432
-0.012229350037061
-0.012210590977769
-0.012191889362563
-0.01217324492807
-0.012154657412528
-0.012136126555763
-0.012117652099192
-0.012099233785793
-0.012080871360113
-0.012062564568238
-0.012044313157793
-0.012026116877927
-0.012007975479298
-0.011989888714071
-0.011971856335891
-0.011953878099895
-0.011935953762673
-0.011918083082278
-0.011900265818213
-0.011882501731408
-0.011864790584221
-0.011847132140422
-0.011829526165188
-0.01181197242508
-0.01179447068805
-0.011777020723417
-0.011759622301863
-0.011742275195426
-0.011724979177481
-0.011707734022734
-0.011690539507217
-0.011673395408277
-0.011656301504554
-0.011639257575992
-0.011622263403817
-0.011605318770526
-0.011588423459881
-0.011571577256908
-0.011554779947869
-0.011538031320275
-0.011521331162859
-0.011504679265576
-0.011488075419593
-0.011471519417284
-0.011455011052209
-0.011438550119119
-0.011422136413941
-0.011405769733771
-0.011389449876863
-0.011373176642627
-0.011356949831615
-0.011340769245514
-0.011324634687136
-0.011308545960421
-0.011292502870412
-0.01127650522326
-0.011260552826212
-0.011244645487603
-0.011228783016847
-0.011212965224432
-0.011197191921914
-0.0111814629219
-0.011165778038059
-0.01115013708509
-0.011134539878741
-0.011118986235778
-0.011103475973993
-0.011088008912196
-0.011072584870197
-0.011057203668812
-0.011041865129848
-0.011026569076099
-0.011011315331338
-0.010996103720315
-0.010980934068742
-0.010965806203292
-0.010950719951591
-0.010935675142213
-0.010920671604671
-0.010905709169408
-0.010890787667801
-0.010875906932144
-0.010861066795646
-0.010846267092428
-0.0108315076575
-0.010816788326789
-0.010802108937096
-0.010787469326112
-0.010772869332405
-0.010758308795415
-0.010743787555449
-0.010729305453673
-0.01071486233211
-0.010700458033631
-0.010686092401944
-0.010671765281607
-0.010657476518
-0.010643225957332
-0.010629013446632
-0.010614838833751
-0.010600701967341
-0.010586602696861
-0.010572540872572
-0.010558516345527
-0.01054452896757
-0.010530578591324
-0.010516665070196
-0.010502788258359
-0.010488948010762
-0.010475144183113
-0.010461376631875
-0.010447645214271
-0.010433949788268
-0.010420290212575
-0.010406666346643
-0.010393078050654
-0.01037952518552
-0.010366007612876
-0.010352525195076
-0.010339077795191
-0.010325665277003
-0.010312287504994
-0.010298944344351
-0.010285635660956
-0.010272361321384
-0.010259121192897
-0.010245915143439
-0.010232743041634
-0.01021960475678
-0.010206500158843
-0.010193429118458
-0.010180391506919
-0.010167387196178
-0.01015441605884
-0.010141477968158
-0.010128572798032
-0.010115700422999
-0.010102860718237
-0.010090053559554
-0.010077278823382
-0.010064536386789
-0.010051826127453
-0.010039147923673
-0.010026501654361
-0.010013887199038
-0.010001304437829
-0.0099887532514606
-0.009976233521258
-0.0099637451291394
-0.0099512879576095
-0.0099388618897724
-0.0099264668092978
-0.009914102600447
-0.0099017691480507
-0.0098894663375128
-0.0098771940548078
-0.0098649521864746
-0.0098527406196103
-0.0098405592418744
-0.0098284079414774
-0.009816286607184
-0.0098041951283046
-0.009792133394694
-0.0097801012967497
-0.0097680987254028
-0.0097561255721245
-0.0097441817289148
-0.0097322670882993
-0.0097203815433283
-0.0097085249875842
-0.0096966973151468
-0.009684898420633
-0.0096731281991574
-0.0096613865463486
-0.0096496733583415
-0.0096379885317727
-0.009626331963777
-0.0096147035519899
-0.0096031031945386
-0.0095915307900393
-0.0095799862375949
-0.0095684694368017
-0.0095569802877292
-0.0095455186909281
-0.0095340845474286
-0.0095226777587287
-0.0095112982268017
-0.009499945854087
-0.0094886205434891
-0.0094773221983734
-0.0094660507225677
-0.0094548060203528
-0.0094435879964668
-0.0094323965560984
-0.0094212316048809
-0.0094100930489
-0.0093989807946811
-0.0093878947491908
-0.0093768348198346
-0.0093658009144524
-0.0093547929413174
-0.0093438108091345
-0.0093328544270356
-0.0093219237045781
-0.0093110185517424
-0.00930013887893
-0.0092892845969593
-0.0092784556170654
-0.0092676518508968
-0.0092568732105102
-0.0092461196083743
-0.0092353909573619
-0.0092246871707495
-0.0092140081622161
-0.0092033538458389
-0.0091927241360908
-0.0091821189478402
-0.0091715381963495
-0.0091609817972688
-0.0091504496666356
-0.009139941720872
-0.0091294578767891
-0.0091189980515712
-0.009108562162787
-0.0090981501283797
-0.0090877618666674
-0.0090773972963409
-0.0090670563364593
-0.0090567389064568
-0.0090464449261236
-0.0090361743156216
-0.0090259269954706
-0.0090157028865523
-0.0090055019101067
-0.0089953239877287
-0.0089851690413667
-0.0089750369933186
-0.0089649277662406
-0.0089548412831277
-0.0089447774673256
-0.0089347362425212
-0.0089247175327471
-0.0089147212623733
-0.0089047473561089
-0.0088947957389995
-0.0088848663364276
-0.0088749590740984
-0.0088650738780641
-0.008855210674694
-0.0088453693906845
-0.0088355499530646
-0.0088257522891813
-0.0088159763267074
-0.0088062219936291
-0.0087964892182543
-0.0087867779292117
-0.0087770880554405
-0.0087674195261879
-0.0087577722710232
-0.0087481462198179
-0.0087385413027521
-0.0087289574503132
-0.0087193945932941
-0.0087098526627876
-0.0087003315901879
-0.0086908313071952
-0.0086813517457991
-0.0086718928382873
-0.008662454517246
-0.0086530367155516
-0.0086436393663723
-0.0086342624031657
-0.0086249057596795
-0.0086155693699458
-0.0086062531682835
-0.0085969570892956
-0.008587681067863
-0.0085784250391541
-0.0085691889386108
-0.0085599727019549
-0.0085507762651857
-0.0085415995645726
-0.0085324425366632
-0.0085233051182722
-0.0085141872464902
-0.0085050888586713
-0.0084960098924365
-0.0084869502856802
-0.0084779099765522
-0.0084688889034699
-0.008459887005115
-0.0084509042204236
-0.0084419404885945
-0.0084329957490843
-0.0084240699416019
-0.0084151630061168
-0.0084062748828482
-0.0083974055122687
-0.0083885548351009
-0.0083797227923172
-0.0083709093251397
-0.0083621143750355
-0.0083533378837174
-0.0083445797931443
-0.0083358400455163
-0.0083271185832758
-0.0083184153491082
-0.0083097302859325
-0.0083010633369106
-0.0082924144454414
-0.0082837835551549
-0.0082751706099191
-0.0082665755538355
-0.0082579983312348
-0.0082494388866803
-0.0082408971649634
-0.0082323731111062
-0.0082238666703552
-0.0082153777881851
-0.0082069064102933
-0.0081984524826034
-0.0081900159512586
-0.008181596762626
-0.0081731948632912
-0.0081648102000599
-0.0081564427199559
-0.0081480923702168
-0.0081397590983017
-0.0081314428518798
-0.0081231435788336
-0.0081148612272639
-0.0081065957454744
-0.0080983470819852
-0.0080901151855235
-0.0080819000050248
-0.0080737014896315
-0.0080655195886931
-0.0080573542517635
-0.0080492054285994
-0.0080410730691626
-0.008032957123616
-0.0080248575423224
-0.0080167742758464
-0.0080087072749496
-0.0080006564905926
-0.0079926218739326
-0.0079846033763227
-0.0079766009493109
-0.0079686145446406
-0.0079606441142455
