1.5707963267949 -1.77090655595753e-06 -8.3974060699946
4.7123889803847 -4.63021232511973e-07 -4.0755126985707
7.8539816339745 -1.04016996106358e-07 -2.7651531707533
10.995574287564 5.15348786076778e-07 -2.09116076125575
14.137166941154 1.13712488508089e-06 -1.671975687732
17.278759594744 1.14764856642447e-06 -1.3940214723825
20.420352248334 9.57249034399634e-07 -1.19077118074855
23.561944901923 3.71435275612335e-08 -1.0417243364321
26.703537555513 -8.0142020906607e-08 -0.917311475125835
29.845130209103 3.96925490057651e-07 -0.826125711330935
32.986722862693 1.54385364832314e-06 -0.74726444898346
36.128315516283 2.44370201033044e-06 -0.68653124551761
39.269908169872 2.08751567133354e-06 -0.630341391286835
42.411500823462 1.47692333583008e-06 -0.584811921671715
45.553093477052 2.32281610699583e-07 -0.546034607495215
48.694686130642 1.28689039492822e-07 -0.50505767977903
51.836278784232 7.21435824130083e-07 -0.476851477243235
54.977871437821 1.69283578016364e-06 -0.45172194710901
58.119464091411 2.09742179203475e-06 -0.426350210716265
61.261056745001 1.4024251768772e-06 -0.40591639442283
64.402649398591 7.22670699631182e-07 -0.3876823405536
67.544242052181 -1.61325915669476e-07 -0.3672687629623
70.68583470577 -1.28312918287219e-07 -0.353538173053745
73.82742735936 2.0074254017514e-07 -0.338182245117595
76.96902001295 5.30706028802741e-07 -0.326621379741865
80.11061266654 4.65256558516815e-07 -0.31140721828267
83.25220532013 1.53253872094645e-07 -0.299906473322905
86.393797973719 1.04095253803457e-07 -0.28539017279668
89.535390627309 1.91899843056162e-07 -0.280285029483735
92.676983280899 2.1420328248571e-07 -0.2742463761014
95.818575934489 9.75281161537775e-08 -0.257060317711665
98.960168588078 -1.51664543102576e-07 -0.25546443732972
102.10176124167 -3.23268614806471e-07 -0.24376213975208
105.24335389526 3.32468954616378e-07 -0.239154318389295
108.38494654885 1.01135955620219e-06 -0.228905390343315
111.52653920244 1.76090022407327e-06 -0.22711334269939
114.66813185603 1.39301561329678e-06 -0.216804421957525
117.80972450962 6.80089001825874e-07 -0.209013349226995
120.95131716321 1.08376434410867e-07 -0.20364352878392
124.0929098168 2.0619185243043e-08 -0.201151825623665
127.23450247039 1.25981059670768e-06 -0.195270856018375
130.37609512398 2.04975527948501e-06 -0.190963564389365
133.51768777757 2.58950272775671e-06 -0.185586268047615
136.65928043116 1.68198302148217e-06 -0.18153870986332
139.80087308475 5.99803416837053e-07 -0.179900992395985
142.94246573834 9.67418045365215e-08 -0.176872840704105
146.08405839193 8.06087150875385e-08 -0.17202017106794
149.22565104552 1.07200361385947e-06 -0.170488648178065
152.3672436991 1.45783443401334e-06 -0.167491272224825
155.50883635269 1.43011994930645e-06 -0.15859728655987
158.65042900628 5.61863498815124e-07 -0.15497562441011
161.79202165987 -4.86945644325095e-08 -0.152813921719925
164.93361431346 -1.62732547781074e-07 -0.154461329607585
168.07520696705 -9.0765464247134e-08 -0.14851136832219
171.21679962064 1.67167139025246e-07 -0.14770536969307
174.35839227423 1.4445104081087e-07 -0.145692842578015
177.49998492782 2.05039361081535e-08 -0.14184857593365
180.64157758141 3.8207251075436e-08 -0.1347458317576
183.783170235 4.01689720340903e-07 -0.13519026776905
186.92476288859 6.70491374260694e-07 -0.13583971975639
190.06635554218 6.04215364864374e-07 -0.13385583326418
193.20794819577 -1.31438376850163e-12 -0.13048834373093
196.34954084936 -9.2361493338161e-08 -0.132179525819795
199.49113350295 3.968012622071e-08 -0.12786550566109
202.63272615654 1.01234250741969e-06 -0.122300183090145
205.77431881013 1.95606299286046e-06 -0.124264097747285
208.91591146372 2.00496230392028e-06 -0.119798575407615
212.05750411731 1.49444928407618e-06 -0.1173570308423
215.1990967709 2.65804558700626e-07 -0.11903434619261
218.34068942449 2.12399793618089e-07 -0.114999945526535
221.48228207808 5.54589049561047e-07 -0.111838064769955
224.62387473167 1.66627493035366e-06 -0.110483218074605
227.76546738526 2.36662723809731e-06 -0.107914884330925
230.90706003885 1.89146288946267e-06 -0.109525097281575
234.04865269244 1.08020280924696e-06 -0.1020769200486
237.19024534603 -8.90717464511445e-08 -0.103838864438955
240.33183799962 -2.9368579199041e-08 -0.102467123467405
243.47343065321 2.91156241766837e-07 -0.10110524755568
246.6150233068 8.2635610646212e-07 -0.099676127649248
249.75661596039 9.9576768871512e-07 -0.0992606883340695
252.89820861398 5.67256894405417e-07 -0.092074056509546
256.03980126757 1.01241309093263e-07 -0.097547215268944
259.18139392116 -1.78639880784657e-07 -0.097038562583492
262.32298657475 -1.02973676559785e-08 -0.0941873700347455
265.46457922834 3.0465892624743e-08 -0.097143466135433
268.60617188193 -6.16966701549665e-08 -0.092642085381499
271.74776453552 -1.55291379191769e-07 -0.09014311219633
274.88935718911 1.62786032314825e-07 -0.0905701990913315
278.0309498427 5.10749581146726e-07 -0.0901694822049705
281.17254249629 1.11869800591553e-06 -0.092196250114
284.31413514988 1.07182869664027e-06 -0.088113072003921
287.45572780347 6.26237725266484e-07 -0.086382484126375
290.59732045706 3.1191700927953e-08 -0.085218680614531
293.73891311065 3.500020639489e-09 -0.088970480714266
296.88050576424 9.94857794381423e-07 -0.0872507371410335
300.02209841783 1.71261844248324e-06 -0.084380654403077
303.16369107142 2.46129646548687e-06 -0.0852879122459455
306.305283725 1.83794185288161e-06 -0.082412073127813
309.44687637859 8.99600150780414e-07 -0.0787816328166005
312.58846903218 1.65616330007804e-07 -0.0795022530901975
315.73006168577 1.92314548086413e-07 -0.0759075103531475
318.87165433936 1.20515283936974e-06 -0.0744799083680905
322.01324699295 1.62695342287416e-06 -0.0733356681479335
325.15483964654 1.88689136783308e-06 -0.0762873925033605
328.29643230013 1.0557609194289e-06 -0.076683090651699
331.43802495372 2.26507910017727e-07 -0.073919721557786
334.57961760731 -1.90779053200982e-07 -0.078342990427842
337.7212102609 -1.17569972942692e-07 -0.076094611016714
340.86280291449 3.6363636143412e-07 -0.0720456765605775
344.00439556808 3.67329750433614e-07 -0.0717111595566565
347.14598822167 3.03956869988797e-07 -0.074850743841495
350.28758087526 1.72626602954873e-07 -0.0704150375568985
353.42917352885 1.49100665706032e-07 -0.0688611051658655
356.57076618244 2.03983303764554e-07 -0.071691036556359
359.71235883603 2.70108785308335e-07 -0.070696253127409
362.85395148962 -5.7795446926572e-08 -0.068729317948339
365.99554414321 -1.75995613587408e-07 -0.069402104823496
369.1371367968 -8.62180424449815e-08 -0.068810066444172
372.27872945039 7.65375300248937e-07 -0.0678290824615995
375.42032210398 1.50298963685038e-06 -0.0682900604120395
378.56191475757 1.59780802703541e-06 -0.062654350891506
381.70350741116 1.28992577181569e-06 -0.0665417171975095
384.84510006475 2.8633646977093e-07 -0.0646037322287045
387.98669271834 1.57414756368557e-07 -0.0639494064003545
391.12828537193 4.73666257537208e-07 -0.0654744176875115
394.26987802552 1.72169815129561e-06 -0.059540622343832
397.41147067911 2.38642283052952e-06 -0.060151373415948
400.5530633327 2.04996919508831e-06 -0.0635038433093485
403.69465598629 1.35035598910681e-06 -0.062326667660642
406.83624863988 1.44945897440225e-07 -0.0608355888842595
409.97784129347 1.05793553701009e-07 -0.058413872235036
413.11943394706 4.21644716811316e-07 -0.062186150038883
416.26102660065 1.23829131907461e-06 -0.062601779363746
419.40261925424 1.38014268067304e-06 -0.0604838454836455
422.54421190783 8.5209430279271e-07 -0.0577705662249175
425.68580456142 3.66112079135358e-07 -0.059426336527594
428.82739721501 -1.87319855535888e-07 -0.0618445492533795
431.9689898686 -1.04656679203667e-07 -0.0624722127222695
435.11058252219 2.7643781498875e-09 -0.0580649918292405
438.25217517578 1.12167366440964e-07 -0.0582322382260545
441.39376782937 -3.83216754870465e-08 -0.062946652988245
444.53536048296 -1.98617985455165e-08 -0.058552746550674
447.67695313655 2.89817649376646e-07 -0.056484162516256
450.81854579014 7.67452704133197e-07 -0.055243822053882
453.96013844373 6.86554155132672e-07 -0.0582703285708705
457.10173109731 4.00402481582814e-07 -0.058159723955612
460.2433237509 -8.41792879735285e-08 -0.0555437437522815
463.38491640449 -2.00491663549556e-07 -0.0539225959879275
466.52650905808 6.2984155394392e-07 -0.052977414527618
469.66810171167 1.49001545517286e-06 -0.0540788268816355
472.80969436526 2.35610198763825e-06 -0.0512853576846625
475.95128701885 1.75907867612763e-06 -0.0523013000166655
479.09287967244 9.08722087641093e-07 -0.052994576190173
482.23447232603 1.58307139781288e-07 -0.0527292645269315
485.37606497962 1.63851069253792e-07 -0.0517534512956675
488.51765763321 1.20919387161552e-06 -0.0498622254144155
491.6592502868 1.95126051543751e-06 -0.049525316886104
494.80084294039 2.36346843217073e-06 -0.053823612378551
497.94243559398 1.3437505612777e-06 -0.05410263138657
501.08402824757 4.27305289718624e-07 -0.050861580655038
504.22562090116 -1.28172492389437e-07 -0.0477330380068115
507.36721355475 -3.616378492292e-08 -0.050161806538199
510.50880620834 6.08423556586343e-07 -0.0489402815325945
513.65039886193 8.44591743721226e-07 -0.049425049677552
516.79199151552 7.65309874430638e-07 -0.050020538498927
519.93358416911 1.69105183909348e-07 -0.050534226896673
523.0751768227 -4.0393080605432e-08 -0.04924823348739
526.21676947629 -6.598512821304e-09 -0.0471617646547885
529.35836212988 9.1298305590941e-08 -0.0486238289857395
532.49995478347 -3.12830321803735e-08 -0.047211920609698
535.64154743706 -9.3907706151999e-08 -0.0445453525142055
538.78314009065 -1.81765898411271e-07 -0.0443512896262065
541.92473274424 2.96302027135254e-07 -0.0469555294769745
545.06632539783 9.6539392901371e-07 -0.0449281064239245
548.20791805142 1.34971565426796e-06 -0.0488663667604215
551.34951070501 1.12653441582852e-06 -0.0440084806447775
554.4911033586 1.7887041768193e-07 -0.047823947588654
557.63269601219 6.3075294898133e-08 -0.042988213098852
560.77428866578 1.94443466674362e-07 -0.045910315866024
563.91588131937 1.39961824117134e-06 -0.0452204601573385
567.05747397296 2.29539503136275e-06 -0.0482686528431485
570.19906662655 2.32297360666052e-06 -0.0460498333529815
573.34065928014 1.62168336829725e-06 -0.043956792896893
576.48225193373 2.30851418163536e-07 -0.0438283631315245
579.62384458732 1.25336430804848e-07 -0.042033172705999
582.76543724091 4.23040646226767e-07 -0.043713121643066
585.9070298945 1.41804358506107e-06 -0.0438378733169315
589.04862254809 1.87573060717058e-06 -0.0455302079546415
592.19021520168 1.49058637453539e-06 -0.045003100049598
595.33180785527 6.92141228096773e-07 -0.044323300315398
598.47340050886 -2.43440112323624e-07 -0.0418831490103455
601.61499316245 -1.84592945905008e-07 -0.044697908813589
604.75658581604 3.23460650769365e-08 -0.041161487265981
607.89817846963 3.42133496501059e-07 -0.0424770109503355
611.03977112321 3.59517587343573e-07 -0.0424552909139495
614.1813637768 2.01254927453939e-07 -0.040465889494442
617.32295643039 7.08410324993025e-08 -0.036049900991031
620.46454908398 2.16977734205325e-07 -0.0396574113456725
623.60614173757 3.45596421325167e-07 -0.036063172627678
626.74773439116 2.85480052290331e-07 -0.037366391227749
629.88932704475 -1.50800525293624e-07 -0.039407352186231
633.03091969834 -2.1061232788002e-07 -0.0406497239640655
636.17251235193 3.41939590966526e-07 -0.037312668274296
639.31410500552 9.82479119271826e-07 -0.041077172988139
642.45569765911 1.85439272206689e-06 -0.0413880490793305
645.5972903127 1.61722891059179e-06 -0.0389313702962115
648.73888296629 1.05778301232318e-06 -0.039601072634923
651.88047561988 9.93280155170765e-08 -0.0389628835754365
655.02206827347 1.07974051977124e-07 -0.037570105135444
658.16366092706 1.0843293788465e-06 -0.0393974478819815
661.30525358065 1.82803304135548e-06 -0.0374515120003025
664.44684623424 2.54658833479277e-06 -0.0372973897722205
667.58843888783 1.761287597626e-06 -0.0324737673149685
670.73003154142 8.80266782234845e-07 -0.037788093285826
673.87162419501 -2.83680281681855e-08 -0.035873504576045
677.0132168486 -2.16021394891685e-08 -0.040504859120631
680.15480950219 7.90995395951141e-07 -0.037573216787905
683.29640215578 1.10827069363802e-06 -0.037486484896817
686.43799480937 1.24848686280126e-06 -0.035145719922923
689.57958746296 6.07502213219112e-07 -0.0377127565635075
692.72118011655 1.13034462105269e-07 -0.038722782243326
695.86277277014 -2.19051095038428e-07 -0.037890277151689
699.00436542373 -1.27116435919215e-07 -0.0372025407311865
702.14595807732 4.86990629163925e-08 -0.037056256606945
705.28755073091 -2.5324101037269e-08 -0.0370817186047815
708.4291433845 -8.30299900021185e-08 -0.0372218908100305
711.57073603809 1.9211080081327e-07 -0.0402083172486415
714.71232869168 5.62114876821949e-07 -0.0368132603024945
717.85392134527 8.14650812799509e-07 -0.0344406466625745
720.99551399886 7.56132159090336e-07 -0.035837772158516
724.13710665245 1.70631989579906e-07 -0.03243288535117
727.27869930604 -8.3506230268528e-08 -0.035837767267083
730.42029195963 -1.11725321397045e-08 -0.035221631472268
733.56188461322 1.16582419663236e-06 -0.033386956272466
736.70347726681 1.95665461764689e-06 -0.0371246842969415
739.8450699204 2.1497921179675e-06 -0.0331605497667625
742.98666257399 1.62673567902876e-06 -0.0349910768332505
746.12825522758 4.82725112076718e-07 -0.033414479559269
749.26984788117 1.89403498937682e-07 -0.0338563933162275
752.41144053476 3.62954885517589e-07 -0.0344103902821755
755.55303318835 1.62554196837437e-06 -0.034297078305997
758.69462584194 2.08332794810262e-06 -0.03218548038825
761.83621849552 1.81906783969853e-06 -0.033943527939357
764.97781114911 1.06873114057486e-06 -0.0333490796774075
768.1194038027 4.0447312644995e-08 -0.033681739170049
771.26099645629 -6.49681042754805e-08 -0.0343994372684055
774.40258910988 6.1445044270348e-08 -0.034271819649973
777.54418176347 6.80189556481222e-07 -0.035911367398398
780.68577441706 6.8869609460209e-07 -0.030882221650472
783.82736707065 3.66867940953765e-07 -0.0343030186844545
786.96895972424 1.19542820925528e-07 -0.0332610746539785
790.11055237783 5.3367358345673e-08 -0.028905987521455
793.25214503142 9.2809859627242e-08 -0.02993690184195
796.39373768501 8.34621729261985e-08 -0.0343043739221685
799.5353303386 -9.1466031600266e-08 -0.032650244569538
802.67692299219 -2.61870852235139e-07 -0.0342219056441875
805.81851564578 2.2850602647281e-08 -0.031651385257078
808.96010829937 6.21903328165777e-07 -0.029906949197482
812.10170095296 1.45955991894174e-06 -0.0315037877170425
815.24329360655 1.29193528940402e-06 -0.029348519333041
818.38488626014 8.73805008793371e-07 -0.031327788800411
821.52647891373 9.0244213223116e-08 -0.0304630684062775
824.66807156732 -1.2324324834838e-08 -0.0282388672465575
827.80966422091 7.82016851471225e-07 -0.0324271329926095
830.9512568745 1.7584931356276e-06 -0.029440757312386
834.09284952809 2.63368463168499e-06 -0.029489952078734
837.23444218168 1.89038497192145e-06 -0.0322860722965285
840.37603483527 1.04812876112141e-06 -0.031624963235345
843.51762748886 1.27878188488783e-07 -0.031065650339599
846.65922014245 1.11276787456617e-07 -0.03232245552033
849.80081279604 8.69081430491412e-07 -0.0280839028879425
852.94240544963 1.51959473922434e-06 -0.028692510556539
856.08399810322 1.81206800818551e-06 -0.030584494379241
859.22559075681 8.8026462672482e-07 -0.0278776029798565
862.3671834104 2.26297931394072e-07 -0.0291578800774345
865.50877606399 -2.10838622445554e-07 -0.0312139936382895
868.65036871758 -1.17163130180551e-07 -0.027860872310498
871.79196137117 1.82258931513872e-07 -0.025855258237073
874.93355402476 2.89583881970882e-07 -0.026802622720197
878.07514667835 2.00890087703587e-07 -0.0255628977200785
881.21673933194 1.40604634609378e-08 -0.0304577630184325
884.35833198553 1.29346049003089e-07 -0.03086232030256
887.49992463912 4.68069472863837e-07 -0.025679132836899
890.64151729271 4.91924383333809e-07 -0.0279187965664395
893.7831099463 7.37667696123645e-08 -0.0227990670654205
896.92470259989 -8.10859213046445e-08 -0.0287743325351355
900.06629525348 -1.79815477489902e-07 -0.0290134851530865
903.20788790707 6.86951206650599e-07 -0.026319204664958
906.34948056066 1.45982930779022e-06 -0.026291913089437
909.49107321425 1.98576521636873e-06 -0.0260872215820885
912.63266586783 1.58079166478822e-06 -0.0303947837110175
915.77425852142 4.81215482861938e-07 -0.027419235566185
918.91585117501 2.13984831404827e-07 -0.02513670301272
922.0574438286 2.79571570126576e-07 -0.028067549713114
925.19903648219 1.50231637578544e-06 -0.029678226022213
928.34062913578 2.19484457002249e-06 -0.029655051961754
931.48222178937 2.28854516766151e-06 -0.0258561801746855
934.62381444296 1.42976114053341e-06 -0.0265365492779775
937.76540709655 1.76162677450793e-07 -0.0299010889305575
940.90699975014 1.9456284202552e-08 -0.0235159142151245
944.04859240373 1.6841566991936e-07 -0.023587719556076
947.19018505732 9.34230157946003e-07 -0.0240630214295835
950.33177771091 1.14816825045313e-06 -0.0246989628382725
953.4733703645 9.45453848050785e-07 -0.0245461976243175
956.61496301809 3.04301438483584e-07 -0.02618399395476
959.75655567168 -2.20559090850829e-07 -0.0261481570959745
962.89814832527 -1.09486661586855e-07 -0.026479783885577
966.03974097886 -5.3559398856635e-09 -0.0224429917877275
969.18133363245 2.573784629243e-09 -0.0237724372012165
972.32292628604 -6.13013390824355e-08 -0.025376373129234
975.46451893963 4.36034549483665e-08 -0.026057775766617
978.60611159322 2.89191442990086e-07 -0.025404158653373
981.74770424681 7.83022523590296e-07 -0.024850835862537
984.8892969004 8.85786544929457e-07 -0.0261181368124995
988.03088955399 7.35078342057654e-07 -0.026885295700197
991.17248220758 -2.0649428552956e-08 -0.023350076025281
994.31407486117 -4.6967390180116e-08 -0.024708309989137
997.45566751476 5.75994906396413e-07 -0.0250564716147325
1000.5972601683 1.41339351085758e-06 -0.0260393419010825
1003.7388528219 2.32211583313332e-06 -0.0268010517664265
1006.8804454755 1.9277448587567e-06 -0.0241534653052325
1010.0220381291 1.28487076885111e-06 -0.023186420845093
1013.1636307827 1.82050097626145e-07 -0.0257586874816975
1016.3052234363 1.81034274920693e-07 -0.026030258565072
1019.4468160899 9.59296189326716e-07 -0.0271246973876485
1022.5884087435 1.6556456923836e-06 -0.023100685278678
1025.7300013971 2.13749396366028e-06 -0.0232594595604495
1028.8715940507 1.39335937507708e-06 -0.0252679314131685
1032.0131867042 6.34387493709551e-07 -0.022447371426551
1035.1547793578 -1.90385383704983e-07 -0.023520199946347
1038.2963720114 -1.19841149323801e-07 -0.0219935377509725
1041.437964665 3.58773777941579e-07 -0.0249389621324095
1044.5795573186 5.44294969139658e-07 -0.02515876312782
1047.7211499722 5.31482197800263e-07 -0.0257393650614405
1050.8627426258 2.6116359399828e-07 -0.0239001317731895
1054.0043352794 1.10965268490132e-07 -0.0225908202899065
1057.145927933 4.18015061767695e-08 -0.021860625629529
1060.2875205866 1.37353646297595e-07 -0.0239455633001175
1063.4291132401 1.8921929261292e-08 -0.0292103793161685
1066.5707058937 -1.62405399207305e-07 -0.025415419550086
1069.7122985473 -2.52358502896262e-07 -0.0229739575910345
1072.8538912009 4.78543738402099e-07 -0.021848454643305
1075.9954838545 1.08443220513222e-06 -0.0212744300406485
1079.1370765081 1.51601188014701e-06 -0.025377579555311
1082.2786691617 1.2451182213297e-06 -0.022254892269416
1085.4202618153 4.70409521888336e-07 -0.0247005350511245
1088.5618544689 1.05785115616776e-07 -0.0246977103145125
1091.7034471225 1.2524611002439e-07 -0.023387196662725
1094.845039776 1.48387321397896e-06 -0.024230727623376
1097.9866324296 2.15879903170604e-06 -0.0210351223583985
1101.1282250832 2.35950214381659e-06 -0.019287117622753
1104.2698177368 1.61702433462399e-06 -0.023387175595985
1107.4114103904 4.40346976035596e-07 -0.0244077229971255
1110.553003044 1.35087228110516e-07 -0.021051851364291
1113.6945956976 2.21454679703417e-07 -0.0203011197156685
1116.8361883512 1.29512564372905e-06 -0.024251242205537
1119.9777810048 1.54411657237063e-06 -0.0227227269699595
1123.1193736584 1.29445331812516e-06 -0.022913111956427
1126.2609663119 6.16230054483279e-07 -0.024043597975492
1129.4025589655 -8.19694741799715e-08 -0.024509539144333
1132.5441516191 -1.49544624891712e-07 -0.024081710514906
1135.6857442727 -6.7420902784473e-08 -0.0189421850474215
1138.8273369263 2.36571327024864e-07 -0.0203867012131695
1141.9689295799 1.38618423983026e-07 -0.0196622469616155
1145.1105222335 -9.6349481366285e-09 -0.0227096663236355
1148.2521148871 1.25019620012135e-07 -0.02161332293872
1151.3937075407 4.95336152831217e-07 -0.019984479434356
1154.5353001942 5.42729451815278e-07 -0.0207961631776925
1157.6768928478 4.37860616050163e-07 -0.021965137031998
1160.8184855014 -8.7639146820442e-08 -0.0213187626541185
1163.960078155 -2.03510642329671e-07 -0.021390773798771
1167.1016708086 1.63295151341111e-07 -0.023867954914067
1170.2432634622 1.12109539480219e-06 -0.0198137596681815
1173.3848561158 2.11194012569166e-06 -0.0235488737814645
1176.5264487694 1.82231955987713e-06 -0.0193021001757645
1179.668041423 1.23333415867212e-06 -0.018653732287703
1182.8096340766 1.53252187164072e-07 -0.018267314291279
1185.9512267301 1.51768180051643e-07 -0.0213388857109745
1189.0928193837 7.78346162308406e-07 -0.016657808057175
1192.2344120373 1.84519960940748e-06 -0.0230166441485835
1195.3760046909 2.55362303801948e-06 -0.020935143526458
1198.5175973445 1.71631554556028e-06 -0.0181592819864135
1201.6591899981 8.99421860338977e-07 -0.0217204110965665
1204.8007826517 -1.04407843454835e-07 -0.0217539403319055
1207.9423753053 -2.30376526070155e-08 -0.0221213405884555
1211.0839679589 4.86325161228368e-07 -0.022364578287238
1214.2255606125 9.95783188229356e-07 -0.0216914140984275
1217.367153266 1.11512250262041e-06 -0.0221315477244845
1220.5087459196 4.22890006529049e-07 -0.019291767325285
1223.6503385732 4.64761347425525e-08 -0.0201889998791105
1226.7919312268 -1.43148970324938e-07 -0.020193797690922
1229.9335238804 -8.939779498177e-09 -0.017763531928722
1233.075116534 1.45769752619495e-08 -0.017478467995716
1236.2167091876 -1.6331490878669e-08 -0.0183574993319555
1239.3583018412 -1.56519285958464e-07 -0.0175656284028495
1242.4998944948 8.24240290655535e-08 -0.0192614029531345
1245.6414871484 5.42676404029463e-07 -0.017854991031072
1248.7830798019 1.15405432710358e-06 -0.020138556444522
1251.9246724555 1.04133430905537e-06 -0.0196520226306805
1255.0662651091 3.78806555148606e-07 -0.0182386994615625
1258.2078577627 8.235141532705e-09 -0.019743428200286
1261.3494504163 -5.4483905632441e-08 -0.0223633021565775
1264.4910430699 1.02540723176319e-06 -0.0200906257448425
1267.6326357235 1.87001279846387e-06 -0.0191945818031625
1270.7742283771 2.48950045934357e-06 -0.014933161671024
1273.9158210307 1.83206155114304e-06 -0.01809160002631
1277.0574136843 6.24799599505623e-07 -0.0200436961669085
1280.1990063378 1.28138646437169e-07 -0.0190022572318185
1283.3405989914 2.19264678615842e-07 -0.016324894859167
1286.482191645 1.32293702194391e-06 -0.0188447315310895
1289.6237842986 1.84545841042679e-06 -0.0209442355461535
1292.7653769522 1.97574141014819e-06 -0.017389696069586
1295.9069696058 1.05020088454717e-06 -0.021300197737219
1299.0485622594 2.8633963036432e-08 -0.01916421142289
1302.190154913 -1.94042639239016e-07 -0.01804988494348
1305.3317475666 -6.80327122134935e-08 -0.0175717652698495
1308.4733402201 4.40722275441929e-07 -0.020172807187805
1311.6149328737 5.14603547080937e-07 -0.017415166279761
1314.7565255273 4.16735481492825e-07 -0.0218094652175295
1317.8981181809 1.03391175629299e-07 -0.014667878465616
1321.0397108345 3.18208091686755e-08 -0.013941875306841
1324.1813034881 1.69811052981245e-07 -0.018357081613203
1327.3228961417 2.54322779269045e-07 -0.016988451175962
1330.4644887953 -1.09306355793476e-07 -0.01634474451555
1333.6060814489 -1.79643674568598e-07 -0.0183577903359265
1336.7476741025 4.0257799002182e-08 -0.0198708240425275
1339.889266756 6.54867809332408e-07 -0.020247069965876
1343.0308594096 1.46821431431173e-06 -0.016782753252073
1346.1724520632 1.52965425104342e-06 -0.017747270669247
1349.3140447168 1.25628149428508e-06 -0.017233930048405
1352.4556373704 1.64856602004418e-07 -0.019008685681797
1355.597230024 9.3798037265319e-08 -0.0194459112848335
1358.7388226776 6.51441299742523e-07 -0.0184511071129235
1361.8804153312 1.63501712196432e-06 -0.0208827905804585
1365.0220079848 2.47759493292964e-06 -0.014226164795218
1368.1636006384 2.0359211188106e-06 -0.0186429959710495
1371.3051932919 1.3414939219801e-06 -0.0183735710298835
1374.4467859455 1.0337689556054e-07 -0.0168959376235305
1377.5883785991 3.55163254932745e-08 -0.018177080926989
1380.7299712527 5.95846806587984e-07 -0.020080530588757
1383.8715639063 1.23014911575044e-06 -0.0183780986126295
1387.0131565599 1.49791699941195e-06 -0.022713334499599
1390.1547492135 9.30304137368475e-07 -0.017026642904284
1393.2963418671 3.94037093251788e-07 -0.0178780205123985
1396.4379345207 -2.43576412746724e-07 -0.016291920184244
1399.5795271743 -1.74108346735316e-07 -0.019368254630194
1402.7211198278 5.10191299075185e-08 -0.021714809254945
1405.8627124814 9.75768398511685e-08 -0.0197270147101565
1409.004305135 1.69871712120181e-08 -0.0188035046912775
1412.1458977886 1.03928548989733e-07 -0.018926064506559
1415.2874904422 3.06999561112452e-07 -0.020013000191966
1418.4290830958 6.10489488913289e-07 -0.017060958558432
1421.5706757494 5.8527670303089e-07 -0.0215382822025275
1424.712268403 2.98848610161324e-07 -0.0164819649652375
1427.8538610566 -9.95777550262985e-08 -0.0177913332779555
1430.9954537102 -2.14584889320449e-07 -0.0198761169264115
1434.1370463637 8.02365734627344e-07 -0.0180828016659685
1437.2786390173 1.51239706097149e-06 -0.0154586918031325
1440.4202316709 2.15108947576029e-06 -0.0167523275113125
1443.5618243245 1.67040490470551e-06 -0.02021625278644
1446.7034169781 8.04671421735112e-07 -0.0175076425172165
1449.8450096317 2.11262035609127e-07 -0.015156941587293
1452.9866022853 1.59652773659676e-07 -0.0198936948644355
1456.1281949389 1.43963638394994e-06 -0.0212407326386025
1459.2697875925 1.98803495927553e-06 -0.0162488417036
1462.411380246 2.2083354130779e-06 -0.015858643509546
1465.5529728996 1.36017699549522e-06 -0.0165630792438375
1468.6945655532 3.88997636641811e-07 -0.015974633091673
1471.8361582068 -1.7367106348344e-08 -0.014846155631176
1474.9777508604 -1.85025373477445e-08 -0.015491683734581
1478.119343514 7.5356282436245e-07 -0.015810242924658
1481.2609361676 8.72878150048156e-07 -0.0163059855269695
1484.4025288212 6.9567037710206e-07 -0.0162619461674465
1487.5441214748 2.22031733516682e-07 -0.016563721313787
1490.6857141284 8.3268591378929e-09 -0.021374811761575
1493.8273067819 -1.2932274699371e-08 -0.0178396549132455
1496.9688994355 1.6094740172482e-08 -0.0190774758127645
1500.1104920891 -1.9784125665856e-08 -0.0173254105429805
1503.2520847427 -1.52086086244855e-07 -0.0175178903682535
1506.3936773963 -1.58654569380745e-07 -0.017117772625852
1509.5352700499 3.45812102103841e-07 -0.016047306731934
1512.6768627035 1.05513532008217e-06 -0.014122822420404
1515.8184553571 1.17414824618354e-06 -0.0186822518753615
1518.9600480107 9.40498529095868e-07 -0.0142336007448875
1522.1016406643 1.13243230827596e-07 -0.0156828725446305
1525.2432333178 1.67417745323798e-08 -0.0180868583038315
1528.3848259714 3.15030607710363e-07 -0.016222538574198
1531.526418625 1.48741178562097e-06 -0.0167657395820695
1534.6680112786 2.43526559153287e-06 -0.012503491821008
1537.8096039322 2.09067635942482e-06 -0.0127173572825545
1540.9511965858 1.41607701164131e-06 -0.017653913282743
1544.0927892394 2.21511129752836e-07 -0.014620328591491
1547.234381893 1.8933301565749e-07 -0.0128800255234865
1550.3759745466 5.92594142296707e-07 -0.0143247393737055
1553.5175672002 1.56255027183658e-06 -0.020160488813076
1556.6591598537 2.0305387968496e-06 -0.0120749894654184
1559.8007525073 1.29153321624674e-06 -0.017655006499467
1562.9423451609 5.71185251381763e-07 -0.015662680621176
1566.0839378145 -1.95995448308536e-07 -0.0127979505649595
1569.2255304681 -1.06709550084803e-07 -0.0125359850233055
1572.3671231217 1.33365837842485e-07 -0.016756831685939
1575.5087157753 4.39003956724556e-07 -0.013191384356219
1578.6503084289 4.26098321762073e-07 -0.0148023095930511
1581.7919010825 1.08212671043016e-07 -0.0176791921885525
1584.9334937361 4.4901607275045e-09 -0.012577985914163
1588.0750863896 2.4115106059249e-07 -0.0124132842453265
1591.2166790432 3.38299163739625e-07 -0.0157875958417435
1594.3582716968 1.45526699143939e-07 -0.0181205118251455
1597.4998643504 -9.7798124734989e-08 -0.0162339811007545
1600.641457004 -2.39091255347255e-07 -0.0154261988359395
1603.7830496576 3.57998222244499e-07 -0.017658397437231
1606.9246423112 1.00585883674164e-06 -0.0146190371982585
1610.0662349648 1.83966965971989e-06 -0.0117980032591735
1613.2078276184 1.53414877202066e-06 -0.018606957537941
1616.3494202719 7.63180167284671e-07 -0.014916763424253
1619.4910129255 1.47216393838323e-07 -0.0125797224503685
1622.6326055791 1.22361079697192e-07 -0.0162124482935725
1625.7741982327 1.21896739005464e-06 -0.0163287433962295
1628.9157908863 1.95078530977163e-06 -0.014473949077569
1632.0573835399 2.57933667647121e-06 -0.0182286695485345
1635.1989761935 1.69967690117367e-06 -0.0195564972387955
1638.3405688471 5.84625975661571e-07 -0.0171904330111375
1641.4821615007 3.19698665361095e-08 -0.018361154101285
1644.6237541543 8.633306396002e-08 -0.0167028512395295
1647.7653468078 9.44684664945653e-07 -0.0144705854968375
1650.9069394614 1.25321277269687e-06 -0.0185359074944245
1654.048532115 1.35883871345712e-06 -0.01742190896573
1657.1901247686 5.68622051017123e-07 -0.015265767399114
1660.3317174222 -1.04666752776407e-07 -0.018309196078576
1663.4733100758 -2.00804345648137e-07 -0.015999147663706
1666.6149027294 -8.04558019570465e-08 -0.013871133239491
1669.756495383 7.99871326667285e-08 -0.0120157337250932
1672.8980880366 4.7957339537438e-08 -0.015009328387691
1676.0396806902 3.94157040984675e-08 -0.0136988794247375
1679.1812733437 1.64523083190681e-07 -0.0149963789465345
1682.3228659973 4.51678762377629e-07 -0.012450136479174
1685.4644586509 7.04554131416649e-07 -0.010969841475003
1688.6060513045 7.07145112868345e-07 -0.0125711866648995
1691.7476439581 1.61589423391833e-08 -0.0127811517786541
1694.8892366117 -7.4661507743831e-08 -0.0089226761505189
1698.0308292653 1.7236289008744e-07 -0.0122181103250795
1701.1724219189 1.13849529831515e-06 -0.0135530194155535
1704.3140145725 1.9891457402353e-06 -0.0141564724324325
1707.4556072261 2.02041456731982e-06 -0.01590025821713
1710.5971998796 1.5406880078542e-06 -0.01646884504828
1713.7387925332 2.97112422000331e-07 -0.015482754955656
1716.8803851868 1.98136734009739e-07 -0.0180761505442885
1720.0219778404 6.02268902299056e-07 -0.0171716634239375
1723.163570494 1.66007647685229e-06 -0.014748525869095
1726.3051631476 2.20376519331984e-06 -0.016498946759839
1729.4467558012 1.79338295005165e-06 -0.0166409131667255
1732.5883484548 1.05745194999656e-06 -0.0129202372954755
1735.7299411084 -9.3690277716204e-08 -0.0129368928828625
1738.871533762 -7.936617749281e-08 -0.0143263140339515
1742.0131264155 2.43194297782981e-07 -0.018490812810228
1745.1547190691 7.26268760227849e-07 -0.0165487185385015
1748.2963117227 7.64786050557668e-07 -0.0136421837410125
1751.4379043763 4.58890316437152e-07 -0.01204093138324
1754.5794970299 1.86769511248746e-07 -0.01364354333964
1757.7210896835 -9.04726910753915e-08 -0.0132104669953605
1760.8626823371 1.08461563434181e-08 -0.013359569773229
1764.0042749907 4.78342870601515e-08 -0.0129192380881025
1767.1458676443 -1.20496577280227e-07 -0.012248991414253
1770.2874602978 -2.70962023361318e-07 -0.0144336645756765
1773.4290529514 1.95655146241573e-07 -0.0170506667541305
1776.570645605 7.15839118945281e-07 -0.0151070861320475
1779.7122382586 1.32034734389916e-06 -0.015422436650965
1782.8538309122 1.13590570397776e-06 -0.013776192573573
1785.9954235658 6.78133919601084e-07 -0.018242156538122
1789.1370162194 3.82184352461065e-08 -0.013277345211122
1792.278608873 -6.3802052028592e-08 -0.0162978248480385
1795.4202015266 1.07281747797665e-06 -0.0122583396442907
1798.5617941802 1.86605413900941e-06 -0.015030685848501
1801.7033868337 2.52057465594701e-06 -0.012483790749343
1804.8449794873 1.81390606775373e-06 -0.013517201091986
1807.9865721409 8.65282885627857e-07 -0.0127439226097295
1811.1281647945 1.27634893567383e-07 -0.0121855003898192
1814.2697574481 1.20822722209195e-07 -0.013979741628532
1817.4113501017 1.15824278052058e-06 -0.013996080560787
1820.5529427553 1.62861312408821e-06 -0.0109072553664195
1823.6945354089 1.74261181015146e-06 -0.01232354723868
1826.8361280625 9.04175473145815e-07 -0.0151198231264975
1829.9777207161 1.94639352913565e-07 -0.0107658122180963
1833.1193133696 -1.95897767801953e-07 -0.0131379610165822
1836.2609060232 -1.29093624250463e-07 -0.0183241947880785
1839.4024986768 3.02737968468418e-07 -0.0123844017791725
1842.5440913304 3.17055569870774e-07 -0.0114870263971624
1845.685683984 1.47494799408879e-07 -0.0115173558996275
1848.8272766376 6.11560876707425e-08 -0.0118308981552675
1851.9688692912 2.5774547085175e-07 -0.011887026863974
1855.1104619448 3.86986726907362e-07 -0.0126332005688709
1858.2520545984 3.79566986749463e-07 -0.0126540884604085
1861.393647252 -2.59393372555985e-08 -0.0152624285630055
1864.5352399055 -1.65322645736194e-07 -0.012955202223452
1867.6768325591 -1.83391258720464e-07 -0.0120798877733251
1870.8184252127 7.62426558165188e-07 -0.01061285406638
1873.9600178663 1.67978313689235e-06 -0.015288941153585
1877.1016105199 1.84141486435744e-06 -0.0150379529430895
1880.2432031735 1.41810759762348e-06 -0.01280192109175
1883.3847958271 2.83579320543811e-07 -0.0149755030065535
1886.5263884807 1.6237774379076e-07 -0.013178216228539
1889.6679811343 3.50526990220105e-07 -0.0118365571790945
1892.8095737879 1.65695758472384e-06 -0.0116676003964355
1895.9511664414 2.47576458267481e-06 -0.013482927032442
1899.092759095 2.11839776797339e-06 -0.0108275950811957
1902.2343517486 1.32951883160755e-06 -0.0152237455703245
1905.3759444022 7.8410177742326e-08 -0.0143044547601225
1908.5175370558 2.05674938788815e-08 -0.0151133251772535
1911.6591297094 2.95226832369e-07 -0.017653105756267
1914.800722363 1.09985368223104e-06 -0.013251437110171
1917.9423150166 1.35385786460013e-06 -0.0155654139418855
1921.0839076702 8.0908681017132e-07 -0.015249453984893
1924.2255003237 2.48403668849529e-07 -0.014096316038149
1927.3670929773 -2.04185550664624e-07 -0.011635217691264
1930.5086856309 -9.5673442289933e-08 -0.013657008658697
1933.6502782845 1.54866002457999e-10 -0.00965869602202915
1936.7918709381 7.12412208436535e-08 -0.018821753984071
1939.9334635917 -2.8684100195473e-08 -0.018178650797381
1943.0750562453 -3.67846425064815e-08 -0.0112538852126815
1946.2166488989 2.37480976295874e-07 -0.0136557348998847
1949.3582415525 8.53596893043352e-07 -0.014360520998366
1952.4998342061 8.73523115805185e-07 -0.0097440332006044
1955.6414268596 5.59978086985854e-07 -0.0149798994209505
1958.7830195132 -3.7714952618882e-08 -0.010435291012982
1961.9246121668 -1.32911516054476e-07 -0.017596216363472
1965.0662048204 5.95995021782522e-07 -0.0146204897046115
1968.207797474 1.42866886155499e-06 -0.012816176101978
1971.3493901276 2.4306513782287e-06 -0.0138027534550245
1974.4909827812 1.92381392027369e-06 -0.012787887684226
1977.6325754348 1.07482565933131e-06 -0.0135859021548865
1980.7741680884 1.42506985461644e-07 -0.0146170313876155
1983.915760742 1.39970121160203e-07 -0.015476337194627
1987.0573533955 1.08322471000521e-06 -0.0123837649945245
1990.1989460491 1.74401862080578e-06 -0.014173556491301
1993.3405387027 2.31992567280985e-06 -0.013856245632155
1996.4821313563 1.39826068758672e-06 -0.0114138038308054
1999.6237240099 4.57369468691084e-07 -0.012050736390961
2002.7653166635 -1.75470406173414e-07 -0.0110453505593569
2005.9069093171 -1.21302833068548e-07 -0.0111776163505513
2009.0485019707 4.57948104280914e-07 -0.0174982271773845
2012.1900946243 6.50582842469073e-07 -0.0154406551574765
2015.3316872779 6.96981900652595e-07 -0.012904309995065
2018.4732799314 2.31586254449369e-07 -0.011817937442402
2021.614872585 -2.0916546038037e-08 -0.0126176131844885
2024.7564652386 3.4233480225655e-09 -0.0130328646471295
2027.8980578922 1.34383546869536e-07 -0.012898548589305
2031.0396505458 -3.1364336118279e-08 -0.013724433879588
2034.1812431994 -1.29576646957773e-07 -0.0115242135658491
2037.322835853 -1.22389429807773e-07 -0.0168851836144765
2040.4644285066 4.00049735997617e-07 -0.012639526092585
2043.6060211602 1.01241177352061e-06 -0.0128515143328515
2046.7476138138 1.39828072603648e-06 -0.0126522219944715
2049.8892064673 1.25140669401986e-06 -0.0148518229177625
2053.0307991209 3.27173869530077e-07 -0.0126829334692505
2056.1723917745 1.04364798215167e-07 -0.010581989636421
2059.3139844281 2.63391148656929e-07 -0.014185469300401
2062.4555770817 1.42728362999777e-06 -0.0130853125945125
2065.5971697353 2.19327194530527e-06 -0.01160773513061
2068.7387623889 2.27418881760567e-06 -0.013833241413977
2071.8803550425 1.65855034918009e-06 -0.00911321006492495
2075.0219476961 3.62218248944819e-07 -0.0091481437848416
2078.1635403496 1.36262472506615e-07 -0.0123017201708535
2081.3051330032 3.57362193705778e-07 -0.013437487928286
2084.4467256568 1.3179576694581e-06 -0.011201251161083
2087.5883183104 1.61832722053424e-06 -0.014213221805221
2090.729910964 1.3221143719635e-06 -0.015753123926288
2093.8715036176 7.03938827600347e-07 -0.0133860229611855
2097.0130962712 -1.50373578041323e-07 -0.0109289902197815
2100.1546889248 -1.72790850597623e-07 -0.0114963203686782
2103.2962815784 -1.9110181806454e-08 -0.00997891792462735
2106.437874232 2.33480944372214e-07 -0.012197770608509
2109.5794668855 1.72416686475913e-07 -0.012247576259369
2112.7210595391 1.19509514138782e-07 -0.0111356248617085
2115.8626521927 1.72225564465525e-07 -0.0118405615066875
2119.0042448463 3.86335569795291e-07 -0.0098032829821477
2122.1458374999 4.07576859331596e-07 -0.011126707635185
2125.2874301535 3.41105255083199e-07 -0.0140784971508765
2128.4290228071 -1.08182769594092e-07 -0.013065961890561
2131.5706154607 -2.5512042892343e-07 -0.012258995408729
2134.7122081143 4.04900846305258e-07 -0.0102009903823727
2137.8538007679 1.130792281774e-06 -0.0141155814551435
2140.9953934214 1.97367736178973e-06 -0.0133496547236975
2144.136986075 1.63853784627118e-06 -0.00878742942404635
2147.2785787286 1.09243633833251e-06 -0.0102707488313172
2150.4201713822 1.97147018968205e-07 -0.010604690605078
2153.5617640358 1.19193008470981e-07 -0.0119106823469791
2156.7033566894 1.09044359327893e-06 -0.0135116221306365
2159.844949343 1.87054810413146e-06 -0.00920891119153565
2162.9865419966 2.45272573499206e-06 -0.0112612667319354
2166.1281346502 1.62047785270061e-06 -0.010908181355035
2169.2697273038 8.19006812857341e-07 -0.010832751074759
2172.4113199573 1.42775341162828e-08 -0.0113680267004385
2175.5529126109 1.3086331631e-09 -0.00992524269372565
2178.6945052645 6.99629226935809e-07 -0.011701164490887
2181.8360979181 1.03667313952755e-06 -0.0071822274724127
2184.9776905717 1.06521884663529e-06 -0.012013438452868
2188.1192832253 4.06462444973799e-07 -0.00879141704126605
2191.2608758789 8.37469251541345e-08 -0.0100431292150917
2194.4024685325 -1.05506561161894e-07 -0.00845498880630655
2197.5440611861 -5.5964911095906e-08 -0.013680791895467
2200.6856538397 3.3159242921168e-08 -0.00724813371516575
2203.8272464932 -4.10639358755705e-08 -0.016657875808505
2206.9688391468 -1.80416896266979e-07 -0.0146218939628395
2210.1104318004 1.44482460986068e-07 -0.00885480090050805
2213.252024454 6.48996235620838e-07 -0.012415157719715
2216.3936171076 1.0306676963934e-06 -0.015502512811963
2219.5352097612 8.79739158048645e-07 -0.0124176838398855
2222.6768024148 2.01230039338697e-07 -0.013589036380836
2225.8183950684 6.1076987383485e-09 -0.0134809688904627
2228.959987722 -2.99768345388915e-08 -0.0105428911263059
2232.1015803755 1.17645373700067e-06 -0.010378038023873
2235.2431730291 2.06486849078378e-06 -0.0104505126239474
2238.3847656827 2.27209890275356e-06 -0.0115597698404595
2241.5263583363 1.63766741059664e-06 -0.0104107635445414
2244.6679509899 4.39640596995026e-07 -0.0100716707324862
2247.8095436435 2.17111950324389e-07 -0.00766344595285775
2250.9511362971 3.33172201471588e-07 -0.0077975112603782
2254.0927289507 1.53374796970546e-06 -0.0116770284937505
2257.2343216043 2.07108550850672e-06 -0.0125263887566685
2260.3759142579 1.78741648951222e-06 -0.0119842078013335
2263.5175069114 9.20459676676283e-07 -0.0114422655401545
2266.659099565 -5.4321711059901e-08 -0.013948865698467
2269.8006922186 -9.26795433582975e-08 -0.011265879702023
2272.9422848722 4.49725465563895e-08 -0.012654059268243
2276.0838775258 5.77993687967309e-07 -0.0121522119832205
2279.2254701794 6.31695826909642e-07 -0.012960175474518
2282.367062833 3.3997797159875e-07 -0.00931088324091435
2285.5086554866 1.71466265408718e-08 -0.0120146621754885
2288.6502481402 2.75044534141765e-08 -0.013467451411998
2291.7918407938 1.87036129062843e-07 -0.013974911263858
2294.9334334473 1.64775783916519e-07 -0.0145166171932945
2298.0750261009 -9.38775764233715e-08 -0.0114391879546928
2301.2166187545 -2.0490374878423e-07 -0.0095159509405678
2304.3582114081 6.66712564906895e-08 -0.0120345433242618
2307.4998040617 6.43380051861815e-07 -0.0121397739046645
2310.6413967153 1.52750975208512e-06 -0.0085763103249974
2313.7829893689 1.44377323428202e-06 -0.00974862538282635
2316.9245820225 1.00932306411065e-06 -0.00963762850119565
2320.0661746761 9.0137122574416e-08 -0.014056550188798
2323.2077673297 5.6329097493483e-08 -0.012792953225471
2326.3493599832 8.148412080273e-07 -0.00946295502217275
2329.4909526368 1.70193092763115e-06 -0.00797991670742705
2332.6325452904 2.64169639960746e-06 -0.0097965332195143
2335.774137944 1.96015473381472e-06 -0.0108196109167692
2338.9157305976 1.05891086129176e-06 -0.011513760925709
2342.0573232512 5.2370760603908e-08 -0.0106674476171521
2345.1989159048 7.14340571532175e-08 -0.00619040153605965
2348.3405085584 8.02069056253828e-07 -0.0136216355679155
2351.482101212 1.34661837291867e-06 -0.0096931293169292
2354.6236938655 1.70107088722393e-06 -0.00788681292965525
2357.7652865191 9.12748138230338e-07 -0.012036212605608
2360.9068791727 1.80994909547657e-07 -0.013045112914824
2364.0484718263 -2.8011560453076e-07 -0.012426382441845
2367.1900644799 -1.47619568354156e-07 -0.0115556171342634
2370.3316571335 1.1806002687688e-07 -0.01067795083668
2373.4732497871 1.70042706204955e-07 -0.0129392364108295
2376.6148424407 1.42914629507702e-07 -0.0110050177440824
2379.7564350943 1.22501391336242e-07 -0.00915790170029155
2382.8980277479 2.10310870141092e-07 -0.012351592742789
2386.0396204014 4.97220920603034e-07 -0.0103131498010499
2389.181213055 5.70435398858557e-07 -0.00912104567146345
2392.3228057086 1.29936474629974e-07 -0.00902052472906675
2395.4643983622 -1.04267751439422e-07 -0.0121288903749245
2398.6059910158 -1.23976653894931e-07 -0.0067634492122579
2401.7475836694 8.35295740186633e-07 -0.00880358119070465
2404.889176323 1.55016805557701e-06 -0.0158155454498685
2408.0307689766 2.0432849420214e-06 -0.0111962064718227
2411.1723616302 1.64260154341104e-06 -0.0096337587117432
2414.3139542838 5.54829091743854e-07 -0.0100794223724276
2417.4555469373 1.94863942716523e-07 -0.0107818798633165
2420.5971395909 2.61689471517611e-07 -0.011637403958275
2423.7387322445 1.55102105531248e-06 -0.012110803269252
2426.8803248981 2.10531172094808e-06 -0.0070959208019303
2430.0219175517 2.19011188668066e-06 -0.0070959246597795
2433.1635102053 1.42857588914785e-06 -0.0127129889867775
2436.3051028589 1.87471145824875e-07 -0.0120463306584498
2439.4466955125 -3.80948156497025e-08 -0.00955897117569285
2442.5882881661 8.59858315793795e-08 -0.0102079487530775
2445.7298808197 8.53204042035453e-07 -0.0057047818665978
2448.8714734732 9.56289402633754e-07 -0.00888429875271845
2452.0130661268 7.65722747444326e-07 -0.0125430971302192
2455.1546587804 3.44157754934888e-07 -0.010961945341478
2458.296251434 -1.16984263227317e-07 -0.0106676035006785
2461.4378440876 -9.7655742773845e-08 -0.00827794513452315
2464.5794367412 -9.47249101361999e-10 -0.0105475381080849
2467.7210293948 -4.00911892751535e-08 -0.00763089372890135
2470.8626220484 -1.87226198100936e-07 -0.00884168643369775
2474.004214702 -2.2691829547021e-08 -0.00861540462528865
2477.1458073556 4.36399029588723e-07 -0.0095048953355672
2480.2874000091 1.01380100799827e-06 -0.0104844135937582
2483.4289926627 9.99901849505264e-07 -0.0098957895627338
2486.5705853163 8.05706900237499e-07 -0.010928036686892
2489.7121779699 2.2018813429397e-08 -0.0109457733972248
2492.8537706235 -1.00100864008978e-07 -0.0097167626056487
2495.9953632771 5.54076488442979e-07 -0.0097018249214216
2499.1369559307 1.56048387372378e-06 -0.0113132501603557
2502.2785485843 2.44401709331739e-06 -0.00940047292965575
2505.4201412379 1.96905963488549e-06 -0.0089655586425579
2508.5617338914 1.29492489637274e-06 -0.0125756033044128
2511.703326545 1.66201077744388e-07 -0.00574474028917395
2514.8449191986 1.3972204661284e-07 -0.0098392355773738
2517.9865118522 8.43057950354791e-07 -0.0122083493004085
2521.1281045058 1.65612026153548e-06 -0.0102214777518838
2524.2696971594 2.06584610684965e-06 -0.0087479376281863
2527.411289813 1.24425393060276e-06 -0.0058816497312364
2530.5528824666 5.84914632751054e-07 -0.0123475824652815
2533.6944751202 -1.89120053271125e-07 -0.00739669995118675
2536.8360677738 -1.39241755721738e-07 -0.0083967351774845
2539.9776604273 2.66127546494702e-07 -0.0126593132297332
2543.1192530809 4.87759073582715e-07 -0.0107399034823176
2546.2608457345 4.01137611051827e-07 -0.00814754401176275
2549.4024383881 1.01442426543682e-07 -0.0079325993897328
2552.5440310417 1.23652287037061e-07 -0.0094527711714818
2555.6856236953 2.18897038905619e-07 -0.00861755917139815
2558.8272163489 2.5577961630794e-07 -0.00906380807964505
2561.9688090025 5.19641682582875e-08 -0.008662197530157
2565.1104016561 -1.25096935712365e-07 -0.0125787921288065
2568.2519943097 -3.23177442331576e-07 -0.00945989776187155
2571.3935869632 4.01439962824305e-07 -0.00872801318746495
2574.5351796168 1.18208668554641e-06 -0.009175371471656
2577.6767722704 1.76286155993644e-06 -0.0105589085735575
2580.818364924 1.42843135563613e-06 -0.0084530013591575
2583.9599575776 5.3295212143579e-07 -0.011482939392181
2587.1015502312 1.4539055122588e-07 -0.0141607489131275
2590.2431428848 7.1839237697043e-08 -0.0111407554791185
2593.3847355384 1.35257883851447e-06 -0.011212174294997
2596.526328192 2.19468782306197e-06 -0.00885190670578595
2599.6679208456 2.46536664522837e-06 -0.00940914478610485
2602.8095134991 1.63984933106372e-06 -0.0074266415549573
2605.9511061527 4.38699162154552e-07 -0.00728433108520225
2609.0926988063 6.62508832798235e-08 -0.0087987393762887
2612.2342914599 1.40306010969079e-07 -0.008879892985533
2615.3758841135 1.11106147295381e-06 -0.00829096839993325
2618.5174767671 1.4584482027009e-06 -0.0130822447790705
2621.6590694207 1.27917889675998e-06 -0.011123248278864
2624.8006620743 5.11510424154094e-07 -0.010836448766213
2627.9422547279 -1.28493642718545e-07 -0.0089115738026067
2631.0838473815 -1.55317548251776e-07 -0.0141078123392615
2634.225440035 -6.6193495136041e-08 -0.00968742451050285
2637.3670326886 1.5451388795704e-07 -0.011114594462924
2640.5086253422 1.23283752006045e-07 -0.0103515609284841
2643.6502179958 -1.2620963690255e-08 -0.00242734532707799
2646.7918106494 6.4619085748047e-08 -0.00991681180539685
2649.933403303 5.04981446828007e-07 -0.00728296059924115
2653.0749959566 6.83163548207618e-07 -0.0106325392973757
2656.2165886102 6.15709533686095e-07 -0.00612252142559555
2659.3581812638 -3.43891957940595e-08 -0.00940334478286785
2662.4997739173 -1.16302991616735e-07 -0.00744725407730585
2665.6413665709 2.04382837351247e-07 -0.0120631277425215
2668.7829592245 1.04698742642962e-06 -0.010302099283763
2671.9245518781 2.11933028622984e-06 -0.014025414275693
2675.0661445317 1.9605935519642e-06 -0.0051164935989618
2678.2077371853 1.41742641586772e-06 -0.0068537597755949
2681.3493298389 2.14788145056219e-07 -0.00733830810986545
2684.4909224925 1.66927414290955e-07 -0.011668621619492
2687.6325151461 7.47943342290703e-07 -0.00631129675548435
2690.7741077997 1.64296316132045e-06 -0.0104517181318898
2693.9157004532 2.42464822959294e-06 -0.00548504484618205
2697.0572931068 1.76078779143649e-06 -0.0083766876257414
2700.1988857604 9.33265240625906e-07 -0.0091437392172793
2703.340478414 -1.00110004274862e-07 -0.00933351779758595
2706.4820710676 -8.56086628190925e-08 -0.0085473146100412
2709.6236637212 3.74828471264679e-07 -0.0064235667730372
2712.7652563748 7.89076758116035e-07 -0.0082322594269044
2715.9068490284 9.56991714422717e-07 -0.00866554538811215
2719.048441682 4.56870454453417e-07 -0.00861568118602905
2722.1900343356 7.3663876769767e-08 -0.00842383345161605
2725.3316269891 -1.40902142842103e-07 -0.0055937445131349
2728.4732196427 1.318942867312e-09 -0.011341748500172
2731.6148122963 2.12687431932805e-08 -0.00475025731725505
2734.7564049499 -8.15854655225595e-08 -0.00348269410392275
2737.8979976035 -1.47368254885041e-07 -0.013329855831671
2741.0395902571 2.04965595109031e-07 -0.010302869492762
2744.1811829107 6.11766768294892e-07 -0.0126506245039765
2747.3227755643 1.19080327885223e-06 -0.00863325641512345
2750.4643682179 1.10407854973735e-06 -0.00968461570141685
2753.6059608715 5.22477947479692e-07 -0.0085105999444295
2756.747553525 7.47851571989365e-08 -0.00681539916217845
2759.8891461786 1.06878708043901e-08 -0.0105115585386105
2763.0307388322 1.15072235392899e-06 -0.0056976351274898
2766.1723314858 1.82786411800237e-06 -0.00798785975212015
2769.3139241394 2.40762656655068e-06 -0.0064462974526123
2772.455516793 1.82414762662928e-06 -0.0063749421226476
2775.5971094466 7.30954754218576e-07 -0.00870996122080215
2778.7387021002 1.9061322435311e-07 -0.00660980108932565
2781.8802947538 1.92390429832465e-07 -0.0108629997894242
2785.0218874074 1.30142684234103e-06 -0.0100135161762862
2788.1634800609 1.65130911733081e-06 -0.0114111857324133
2791.3050727145 1.73241456841115e-06 -0.00701927121099285
2794.4466653681 9.96082218923448e-07 -0.011024991898694
2797.5882580217 9.94820592743135e-08 -0.00763664148962565
2800.7298506753 -1.67636982743496e-07 -0.0096656344130678
2803.8714433289 -9.75669948076685e-08 -0.0077502580854797
2807.0130359825 3.52303081484879e-07 -0.0061881247368092
2810.1546286361 3.36313969847695e-07 -0.011432601350407
2813.2962212897 2.53554673837361e-07 -0.012646868501179
2816.4378139432 1.41302112925723e-07 -0.0121155219596855
2819.5794065968 1.99983054663311e-07 -0.00850402717628635
2822.7209992504 2.49433273712879e-07 -0.00665858604202185
2825.862591904 2.84348965687301e-07 -0.0086483117224816
2829.0041845576 -8.06081604693625e-08 -0.0111366571652525
2832.1457772112 -2.20923780926402e-07 -0.00787906340679
2835.2873698648 4.33452158031585e-08 -0.00639564029984285
2838.4289625184 8.26488756051708e-07 -0.0110306417011545
2841.570555172 1.63656162952457e-06 -0.00963918472552905
2844.7121478256 1.59107070414422e-06 -0.00805808671248095
2847.8537404791 1.25989319033811e-06 -0.00770720896343845
2850.9953331327 2.17840283677486e-07 -0.012044914541093
2854.1369257863 1.4520316261113e-07 -0.00415964635612905
2857.2785184399 6.46728547242297e-07 -0.0071583075825856
2860.4201110935 1.74611883068926e-06 -0.00959008143377105
2863.5617037471 2.48709733960773e-06 -0.00909456946396835
2866.7032964007 1.90648278700338e-06 -0.0084004048380846
2869.8448890543 1.22872284933109e-06 -0.0083516251304445
2872.9864817079 9.9874560226615e-08 -0.0054700987911929
2876.1280743615 7.2824103903475e-08 -0.00505559221210205
2879.269667015 5.26787647053289e-07 -0.00926060987148935
2882.4112596686 1.19338560151454e-06 -0.00721911426785485
2885.5528523222 1.37983603308984e-06 -0.00744760845896065
2888.6944449758 7.06660575270725e-07 -0.0067154361613575
2891.8360376294 2.66387289934293e-07 -0.0100255965237465
2894.977630283 -1.61441866613808e-07 -0.0133034927062
2898.1192229366 -1.07671045065361e-07 -0.004700168127556
2901.2608155902 3.37074744718885e-08 -0.00575081743386365
2904.4024082438 7.64029075068295e-08 -0.0109073719265778
2907.5440008974 -7.16164433797435e-08 -0.0071924114317881
2910.6855935509 1.20962759229787e-08 -0.00681814722042875
2913.8271862045 3.31687946734218e-07 -0.0106900191067324
2916.9687788581 8.28681173051526e-07 -0.0084384118665639
2920.1103715117 7.44106184169305e-07 -0.00707709514244915
2923.2519641653 3.26223348530525e-07 -0.0043474378032897
2926.3935568189 -5.0166865778746e-08 -0.0055725177464865
2929.5351494725 -2.06569773580814e-07 -0.00525435083000045
2932.6767421261 7.79861946021478e-07 -0.00852903972077005
2935.8183347797 1.63186740774635e-06 -0.0055149482695924
2938.9599274333 2.34514804256397e-06 -0.00653335613151285
2942.1015200868 1.73902537037041e-06 -0.0085269321505166
2945.2431127404 7.74536313631604e-07 -0.0058438040732653
2948.384705394 1.8042659272812e-07 -0.0033164075055083
2951.5262980476 1.60294181907681e-07 -0.0121658590351218
2954.6678907012 1.35287891552985e-06 -0.0080473652233195
2957.8094833548 1.98818904416377e-06 -0.0088878037256563
2960.9510760084 2.26249905618945e-06 -0.0109034718343535
2964.092668662 1.25984498198664e-06 -0.00958150200449385
2967.2342613156 2.52401320664082e-07 -0.00831019720271795
2970.3758539691 -9.35463007828275e-08 -0.0100172545307943
2973.5174466227 -3.71282141718335e-08 -0.00844766791419715
2976.6590392763 6.45458419451196e-07 -0.00872818736684165
2979.8006319299 8.00582027992251e-07 -0.0116390313198735
2982.9422245835 6.84002856127107e-07 -0.0064661607264043
2986.0838172371 1.39013652163555e-07 -0.00868748619109285
2989.2254098907 -9.16923879183525e-08 -0.0087087037970832
2992.3670025443 4.38739031153315e-08 -0.0083659046686079
2995.5085951979 1.11805174459984e-07 -0.0083914933175038
2998.6501878515 -4.46393155483675e-08 -0.0080309802722239
3001.791780505 -1.35216065221676e-07 -0.00588388495884825
3004.9333731586 -1.16613988739355e-07 -0.0098939921492728
3008.0749658122 3.62465855994697e-07 -0.0073465418736305
3011.2165584658 1.09348078191888e-06 -0.0113239920995056
3014.3581511194 1.34080061406452e-06 -0.00748429754003155
3017.499743773 1.12414246852973e-06 -0.00890398427600325
3020.6413364266 1.34588031216362e-07 -0.006868386926044
3023.7829290802 3.54075628490625e-08 -0.0119017870169955
3026.9245217338 3.71776020174093e-07 -0.00984779609620975
3030.0661143874 1.44684190747672e-06 -0.010547024773814
3033.2077070409 2.43360670415559e-06 -0.0103409528585416
3036.3492996945 2.22848389408166e-06 -0.00679845373565515
3039.4908923481 1.48452739165932e-06 -0.0075766095230847
3042.6324850017 1.77379759215875e-07 -0.00663312840947585
3045.7740776553 1.12827284543377e-07 -0.00610015189545265
3048.9156703089 5.29994730691777e-07 -0.0100148907242784
3052.0572629625 1.41522533607591e-06 -0.00874428297606755
3055.1988556161 1.88392058831721e-06 -0.0083422211580456
3058.3404482697 1.34404786577116e-06 -0.0116979024992359
3061.4820409233 5.75939027381033e-07 -0.0084225502314437
3064.6236335768 -2.81407937423005e-07 -0.0091156299029078
3067.7652262304 -1.75903094951557e-07 -0.00751782052452655
3070.906818884 7.1698843894272e-08 -0.00491002763806135
3074.0484115376 3.06093762690089e-07 -0.00912163264160885
3077.1900041912 3.06602346614451e-07 -0.0078643055287555
3080.3315968448 1.78055747502755e-07 -0.00748468726214925
3083.4731894984 1.01305598609068e-07 -0.0040939469824934
3086.614782152 2.58127320096957e-07 -0.006121979802856
3089.7563748056 3.87492525749741e-07 -0.00667704995316855
3092.8979674592 2.35070448885538e-07 -0.00645852385332545
3096.0395601127 -1.18011689730213e-07 -0.00694458821476475
3099.1811527663 -2.56608010006181e-07 -0.0107055829146246
3102.3227454199 4.88855510478463e-07 -0.00691436295801395
3105.4643380735 1.11654750283101e-06 -0.0098049091404846
3108.6059307271 1.90307951144439e-06 -0.00732510825673675
3111.7475233807 1.62514113548468e-06 -0.00664179504565255
3114.8891160343 8.90300502527191e-07 -0.00810911542430405
3118.0307086879 1.71519428786273e-07 -0.0104784079699129
3121.1723013415 6.6394126156573e-08 -0.0068196184720364
3124.313893995 1.26455163169682e-06 -0.00921295088392085
3127.4554866486 1.91563097408276e-06 -0.00964292628350435
3130.5970793022 2.46170802885084e-06 -0.00420471893380639
3133.7386719558 1.72524645697955e-06 -0.0106223440941446
3136.8802646094 6.49721876148597e-07 -0.0070113518681865
3140.021857263 -6.881021766744e-09 -0.01133676018685
3143.1634499166 -1.3421852877915e-09 -0.00614871151356055
3146.3050425702 8.48520307328463e-07 -0.00931248018855515
3149.4466352238 1.09443217040226e-06 -0.00198377248830183
3152.5882278774 1.12745824948847e-06 -0.00807062841545305
3155.7298205309 5.57490108899438e-07 -0.00648431051877195
3158.8714131845 1.8371632894686e-08 -0.0115808126981845
3162.0130058381 -1.89943700937378e-07 -0.0073776622955393
3165.1545984917 -9.188241099881e-08 -0.0073988293543152
3168.2961911453 4.2616404780288e-08 -0.0116098054788835
3171.4377837989 -6.18939314230835e-08 -0.0064510751856233
3174.5793764525 -1.07077576980446e-07 -0.0076702374926754
3177.7209691061 2.4329475603396e-07 -0.0056637386571765
3180.8625617597 6.71037887853706e-07 -0.0099253028506609
3184.0041544133 8.39305325099821e-07 -0.0084366447633781
3187.1457470668 7.89051826513738e-07 -0.00665104392987815
3190.2873397204 8.9205263059159e-08 -0.00874577838658295
3193.428932374 -6.8897874870973e-08 -0.0077523066247522
3196.5705250276 8.7360098530949e-08 -0.00846430306660275
3199.7121176812 1.24298912239803e-06 -0.00631950065326235
3202.8537103348 2.13918273855142e-06 -0.0088096529816539
3205.9953029884 2.08150542972938e-06 -0.00585596246446585
3209.136895642 1.58666417173851e-06 -0.00911124554704675
3212.2784882956 3.33621208359334e-07 -0.0113965327602728
3215.4200809492 2.10678519332338e-07 -0.00730742169571385
