-0.50000604744104
-0.4793805078533
-0.46010819982967
-0.4420840258362
-0.42521196137928
-0.40940420732571
-0.39458042663891
-0.38066705664671
-0.36759668894187
-0.35530750988698
-0.34374279546342
-0.3328504548847
-0.32258261799627
-0.31289526201807
-0.30374787365988
-0.29510314306026
-0.28692668637417
-0.27918679416713
-0.27185420307001
-0.26490188841279
-0.25830487579073
-0.25204006972658
-0.24608609777995
-0.24042316862209
-0.23503294274454
-0.22989841460334
-0.22500380512078
-0.22033446357364
-0.21587677799294
-0.2116180932865
-0.20754663637277
-0.20365144768349
-0.19992231845547
-0.1963497332871
-0.19292481748587
-0.18963928877832
-0.18648541299413
-0.18345596337334
-0.180544183178
-0.17774375131965
-0.17504875074083
-0.1724536393128
-0.1699532230337
-0.16754263133088
-0.16521729428919
-0.16297292164294
-0.16080548338385
-0.15871119185063
-0.15668648517754
-0.15472801199038
-0.15283261724793
-0.15099732913589
-0.14921934692843
-0.14749602973982
-0.14582488609512
-0.14420356425526
-0.14262984323688
-0.14110162447303
-0.13961692406445
-0.13817386557626
-0.13677067333795
-0.1354056662084
-0.13407725177062
-0.13278392092407
-0.13152424284446
-0.13029686028405
-0.12910048518711
-0.1279338945974
-0.12679592683649
-0.12568547793317
-0.12460149828583
-0.12354298954135
-0.12250900167475
-0.12149863025581
-0.1205110138891
-0.11954533181574
-0.11860080166528
-0.11767667734765
-0.1167722470754
-0.11588683150743
-0.11501978200598
-0.11417047899929
-0.11333833044277
-0.1125227703723
-0.1117232575434
-0.11093927415073
-0.11017032462277
-0.10941593448657
-0.10867564929833
-0.10794903363536
-0.10723567014566
-0.1065351586515
-0.10584711530343
-0.10517117178175
-0.10450697454244
-0.10385418410474
-0.10321247437791
-0.10258153202475
-0.10196105585961
-0.10135075627894
-0.10075035472222
-0.10015958316168
-0.099578183618993
-0.09900590770731
-0.098442516197299
-0.097887778605641
-0.097341472804806
-0.096803384652787
-0.096273307641719
-0.095751042564284
-0.095236397196913
-0.094729185998798
-0.094229229825899
-0.093736355659063
-0.093250396345476
-0.092771190352764
-0.092298581534984
-0.091832418909932
-0.091372556447087
-0.090918852865676
-0.090471171442296
-0.090029379827583
-0.089593349871452
-0.089162957456473
-0.088738082338952
-0.088318607997295
-0.087904421487307
-0.087495413304068
-0.087091477250032
-0.08669251030904
-0.086298412525982
-0.085909086891748
-0.085524439233284
-0.085144378108468
-0.084768814705542
-0.084397662746922
-0.084030838397129
-0.083668260174692
-0.083309848867774
-0.082955527453373
-0.082605221019935
-0.082258856693188
-0.081916363565079
-0.081577672625628
-0.081242716697606
-0.080911430373865
-0.080583749957222
-0.080259613402779
-0.079938960262543
-0.079621731632285
-0.079307870100487
-0.07899731969931
-0.078690025857504
-0.078385935355127
-0.078084996280059
-0.077787157986158
-0.077492371053058
-0.077200587247467
-0.076911759485967
-0.076625841799192
-0.076342789297372
-0.07606255813714
-0.075785105489595
-0.075510389509528
-0.075238369305778
-0.074969004912682
-0.074702257262552
-0.074438088159137
-0.074176460252059
-0.073917337012142
-0.073660682707624
-0.073406462381215
-0.073154641827945
-0.072905187573799
-0.072658066855086
-0.072413247598523
-0.072170698402008
-0.071930388516027
-0.071692287825732
-0.07145636683358
-0.071222596642584
-0.07099094894012
-0.070761395982253
-0.070533910578606
-0.070308466077711
-0.070085036352837
-0.069863595788285
-0.069644119266128
-0.069426582153363
-0.06921096028949
-0.068997229974477
-0.068785367957109
-0.068575351423691
-0.068367157987126
-0.06816076567632
-0.067956152925903
-0.067753298566289
-0.067552181814034
-0.067352782262463
-0.067155079872627
-0.066959054964481
-0.066764688208362
-0.066571960616709
-0.066380853536029
-0.066191348639092
-0.066003427917368
-0.065817073673675
-0.06563226851504
-0.065448995345775
-0.06526723736074
-0.065086978038804
-0.064908201136487
-0.064730890681793
-0.064555030968204
-0.064380606548837
-0.064207602230787
-0.064036003069595
-0.063865794363902
-0.063696961650215
-0.063529490697835
-0.063363367503925
-0.063198578288696
-0.06303510949074
-0.062872947762459
-0.062712079965657
-0.062552493167204
-0.062394174634846
-0.062237111833105
-0.062081292419299
-0.061926704239653
-0.061773335325515
-0.061621173889672
-0.061470208322756
-0.061320427189737
-0.061171819226517
-0.061024373336585
-0.060878078587785
-0.060732924209151
-0.060588899587805
-0.060445994265955
-0.060304197937961
-0.060163500447449
-0.060023891784537
-0.059885362083082
-0.059747901618033
-0.059611500802814
-0.059476150186791
-0.059341840452792
-0.059208562414684
-0.059076307015004
-0.058945065322648
-0.058814828530618
-0.058685587953814
-0.05855733502688
-0.058430061302091
-0.05830375844731
-0.058178418243959
-0.058054032585065
-0.057930593473327
-0.057808093019247
-0.057686523439286
-0.057565877054066
-0.057446146286611
-0.057327323660632
-0.057209401798836
-0.057092373421292
-0.056976231343811
-0.056860968476369
-0.056746577821571
-0.056633052473144
-0.056520385614442
-0.056408570517022
-0.056297600539214
-0.056187469124733
-0.056078169801335
-0.055969696179467
-0.055862041950986
-0.055755200887862
-0.05564916684095
-0.055543933738754
-0.055439495586222
-0.055335846463583
-0.05523298052519
-0.05513089199839
-0.055029575182424
-0.054929024447335
-0.054829234232912
-0.054730199047645
-0.0546319134677
-0.054534372135929
-0.054437569760872
-0.054341501115813
-0.054246161037819
-0.05415154442682
-0.054057646244705
-0.053964461514423
-0.053871985319115
-0.053780212801252
-0.053689139161797
-0.053598759659375
-0.053509069609468
-0.053420064383613
-0.053331739408629
-0.053244090165851
-0.053157112190364
-0.053070801070286
-0.052985152446028
-0.052900162009587
-0.052815825503849
-0.052732138721905
-0.052649097506373
-0.052566697748736
-0.052484935388699
-0.052403806413545
-0.052323306857513
-0.052243432801182
-0.052164180370856
-0.052085545737988
-0.052007525118585
-0.051930114772638
-0.051853311003555
-0.051777110157615
-0.051701508623418
-0.051626502831355
-0.051552089253077
-0.051478264400984
-0.051405024827718
-0.051332367125659
-0.051260287926442
-0.051188783900467
-0.051117851756437
-0.05104748824088
-0.0509776901377
-0.050908454267721
-0.050839777488249
-0.050771656692631
-0.050704088809842
-0.050637070804042
-0.050570599674179
-0.050504672453576
-0.050439286209531
-0.05037443804293
-0.050310125087843
-0.050246344511167
-0.05018309351223
-0.050120369322436
-0.050058169204895
-0.049996490454073
-0.049935330395436
-0.049874686385105
-0.049814555809527
-0.04975493608512
-0.049695824657969
-0.049637219003481
-0.049579116626084
-0.049521515058901
-0.049464411863451
-0.049407804629344
-0.049351690973974
-0.049296068542242
-0.049240935006248
-0.049186288065029
-0.049132125444257
-0.049078444895974
-0.049025244198328
-0.04897252115529
-0.048920273596409
-0.048868499376537
-0.048817196375589
-0.048766362498286
-0.048715995673904
-0.048666093856043
-0.048616655022378
-0.048567677174433
-0.048519158337341
-0.048471096559618
-0.048423489912951
-0.048376336491961
-0.04832963441399
-0.048283381818895
-0.048237576868834
-0.048192217748053
-0.048147302662692
-0.048102829840572
-0.048058797531012
-0.048015204004627
-0.047972047553132
-0.047929326489161
-0.047887039146085
-0.047845183877815
-0.047803759058637
-0.047762763083024
-0.047722194365475
-0.047682051340331
-0.047642332461611
-0.047603036202848
-0.047564161056929
-0.047525705535922
-0.047487668170928
-0.047450047511924
-0.047412842127609
-0.047376050605248
-0.047339671550538
-0.047303703587444
-0.047268145358065
-0.047232995522492
-0.047198252758674
-0.047163915762266
-0.047129983246514
-0.047096453942102
-0.047063326597042
-0.047030599976532
-0.046998272862835
-0.04696634405515
-0.046934812369502
-0.04690367663861
-0.046872935711773
-0.046842588454755
-0.046812633749675
-0.046783070494884
-0.046753897604865
-0.046725114010122
-0.046696718657069
-0.046668710507935
-0.04664108854065
-0.046613851748751
-0.04658699914128
-0.046560529742689
-0.046534442592745
-0.04650873674643
-0.04648341127385
-0.046458465260156
-0.046433897805432
-0.046409708024639
-0.04638589504749
-0.046362458018402
-0.046339396096394
-0.046316708455011
-0.046294394282241
-0.046272452780444
-0.046250883166265
-0.046229684670572
-0.046208856538374
-0.046188398028745
-0.046168308414766
-0.046148586983444
-0.046129233035654
-0.046110245886064
-0.046091624863076
-0.046073369308755
-0.046055478578787
-0.046037952042384
-0.046020789082258
-0.046003989094546
-0.045987551488755
-0.045971475687707
-0.04595576112749
-0.0459404072574
-0.045925413539888
-0.045910779450514
-0.045896504477897
-0.045882588123668
-0.04586902990242
-0.045855829341668
-0.045842985981801
-0.04583049937604
-0.045818369090399
-0.04580659470364
-0.045795175807241
-0.045784112005351
-0.045773402914757
-0.04576304816485
-0.045753047397583
-0.04574340026745
-0.045734106441443
-0.04572516559903
-0.045716577432115
-0.04570834164502
-0.045700457954451
-0.045692926089473
-0.045685745791492
-0.045678916814215
-0.045672438923648
-0.045666311898051
-0.045660535527939
-0.045655109616056
-0.045650033977338
-0.045645308438926
-0.045640932840133
-0.045636907032425
-0.045633230879421
-0.045629904256869
-0.045626927052636
-0.045624299166701
-0.045622020511144
-0.045620091010135
-0.045618510599928
-0.045617279228859
-0.045616396857333
-0.045615863457825
-0.045615679014874
-0.045615843525085
-0.045616356997127
-0.045617219451724
-0.045618430921671
-0.045619991451829
-0.045621901099122
-0.045624159932559
-0.045626768033217
-0.045629725494269
-0.045633032420975
-0.045636688930699
-0.045640695152923
-0.045645051229244
-0.045649757313406
-0.045654813571288
-0.04566022018094
-0.045665977332596
-0.045672085228669
-0.045678544083801
-0.045685354124857
-0.045692515590952
-0.045700028733476
-0.045707893816109
-0.045716111114853
-0.045724680918048
-0.045733603526404
-0.045742879253018
-0.045752508423413
-0.045762491375562
-0.045772828459908
-0.045783520039421
-0.045794566489604
-0.045805968198534
-0.045817725566906
-0.045829839008056
-0.045842308948013
-0.045855135825515
-0.045868320092073
-0.045881862211994
-0.045895762662431
-0.045910021933425
-0.045924640527948
-0.045939618961946
-0.045954957764393
-0.045970657477331
-0.045986718655926
-0.046003141868512
-0.046019927696649
-0.046037076735177
-0.046054589592261
-0.046072466889455
-0.046090709261758
-0.046109317357672
-0.046128291839262
-0.046147633382213
-0.046167342675897
-0.04618742042344
-0.04620786734178
-0.046228684161738
-0.046249871628086
-0.046271430499614
-0.046293361549204
-0.046315665563904
-0.046338343344996
-0.046361395708079
-0.046384823483137
-0.046408627514626
-0.046432808661552
-0.046457367797551
-0.046482305810966
-0.046507623604953
-0.046533322097535
-0.046559402221724
-0.046585864925584
-0.046612711172338
-0.046639941940454
-0.046667558223746
-0.046695561031457
-0.04672395138838
-0.046752730334931
-0.046781898927273
-0.046811458237408
-0.046841409353284
-0.046871753378906
-0.046902491434441
-0.046933624656327
-0.046965154197398
-0.046997081226981
-0.047029406931026
-0.047062132512219
-0.04709525919011
-0.047128788201225
-0.047162720799194
-0.047197058254885
-0.047231801856531
-0.04726695290985
-0.047302512738197
-0.04733848268268
-0.047374864102313
-0.047411658374154
-0.047448866893439
-0.047486491073737
-0.047524532347085
-0.047562992164156
-0.047601871994387
-0.047641173326161
-0.047680897666936
-0.047721046543432
-0.047761621501766
-0.04780262410764
-0.047844055946493
-0.04788591862368
-0.047928213764638
-0.047970943015072
-0.04801410804112
-0.048057710529542
-0.048101752187907
-0.048146234744773
-0.048191159949883
-0.048236529574352
-0.048282345410876
-0.048328609273911
-0.048375322999896
-0.048422488447447
-0.048470107497571
-0.048518182053876
-0.048566714042787
-0.048615705413769
-0.048665158139547
-0.048715074216332
-0.048765455664051
-0.048816304526584
-0.048867622871999
-0.048919412792793
-0.048971676406139
-0.049024415854134
-0.049077633304051
-0.049131330948604
-0.049185511006193
-0.049240175721192
-0.049295327364194
-0.049350968232312
-0.049407100649434
-0.049463726966522
-0.04952084956189
-0.049578470841506
-0.049636593239276
-0.049695219217368
-0.049754351266498
-0.049813991906244
-0.04987414368538
-0.049934809182182
-0.049995991004765
-0.050057691791408
-0.050119914210902
-0.05018266096289
-0.050245934778214
-0.050309738419275
-0.050374074680395
-0.050438946388185
-0.050504356401915
-0.050570307613896
-0.050636802949872
-0.050703845369404
-0.050771437866277
-0.050839583468906
-0.050908285240741
-0.050977546280701
-0.051047369723594
-0.05111775874055
-0.051188716539463
-0.051260246365452
-0.05133235150131
-0.051405035267963
-0.05147830102496
-0.051552152170941
-0.051626592144134
-0.051701624422858
-0.051777252526013
-0.05185348001362
-0.051930310487337
-0.052007747590981
-0.052085795011092
-0.052164456477481
-0.052243735763785
-0.052323636688058
-0.052404163113337
-0.052485318948248
-0.052567108147609
-0.052649534713052
-0.05273260269364
-0.052816316186512
-0.052900679337539
-0.052985696341977
-0.053071371445151
-0.053157708943134
-0.053244713183459
-0.053332388565818
-0.053420739542804
-0.053509770620637
-0.053599486359931
-0.053689891376451
-0.053780990341908
-0.053872787984746
-0.053965289090962
-0.05405849850493
-0.054152421130255
-0.05424706193062
-0.054342425930678
-0.054438518216937
-0.054535343938674
-0.05463290830887
-0.054731216605154
-0.054830274170772
-0.054930086415572
-0.055030658817011
-0.055131996921182
-0.055234106343854
-0.055336992771559
-0.055440661962651
-0.055545119748448
-0.055650372034349
-0.055756424800991
-0.055863284105442
-0.055970956082391
-0.056079446945393
-0.05618876298812
-0.056298910585639
-0.056409896195728
-0.056521726360212
-0.056634407706323
-0.056747946948107
-0.056862350887831
-0.056977626417453
-0.057093780520101
-0.057210820271598
-0.057328752842001
-0.057447585497203
-0.057567325600538
-0.057687980614447
-0.057809558102169
-0.057932065729468
-0.058055511266405
-0.058179902589152
-0.058305247681825
-0.058431554638391
-0.058558831664607
-0.058687087079974
-0.058816329319792
-0.05894656693721
-0.05907780860535
-0.059210063119486
-0.059343339399248
-0.059477646490903
-0.059612993569677
-0.059749389942145
-0.059886845048652
-0.060025368465821
-0.060164969909106
-0.060305659235414
-0.060447446445778
-0.06059034168812
-0.060734355260047
-0.060879497611751
-0.061025779348956
-0.06117321123596
-0.061321804198731
-0.061471569328092
-0.061622517882995
-0.061774661293862
-0.061928011166024
-0.062082579283239
-0.062238377611311
-0.0623954183018
-0.062553713695818
-0.062713276327946
-0.062874118930227
-0.0630362544363
-0.063199695985604
-0.063364456927732
-0.063530550826881
-0.063697991466424
-0.063866792853605
-0.064036969224389
-0.064208535048405
-0.064381505034046
-0.064555894133729
-0.064731717549254
-0.064908990737373
-0.065087729415469
-0.06526794956742
-0.065449667449626
-0.065632899597208
-0.065817662830384
-0.066003974261038
-0.066191851299476
-0.066381311661374
-0.066572373374945
-0.066765054788315
-0.066959374577103
-0.067155351752261
-0.067353005668114
-0.067552356030673
-0.067753422906188
-0.06795622672997
-0.068160788315479
-0.068367128863694
-0.068575269972792
-0.068785233648107
-0.068997042312417
-0.06921071881656
-0.069426286450383
-0.069643768954045
-0.069863190529681
-0.070084575853453
-0.070307950087992
-0.070533338895245
-0.070760768449749
-0.070990265452348
-0.07122185714437
-0.071455571322258
-0.071691436352759
-0.071929481188534
-0.072169735384396
-0.072412229114036
-0.072656993187376
-0.072904059068496
-0.073153458894203
-0.073405225493248
-0.073659392406233
-0.073915993906205
-0.074175065020022
-0.074436641550452
-0.074700760099102
-0.074967458090171
-0.075236773795068
-0.075508746357957
-0.075783415822234
-0.076060823157991
-0.07634101029053
-0.076624020129929
-0.076909896601762
-0.077198684678952
-0.077490430414897
-0.077785180977837
-0.078082984686588
-0.078383891047643
-0.07868795079377
-0.07899521592412
-0.079305739745923
-0.079619576917888
-0.079936783495315
-0.080257416977072
-0.080581536354466
-0.08090920216214
-0.081240476531045
-0.08157542324366
-0.081914107791463
-0.08225659743489
-0.082602961265758
-0.082953270272408
-0.083307597407607
-0.083666017659385
-0.084028608124957
-0.084395448087854
-0.084766619098452
-0.085142205058057
-0.085522292306738
-0.08590696971507
-0.086296328780028
-0.086690463725219
-0.087089471605663
-0.087493452417421
-0.087902509212242
-0.088316748217557
-0.088736278962077
-0.089161214407283
-0.089591671085177
-0.090027769242543
-0.09046963299215
-0.090917390471256
-0.091371174007771
-0.091831120294581
-0.092297370572388
-0.092770070821639
-0.093249371963987
-0.093735430073849
-0.09422840660064
-0.094728468602267
-0.095235788990574
-0.095750546789376
-0.096272927405861
-0.096803122916137
-0.097341332365699
-0.09788776208581
-0.098442626026623
-0.099006146108158
-0.099578552590119
-0.10016008446176
-0.10075098985301
-0.10135152646813
-0.10196196204333
-0.10258257482987
-0.10321365410414
-0.10385550070649
-0.1045084276107
-0.10517276052583
-0.10584883853282
-0.1065370147578
-0.1072376570847
-0.10795114890967
-0.10867788993999
-0.10941829704054
-0.11017280513092
-0.11094186813663
-0.111725959998
-0.11252557574074
-0.11334123261235
-0.11417347128898
-0.1150228571575
-0.11588998167812
-0.11677546383321
-0.11767995166839
-0.1186041239324
-0.11954869182291
-0.12051440084589
-0.12150203279671
-0.1225124078719
-0.12354638692124
-0.12460487385035
-0.12568881818529
-0.12679921781105
-0.1279371218972
-0.12910363402482
-0.13029991553025
-0.13152718908215
-0.13278674251015
-0.13407993290457
-0.13540819100858
-0.13677302592595
-0.13817603016939
-0.13961888507696
-0.14110336662612
-0.14263135167771
-0.1442048246852
-0.14582588490731
-0.1474967541659
-0.14921978519456
-0.15099747062763
-0.15283245268373
-0.15472753360311
-0.15668568690341
-0.15871006952454
-0.16080403494001
-0.16297114731939
-0.1652151968344
-0.16754021621042
-0.1699504986345
-0.17245061714208
-0.17504544561633
-0.17774018154732
-0.18054037071254
-0.1834519339566
-0.18648119626553
-0.18963491835072
-0.19292033097958
-0.19634517231376
-0.1999177285429
-0.20364687813125
-0.20754214002763
-0.21161372622573
-0.21587259910254
-0.22033053400761
-0.22500018762656
-0.22989517269796
-0.23503013972524
-0.24042086639469
-0.24608435548836
-0.25203894216685
-0.25830441159395
-0.26490212798263
-0.27185517626271
-0.27918851770525
-0.2869291609898
-0.29510635036943
-0.30375177277795
-0.31289978593594
-0.32258766975025
-0.33285590356892
-0.34374847215341
-0.3553132035676
-0.36760214256184
-0.3806719634573
-0.39458442701623
-0.40940688632485
-0.42521284732607
-0.4420825903273
-0.46010385958622
-0.47937262895538
