-0.49999999999998
-0.48007442944263
-0.46204651108967
-0.44559051401061
-0.43045765329969
-0.41645475746739
-0.40342939030831
-0.3912593677159
-0.37984529066861
-0.3691051656696
-0.35897048292118
-0.34938332220873
-0.34029419059818
-0.33166038669498
-0.32344474786931
-0.31561467908499
-0.30814139111085
-0.3009992961588
-0.29416552320034
-0.28761952525915
-0.2813427581429
-0.27531841523457
-0.26953120670985
-0.26396717429357
-0.25861353470033
-0.25345854642283
-0.24849139567527
-0.24370209817001
-0.23908141407316
-0.23462077400208
-0.23031221433097
-0.22614832038814
-0.22212217638019
-0.21822732107916
-0.2144577084701
-0.21080767268735
-0.2072718966743
-0.20384538408849
-0.20052343404595
-0.19730161835802
-0.19417576096363
-0.1911419193015
-0.1881963674013
-0.1853355805027
-0.18255622103571
-0.17985512581721
-0.17722929433663
-0.17467587801928
-0.17219217036912
-0.16977559790442
-0.16742371180964
-0.16513418023553
-0.16290478118709
-0.16073339594554
-0.15861800297612
-0.15655667227885
-0.1545475601436
-0.1525889042748
-0.15067901925472
-0.14881629231711
-0.14699917940582
-0.14522620149554
-0.14349594115374
-0.14180703932501
-0.14015819232058
-0.1385481489975
-0.13697570811313
-0.13543971584211
-0.13393906344378
-0.1324726850693
-0.13103955569851
-0.1296386891974
-0.1282691364878
-0.12692998382162
-0.12562035115252
-0.12433939059854
-0.12308628498959
-0.12186024649436
-0.12066051532139
-0.11948635848962
-0.11833706866402
-0.11721196305224
-0.11611038235846
-0.11503168979097
-0.1139752701202
-0.11294052878419
-0.11192689103867
-0.11093380114917
-0.10996072162259
-0.10900713247612
-0.10807253054127
-0.10715642880104
-0.10625835575835
-0.10537785483413
-0.10451448379323
-0.10366781419677
-0.10283743087951
-0.10202293145081
-0.10122392581799
-0.10044003573093
-0.099670894346745
-0.098916145813517
-0.098175444872126
-0.09744845647525
-0.096734855422652
-0.096034326011955
-0.095346561704131
-0.09467126480298
-0.094008146147912
-0.093356924819394
-0.092717327856442
-0.092089089985593
-0.091471953360809
-0.090865667313796
-0.090269988114254
-0.0896846787396
-0.08910950865372
-0.088544253594353
-0.087988695368696
-0.08744262165687
-0.086905825822899
-0.086378106732863
-0.085859268579902
-0.085349120715787
-0.084847477488755
-0.084354158087352
-0.08386898639001
-0.083391790820133
-0.082922404206434
-0.082460663648329
-0.082006410386154
-0.081559489676014
-0.081119750669074
-0.080687046295101
-0.0802612331501
-0.079842171387856
-0.079429724615238
-0.079023759791121
-0.078624147128757
-0.07823076000149
-0.077843474851651
-0.07746217110254
-0.077086731073349
-0.076717039896924
-0.07635298544026
-0.075994458227615
-0.07564135136615
-0.075293560473996
-0.074950983610658
-0.074613521209673
-0.074281076013421
-0.073953553010041
-0.073630859372337
-0.073312904398627
-0.072999599455459
-0.07269085792212
-0.072386595136877
-0.072086728344887
-0.071791176647722
-0.071499860954443
-0.071212703934171
-0.070929629970106
-0.070650565114943
-0.070375437047627
-0.070104175031417
-0.069836709873194
-0.06957297388399
-0.069312900840686
-0.069056425948832
-0.068803485806572
-0.068554018369615
-0.068307962917229
-0.068065260019224
-0.067825851503884
-0.067589680426822
-0.06735669104073
-0.067126828765985
-0.066900040162097
-0.066676272899957
-0.066455475734869
-0.066237598480339
-0.066022591982595
-0.065810408095814
-0.065600999658035
-0.065394320467739
-0.065190325261072
-0.064988969689682
-0.064790210299177
-0.06459400450815
-0.064400310587785
-0.064209087641999
-0.064020295588132
-0.063833895138138
-0.063649847780286
-0.063468115761344
-0.063288662069231
-0.06311145041613
-0.06293644522204
-0.062763611598758
-0.062592915334284
-0.062424322877614
-0.06225780132395
-0.06209331840027
-0.061930842451276
-0.061770342425704
-0.061611787862975
-0.061455148880192
-0.061300396159463
-0.06114750093554
-0.060996434983773
-0.060847170608366
-0.060699680630919
-0.060553938379261
-0.060409917676558
-0.060267592830689
-0.060126938623882
-0.05998793030261
-0.059850543567721
-0.059714754564826
-0.059580539874903
-0.059447876505139
-0.059316741879991
-0.059187113832457
-0.059058970595564
-0.058932290794048
-0.058807053436244
-0.058683237906161
-0.058560823955744
-0.058439791697325
-0.058320121596242
-0.058201794463637
-0.058084791449423
-0.057969094035408
-0.057854684028586
-0.05774154355458
-0.057629655051233
-0.057519001262353
-0.057409565231597
-0.057301330296491
-0.057194280082598
-0.057088398497804
-0.056983669726746
-0.056880078225356
-0.056777608715536
-0.056676246179942
-0.056575975856901
-0.056476783235421
-0.056378654050331
-0.056281574277514
-0.056185530129257
-0.056090508049695
-0.055996494710359
-0.055903477005824
-0.055811442049445
-0.055720377169192
-0.055630269903578
-0.055541107997663
-0.055452879399161
-0.055365572254616
-0.055279174905671
-0.055193675885412
-0.055109063914789
-0.055025327899119
-0.054942456924656
-0.054860440255239
-0.054779267329013
-0.054698927755209
-0.054619411311004
-0.054540707938443
-0.054462807741411
-0.0543857009827
-0.054309378081106
-0.054233829608602
-0.054159046287564
-0.054085018988062
-0.054011738725193
-0.053939196656487
-0.053867384079349
-0.053796292428564
-0.053725913273849
-0.053656238317456
-0.053587259391824
-0.053518968457277
-0.053451357599769
-0.053384419028677
-0.053318145074635
-0.053252528187411
-0.053187560933832
-0.053123235995747
-0.053059546168025
-0.052996484356603
-0.052934043576569
-0.052872216950278
-0.05281099770551
-0.052750379173666
-0.052690354787994
-0.052630918081854
-0.052572062687015
-0.052513782331987
-0.052456070840382
-0.052398922129313
-0.052342330207815
-0.052286289175308
-0.052230793220077
-0.052175836617793
-0.052121413730055
-0.052067519002962
-0.052014146965714
-0.051961292229234
-0.051908949484828
-0.051857113502856
-0.051805779131438
-0.051754941295183
-0.051704594993939
-0.051654735301569
-0.051605357364749
-0.05155645640179
-0.051508027701481
-0.051460066621953
-0.051412568589564
-0.051365529097811
-0.051318943706249
-0.051272808039446
-0.051227117785944
-0.051181868697249
-0.051137056586831
-0.051092677329152
-0.051048726858701
-0.051005201169058
-0.050962096311966
-0.050919408396426
-0.050877133587803
-0.050835268106958
-0.05079380822938
-0.050752750284352
-0.050712090654119
-0.050671825773074
-0.050631952126963
-0.050592466252103
-0.050553364734605
-0.05051464420963
-0.050476301360635
-0.050438332918653
-0.050400735661575
-0.050363506413446
-0.050326642043775
-0.050290139466859
-0.050253995641116
-0.050218207568432
-0.050182772293516
-0.050147686903273
-0.050112948526182
-0.050078554331689
-0.050044501529604
-0.050010787369523
-0.049977409140242
-0.049944364169195
-0.049911649821896
-0.049879263501391
-0.049847202647723
-0.049815464737402
-0.049784047282887
-0.049752947832075
-0.049722163967803
-0.049691693307354
-0.049661533501975
-0.049631682236401
-0.049602137228388
-0.049572896228255
-0.049543957018436
-0.049515317413033
-0.049486975257383
-0.049458928427633
-0.049431174830316
-0.04940371240194
-0.049376539108585
-0.049349652945499
-0.049323051936713
-0.049296734134651
-0.049270697619755
-0.049244940500113
-0.049219460911091
-0.04919425701498
-0.049169327000638
-0.049144669083147
-0.049120281503471
-0.049096162528124
-0.049072310448836
-0.049048723582236
-0.049025400269533
-0.0490023388762
-0.048979537791674
-0.048956995429051
-0.04893471022479
-0.048912680638426
-0.048890905152279
-0.048869382271177
-0.048848110522181
-0.048827088454311
-0.048806314638282
-0.048785787666241
-0.048765506151513
-0.048745468728345
-0.048725674051661
-0.048706120796817
-0.04868680765936
-0.048667733354798
-0.048648896618365
-0.048630296204794
-0.048611930888097
-0.048593799461344
-0.048575900736452
-0.048558233543967
-0.048540796732865
-0.04852358917034
-0.048506609741613
-0.048489857349731
-0.048473330915373
-0.048457029376665
-0.048440951688992
-0.048425096824818
-0.048409463773504
-0.048394051541134
-0.048378859150344
-0.048363885640153
-0.048349130065794
-0.048334591498557
-0.048320269025622
-0.04830616174991
-0.048292268789925
-0.048278589279604
-0.048265122368172
-0.048251867219992
-0.048238823014428
-0.048225988945706
-0.048213364222773
-0.048200948069168
-0.048188739722889
-0.048176738436264
-0.04816494347583
-0.048153354122203
-0.048141969669964
-0.048130789427536
-0.048119812717072
-0.048109038874342
-0.048098467248621
-0.04808809720258
-0.048077928112185
-0.048067959366586
-0.048058190368026
-0.048048620531733
-0.04803924928583
-0.048030076071235
-0.048021100341577
-0.0480123215631
-0.048003739214576
-0.047995352787223
-0.047987161784619
-0.047979165722623
-0.047971364129293
-0.047963756544813
-0.047956342521415
-0.047949121623309
-0.047942093426609
-0.047935257519267
-0.047928613501006
-0.047922160983252
-0.047915899589077
-0.047909828953132
-0.047903948721594
-0.047898258552104
-0.047892758113713
-0.047887447086832
-0.047882325163176
-0.047877392045719
-0.047872647448641
-0.047868091097288
-0.047863722728124
-0.047859542088691
-0.047855548937565
-0.047851743044323
-0.047848124189503
-0.047844692164565
-0.047841446771868
-0.047838387824628
-0.047835515146894
-0.047832828573519
-0.047830327950131
-0.047828013133114
-0.04782588398958
-0.047823940397348
-0.047822182244929
-0.047820609431504
-0.047819221866909
-0.047818019471623
-0.047817002176752
-0.047816169924019
-0.047815522665757
-0.047815060364899
-0.047814782994971
-0.047814690540093
-0.047814782994971
-0.047815060364899
-0.047815522665757
-0.047816169924019
-0.047817002176752
-0.047818019471623
-0.047819221866909
-0.047820609431504
-0.047822182244929
-0.047823940397348
-0.04782588398958
-0.047828013133114
-0.047830327950132
-0.047832828573519
-0.047835515146894
-0.047838387824628
-0.047841446771868
-0.047844692164565
-0.047848124189502
-0.047851743044324
-0.047855548937565
-0.047859542088691
-0.047863722728124
-0.047868091097288
-0.047872647448641
-0.047877392045718
-0.047882325163176
-0.047887447086832
-0.047892758113713
-0.047898258552104
-0.047903948721594
-0.047909828953132
-0.047915899589077
-0.047922160983252
-0.047928613501006
-0.047935257519267
-0.047942093426609
-0.047949121623309
-0.047956342521416
-0.047963756544813
-0.047971364129293
-0.047979165722623
-0.047987161784619
-0.047995352787223
-0.048003739214576
-0.0480123215631
-0.048021100341577
-0.048030076071235
-0.04803924928583
-0.048048620531733
-0.048058190368026
-0.048067959366587
-0.048077928112185
-0.04808809720258
-0.048098467248621
-0.048109038874342
-0.048119812717072
-0.048130789427536
-0.048141969669964
-0.048153354122203
-0.04816494347583
-0.048176738436265
-0.048188739722889
-0.048200948069168
-0.048213364222773
-0.048225988945706
-0.048238823014429
-0.048251867219992
-0.048265122368172
-0.048278589279605
-0.048292268789925
-0.04830616174991
-0.048320269025622
-0.048334591498557
-0.048349130065795
-0.048363885640153
-0.048378859150344
-0.048394051541134
-0.048409463773504
-0.048425096824818
-0.048440951688992
-0.048457029376665
-0.048473330915373
-0.048489857349731
-0.048506609741613
-0.04852358917034
-0.048540796732864
-0.048558233543967
-0.048575900736452
-0.048593799461344
-0.048611930888096
-0.048630296204793
-0.048648896618365
-0.048667733354798
-0.04868680765936
-0.048706120796816
-0.048725674051661
-0.048745468728345
-0.048765506151513
-0.048785787666241
-0.048806314638281
-0.048827088454311
-0.048848110522181
-0.048869382271177
-0.048890905152279
-0.048912680638426
-0.04893471022479
-0.048956995429051
-0.048979537791674
-0.0490023388762
-0.049025400269532
-0.049048723582236
-0.049072310448836
-0.049096162528124
-0.049120281503471
-0.049144669083147
-0.049169327000638
-0.04919425701498
-0.049219460911091
-0.049244940500113
-0.049270697619755
-0.049296734134651
-0.049323051936713
-0.049349652945499
-0.049376539108585
-0.04940371240194
-0.049431174830315
-0.049458928427633
-0.049486975257383
-0.049515317413032
-0.049543957018436
-0.049572896228255
-0.049602137228388
-0.049631682236401
-0.049661533501975
-0.049691693307354
-0.049722163967803
-0.049752947832074
-0.049784047282887
-0.049815464737402
-0.049847202647724
-0.049879263501391
-0.049911649821896
-0.049944364169195
-0.049977409140242
-0.050010787369523
-0.050044501529605
-0.050078554331689
-0.050112948526182
-0.050147686903273
-0.050182772293516
-0.050218207568431
-0.050253995641117
-0.050290139466859
-0.050326642043775
-0.050363506413446
-0.050400735661576
-0.050438332918654
-0.050476301360635
-0.05051464420963
-0.050553364734606
-0.050592466252103
-0.050631952126963
-0.050671825773074
-0.050712090654119
-0.050752750284353
-0.050793808229381
-0.050835268106958
-0.050877133587804
-0.050919408396426
-0.050962096311966
-0.051005201169058
-0.051048726858701
-0.051092677329152
-0.051137056586832
-0.051181868697249
-0.051227117785944
-0.051272808039446
-0.051318943706249
-0.051365529097811
-0.051412568589565
-0.051460066621953
-0.051508027701482
-0.051556456401791
-0.051605357364749
-0.051654735301569
-0.051704594993939
-0.051754941295183
-0.051805779131438
-0.051857113502856
-0.051908949484828
-0.051961292229235
-0.052014146965714
-0.052067519002963
-0.052121413730055
-0.052175836617793
-0.052230793220077
-0.052286289175308
-0.052342330207815
-0.052398922129313
-0.052456070840382
-0.052513782331987
-0.052572062687015
-0.052630918081854
-0.052690354787994
-0.052750379173666
-0.052810997705511
-0.052872216950278
-0.052934043576569
-0.052996484356603
-0.053059546168024
-0.053123235995747
-0.053187560933832
-0.053252528187411
-0.053318145074635
-0.053384419028677
-0.053451357599769
-0.053518968457277
-0.053587259391824
-0.053656238317456
-0.053725913273849
-0.053796292428564
-0.053867384079349
-0.053939196656487
-0.054011738725193
-0.054085018988061
-0.054159046287564
-0.054233829608601
-0.054309378081106
-0.0543857009827
-0.054462807741411
-0.054540707938442
-0.054619411311006
-0.054698927755211
-0.054779267329015
-0.054860440255241
-0.054942456924658
-0.055025327899121
-0.055109063914791
-0.055193675885414
-0.055279174905673
-0.055365572254618
-0.055452879399163
-0.055541107997665
-0.05563026990358
-0.055720377169194
-0.055811442049447
-0.055903477005826
-0.055996494710361
-0.056090508049697
-0.056185530129259
-0.056281574277516
-0.056378654050333
-0.056476783235423
-0.056575975856903
-0.056676246179944
-0.056777608715538
-0.056880078225358
-0.056983669726748
-0.057088398497806
-0.0571942800826
-0.057301330296493
-0.057409565231599
-0.057519001262356
-0.057629655051235
-0.057741543554582
-0.057854684028588
-0.05796909403541
-0.058084791449425
-0.058201794463639
-0.058320121596244
-0.058439791697327
-0.058560823955746
-0.058683237906163
-0.058807053436246
-0.058932290794049
-0.059058970595565
-0.059187113832459
-0.059316741879992
-0.05944787650514
-0.059580539874904
-0.059714754564828
-0.059850543567723
-0.059987930302611
-0.060126938623884
-0.06026759283069
-0.060409917676559
-0.060553938379262
-0.06069968063092
-0.060847170608368
-0.060996434983775
-0.061147500935541
-0.061300396159464
-0.061455148880193
-0.061611787862976
-0.061770342425705
-0.061930842451278
-0.062093318400271
-0.062257801323951
-0.062424322877615
-0.062592915334285
-0.06276361159876
-0.062936445222042
-0.063111450416132
-0.063288662069233
-0.063468115761346
-0.063649847780288
-0.06383389513814
-0.064020295588134
-0.064209087642001
-0.064400310587787
-0.064594004508152
-0.064790210299179
-0.064988969689684
-0.065190325261074
-0.065394320467742
-0.065600999658037
-0.065810408095816
-0.066022591982597
-0.066237598480341
-0.066455475734871
-0.066676272899959
-0.066900040162099
-0.067126828765987
-0.067356691040731
-0.067589680426824
-0.067825851503886
-0.068065260019226
-0.068307962917231
-0.068554018369617
-0.068803485806574
-0.069056425948834
-0.069312900840688
-0.069572973883992
-0.069836709873195
-0.070104175031418
-0.070375437047629
-0.070650565114944
-0.070929629970107
-0.071212703934172
-0.071499860954444
-0.071791176647724
-0.072086728344889
-0.072386595136879
-0.072690857922122
-0.07299959945546
-0.073312904398628
-0.073630859372338
-0.073953553010043
-0.074281076013422
-0.074613521209674
-0.07495098361066
-0.075293560473997
-0.075641351366152
-0.075994458227616
-0.076352985440261
-0.076717039896925
-0.077086731073351
-0.077462171102542
-0.077843474851653
-0.078230760001491
-0.078624147128759
-0.079023759791122
-0.07942972461524
-0.079842171387857
-0.080261233150102
-0.080687046295103
-0.081119750669076
-0.081559489676017
-0.082006410386156
-0.082460663648331
-0.082922404206436
-0.083391790820135
-0.083868986390013
-0.084354158087354
-0.084847477488757
-0.085349120715789
-0.085859268579904
-0.086378106732865
-0.086905825822901
-0.087442621656871
-0.087988695368698
-0.088544253594355
-0.089109508653721
-0.0896846787396
-0.090269988114255
-0.090865667313797
-0.09147195336081
-0.092089089985594
-0.092717327856443
-0.093356924819395
-0.094008146147914
-0.094671264802981
-0.095346561704133
-0.096034326011957
-0.096734855422653
-0.097448456475252
-0.098175444872127
-0.098916145813518
-0.099670894346747
-0.10044003573093
-0.10122392581799
-0.10202293145081
-0.10283743087951
-0.10366781419677
-0.10451448379323
-0.10537785483413
-0.10625835575835
-0.10715642880104
-0.10807253054128
-0.10900713247612
-0.10996072162259
-0.11093380114917
-0.11192689103867
-0.11294052878419
-0.1139752701202
-0.11503168979097
-0.11611038235846
-0.11721196305224
-0.11833706866402
-0.11948635848962
-0.1206605153214
-0.12186024649436
-0.12308628498959
-0.12433939059854
-0.12562035115252
-0.12692998382162
-0.1282691364878
-0.1296386891974
-0.13103955569851
-0.1324726850693
-0.13393906344378
-0.13543971584211
-0.13697570811313
-0.13854814899749
-0.14015819232058
-0.14180703932501
-0.14349594115374
-0.14522620149554
-0.14699917940582
-0.14881629231711
-0.15067901925472
-0.1525889042748
-0.1545475601436
-0.15655667227885
-0.15861800297612
-0.16073339594554
-0.16290478118709
-0.16513418023553
-0.16742371180964
-0.16977559790442
-0.17219217036912
-0.17467587801927
-0.17722929433663
-0.17985512581721
-0.18255622103571
-0.1853355805027
-0.1881963674013
-0.19114191930149
-0.19417576096363
-0.19730161835801
-0.20052343404595
-0.20384538408848
-0.20727189667429
-0.21080767268735
-0.2144577084701
-0.21822732107916
-0.22212217638018
-0.22614832038813
-0.23031221433097
-0.23462077400208
-0.23908141407316
-0.24370209817001
-0.24849139567527
-0.25345854642283
-0.25861353470033
-0.26396717429356
-0.26953120670985
-0.27531841523456
-0.2813427581429
-0.28761952525915
-0.29416552320033
-0.30099929615879
-0.30814139111084
-0.31561467908498
-0.32344474786931
-0.33166038669497
-0.34029419059818
-0.34938332220873
-0.35897048292117
-0.36910516566959
-0.37984529066861
-0.39125936771589
-0.40342939030831
-0.41645475746739
-0.43045765329969
-0.44559051401061
-0.46204651108967
-0.48007442944264
-0.49999999999998
