   2.1371750e-05
   6.1579077e-04
  -2.7138069e-03
  -4.6502882e-04
   1.5634858e-03
   2.4405753e-03
   2.4542340e-03
   1.9983417e-03
   1.3529873e-03
   6.8273617e-04
   7.2205876e-05
  -4.4250058e-04
  -8.5244505e-04
  -1.1627113e-03
  -1.3847537e-03
  -1.5321467e-03
  -1.6183538e-03
  -1.6556576e-03
  -1.6547400e-03
  -1.6246079e-03
  -1.5726929e-03
  -1.5050272e-03
  -1.4264415e-03
  -1.3407592e-03
  -1.2509720e-03
  -1.1593932e-03
  -1.0677885e-03
  -9.7748425e-04
  -8.8945708e-04
  -8.0440707e-04
  -7.2281684e-04
  -6.4499925e-04
  -5.7113571e-04
  -5.0130668e-04
  -4.3551599e-04
  -3.7371013e-04
  -3.1579344e-04
  -2.6164013e-04
  -2.1110359e-04
  -1.6402373e-04
  -1.2023263e-04
  -7.9558789e-05
  -4.1830506e-05
  -6.8782659e-06
   2.5463426e-05
   5.5354760e-05
   8.2949723e-05
   1.0839553e-04
   1.3183226e-04
   1.5339274e-04
   1.7320250e-04
   1.9137987e-04
   2.0803618e-04
   2.2327594e-04
   2.3719713e-04
   2.4989148e-04
   2.6144481e-04
   2.7193727e-04
   2.8144370e-04
   2.9003395e-04
   2.9777314e-04
   3.0472196e-04
   3.1093697e-04
   3.1647086e-04
   3.2137267e-04
   3.2568807e-04
   3.2945960e-04
   3.3272681e-04
   3.3552654e-04
   3.3789306e-04
   3.3985827e-04
   3.4145185e-04
   3.4270141e-04
   3.4363267e-04
   3.4426955e-04
   3.4463429e-04
   3.4474762e-04
   3.4462882e-04
   3.4429584e-04
   3.4376536e-04
   3.4305295e-04
   3.4217307e-04
   3.4113918e-04
   3.3996384e-04
   3.3865871e-04
   3.3723465e-04
   3.3570179e-04
   3.3406954e-04
   3.3234665e-04
   3.3054130e-04
   3.2866108e-04
   3.2671305e-04
   3.2470379e-04
   3.2263943e-04
   3.2052565e-04
   3.1836777e-04
   3.1617070e-04
   3.1393903e-04
   3.1167703e-04
   3.0938865e-04
   3.0707759e-04
   3.0474725e-04
   3.0240083e-04
   3.0004127e-04
   2.9767130e-04
   2.9529347e-04
   2.9291014e-04
   2.9052349e-04
   2.8813554e-04
   2.8574816e-04
   2.8336308e-04
   2.8098190e-04
   2.7860610e-04
   2.7623704e-04
   2.7387599e-04
   2.7152408e-04
   2.6918240e-04
   2.6685191e-04
   2.6453350e-04
   2.6222801e-04
   2.5993616e-04
   2.5765866e-04
   2.5539611e-04
   2.5314908e-04
   2.5091808e-04
   2.4870356e-04
   2.4650594e-04
   2.4432558e-04
   2.4216281e-04
   2.4001793e-04
   2.3789117e-04
   2.3578277e-04
   2.3369291e-04
   2.3162176e-04
   2.2956944e-04
   2.2753606e-04
   2.2552172e-04
   2.2352647e-04
   2.2155036e-04
   2.1959342e-04
   2.1765566e-04
   2.1573706e-04
   2.1383761e-04
   2.1195727e-04
   2.1009599e-04
   2.0825371e-04
   2.0643036e-04
   2.0462586e-04
   2.0284013e-04
   2.0107305e-04
   1.9932453e-04
   1.9759445e-04
   1.9588269e-04
   1.9418912e-04
   1.9251362e-04
   1.9085606e-04
   1.8921627e-04
   1.8759414e-04
   1.8598950e-04
   1.8440220e-04
   1.8283210e-04
   1.8127903e-04
   1.7974284e-04
   1.7822336e-04
   1.7672044e-04
   1.7523391e-04
   1.7376360e-04
   1.7230935e-04
   1.7087100e-04
   1.6944837e-04
   1.6804130e-04
   1.6664962e-04
   1.6527317e-04
   1.6391177e-04
   1.6256527e-04
   1.6123349e-04
   1.5991626e-04
   1.5861343e-04
   1.5732482e-04
   1.5605027e-04
   1.5478963e-04
   1.5354272e-04
   1.5230938e-04
   1.5108946e-04
   1.4988280e-04
   1.4868923e-04
   1.4750860e-04
   1.4634076e-04
   1.4518555e-04
   1.4404282e-04
   1.4291241e-04
   1.4179418e-04
   1.4068798e-04
   1.3959365e-04
   1.3851107e-04
   1.3744007e-04
   1.3638051e-04
   1.3533227e-04
   1.3429519e-04
   1.3326914e-04
   1.3225397e-04
   1.3124957e-04
   1.3025578e-04
   1.2927249e-04
   1.2829956e-04
   1.2733685e-04
   1.2638425e-04
   1.2544163e-04
   1.2450886e-04
   1.2358582e-04
   1.2267238e-04
   1.2176844e-04
   1.2087386e-04
   1.1998854e-04
   1.1911236e-04
   1.1824520e-04
   1.1738695e-04
   1.1653750e-04
   1.1569674e-04
   1.1486457e-04
   1.1404087e-04
   1.1322554e-04
   1.1241848e-04
   1.1161958e-04
   1.1082875e-04
   1.1004588e-04
   1.0927087e-04
   1.0850363e-04
   1.0774406e-04
   1.0699207e-04
   1.0624756e-04
   1.0551044e-04
   1.0478062e-04
   1.0405802e-04
   1.0334253e-04
   1.0263408e-04
   1.0193258e-04
   1.0123795e-04
   1.0055009e-04
   9.9868932e-05
   9.9194390e-05
   9.8526384e-05
   9.7864835e-05
   9.7209664e-05
   9.6560796e-05
   9.5918152e-05
   9.5281659e-05
   9.4651243e-05
   9.4026831e-05
   9.3408350e-05
   9.2795730e-05
   9.2188900e-05
   9.1587793e-05
   9.0992338e-05
   9.0402471e-05
   8.9818123e-05
   8.9239230e-05
   8.8665728e-05
   8.8097552e-05
   8.7534640e-05
   8.6976931e-05
   8.6424362e-05
   8.5876875e-05
   8.5334410e-05
   8.4796907e-05
   8.4264310e-05
   8.3736561e-05
   8.3213605e-05
   8.2695385e-05
   8.2181847e-05
   8.1672937e-05
   8.1168602e-05
   8.0668790e-05
   8.0173448e-05
   7.9682525e-05
   7.9195972e-05
   7.8713738e-05
   7.8235774e-05
   7.7762032e-05
   7.7292464e-05
   7.6827023e-05
   7.6365662e-05
   7.5908336e-05
   7.5454999e-05
   7.5005607e-05
   7.4560116e-05
   7.4118481e-05
   7.3680661e-05
   7.3246612e-05
   7.2816294e-05
   7.2389664e-05
   7.1966683e-05
   7.1547309e-05
   7.1131503e-05
   7.0719227e-05
   7.0310441e-05
   6.9905108e-05
   6.9503190e-05
   6.9104649e-05
   6.8709450e-05
   6.8317556e-05
   6.7928930e-05
   6.7543539e-05
   6.7161348e-05
   6.6782321e-05
   6.6406425e-05
   6.6033627e-05
   6.5663894e-05
   6.5297192e-05
   6.4933491e-05
   6.4572757e-05
   6.4214960e-05
   6.3860069e-05
   6.3508053e-05
   6.3158883e-05
   6.2812527e-05
   6.2468957e-05
   6.2128144e-05
   6.1790059e-05
   6.1454673e-05
   6.1121959e-05
   6.0791890e-05
   6.0464437e-05
   6.0139574e-05
   5.9817274e-05
   5.9497511e-05
   5.9180260e-05
   5.8865493e-05
   5.8553187e-05
   5.8243316e-05
   5.7935855e-05
   5.7630780e-05
   5.7328067e-05
   5.7027693e-05
   5.6729632e-05
   5.6433864e-05
   5.6140363e-05
   5.5849109e-05
   5.5560078e-05
   5.5273248e-05
   5.4988598e-05
   5.4706105e-05
   5.4425749e-05
   5.4147509e-05
   5.3871363e-05
   5.3597292e-05
   5.3325274e-05
   5.3055290e-05
   5.2787319e-05
   5.2521343e-05
   5.2257342e-05
   5.1995297e-05
   5.1735188e-05
   5.1476998e-05
   5.1220707e-05
   5.0966298e-05
   5.0713752e-05
   5.0463051e-05
   5.0214179e-05
   4.9967117e-05
   4.9721848e-05
   4.9478355e-05
   4.9236622e-05
   4.8996632e-05
   4.8758368e-05
   4.8521815e-05
   4.8286955e-05
   4.8053773e-05
   4.7822254e-05
   4.7592383e-05
   4.7364142e-05
   4.7137519e-05
   4.6912496e-05
   4.6689061e-05
   4.6467197e-05
   4.6246891e-05
   4.6028129e-05
   4.5810895e-05
   4.5595176e-05
   4.5380959e-05
   4.5168229e-05
   4.4956973e-05
   4.4747178e-05
   4.4538830e-05
   4.4331917e-05
   4.4126425e-05
   4.3922341e-05
   4.3719653e-05
   4.3518349e-05
   4.3318415e-05
   4.3119841e-05
   4.2922613e-05
   4.2726719e-05
   4.2532148e-05
   4.2338889e-05
   4.2146928e-05
   4.1956256e-05
   4.1766861e-05
   4.1578730e-05
   4.1391855e-05
   4.1206222e-05
   4.1021822e-05
   4.0838644e-05
   4.0656676e-05
   4.0475910e-05
   4.0296333e-05
   4.0117937e-05
   3.9940710e-05
   3.9764642e-05
   3.9589725e-05
   3.9415947e-05
   3.9243299e-05
   3.9071772e-05
   3.8901355e-05
   3.8732039e-05
   3.8563816e-05
   3.8396675e-05
   3.8230608e-05
   3.8065606e-05
   3.7901659e-05
   3.7738758e-05
   3.7576896e-05
   3.7416062e-05
   3.7256249e-05
   3.7097448e-05
   3.6939651e-05
   3.6782849e-05
   3.6627034e-05
   3.6472198e-05
   3.6318332e-05
   3.6165429e-05
   3.6013481e-05
   3.5862480e-05
   3.5712418e-05
   3.5563287e-05
   3.5415081e-05
   3.5267790e-05
   3.5121409e-05
   3.4975929e-05
   3.4831343e-05
   3.4687644e-05
   3.4544825e-05
   3.4402878e-05
   3.4261797e-05
   3.4121575e-05
   3.3982205e-05
   3.3843679e-05
   3.3705992e-05
   3.3569136e-05
   3.3433105e-05
   3.3297893e-05
   3.3163492e-05
   3.3029897e-05
   3.2897101e-05
   3.2765098e-05
   3.2633882e-05
   3.2503445e-05
   3.2373783e-05
   3.2244889e-05
   3.2116758e-05
   3.1989383e-05
   3.1862758e-05
   3.1736877e-05
   3.1611735e-05
   3.1487327e-05
   3.1363645e-05
   3.1240686e-05
   3.1118443e-05
   3.0996910e-05
   3.0876083e-05
   3.0755955e-05
   3.0636522e-05
   3.0517778e-05
   3.0399719e-05
   3.0282338e-05
   3.0165630e-05
   3.0049591e-05
   2.9934216e-05
   2.9819499e-05
   2.9705435e-05
   2.9592020e-05
   2.9479249e-05
   2.9367117e-05
   2.9255619e-05
   2.9144750e-05
   2.9034506e-05
   2.8924882e-05
   2.8815873e-05
   2.8707475e-05
   2.8599684e-05
   2.8492494e-05
   2.8385902e-05
   2.8279903e-05
   2.8174492e-05
   2.8069666e-05
   2.7965420e-05
   2.7861750e-05
   2.7758651e-05
   2.7656120e-05
   2.7554153e-05
   2.7452744e-05
   2.7351891e-05
   2.7251589e-05
   2.7151834e-05
   2.7052622e-05
   2.6953950e-05
   2.6855814e-05
   2.6758208e-05
   2.6661131e-05
   2.6564578e-05
   2.6468545e-05
   2.6373029e-05
   2.6278025e-05
   2.6183531e-05
   2.6089543e-05
   2.5996057e-05
   2.5903069e-05
   2.5810577e-05
   2.5718576e-05
   2.5627063e-05
   2.5536034e-05
   2.5445488e-05
   2.5355419e-05
   2.5265824e-05
   2.5176701e-05
   2.5088046e-05
   2.4999856e-05
   2.4912127e-05
   2.4824857e-05
   2.4738041e-05
   2.4651678e-05
   2.4565764e-05
   2.4480295e-05
   2.4395270e-05
   2.4310684e-05
   2.4226535e-05
   2.4142819e-05
   2.4059535e-05
   2.3976678e-05
   2.3894246e-05
   2.3812236e-05
   2.3730646e-05
   2.3649472e-05
   2.3568711e-05
   2.3488362e-05
   2.3408420e-05
   2.3328883e-05
   2.3249749e-05
   2.3171015e-05
   2.3092678e-05
   2.3014736e-05
   2.2937186e-05
   2.2860025e-05
   2.2783250e-05
   2.2706860e-05
   2.2630851e-05
   2.2555222e-05
   2.2479968e-05
   2.2405090e-05
   2.2330582e-05
   2.2256444e-05
   2.2182673e-05
   2.2109266e-05
   2.2036221e-05
   2.1963535e-05
   2.1891207e-05
   2.1819234e-05
   2.1747614e-05
   2.1676344e-05
   2.1605421e-05
   2.1534845e-05
   2.1464613e-05
   2.1394721e-05
   2.1325169e-05
   2.1255954e-05
   2.1187074e-05
   2.1118527e-05
   2.1050310e-05
   2.0982422e-05
   2.0914859e-05
   2.0847622e-05
   2.0780706e-05
   2.0714111e-05
   2.0647834e-05
   2.0581873e-05
   2.0516226e-05
   2.0450891e-05
   2.0385867e-05
   2.0321150e-05
   2.0256740e-05
   2.0192635e-05
   2.0128832e-05
   2.0065329e-05
   2.0002125e-05
   1.9939219e-05
   1.9876607e-05
   1.9814288e-05
   1.9752261e-05
   1.9690523e-05
   1.9629073e-05
   1.9567909e-05
   1.9507029e-05
   1.9446432e-05
   1.9386115e-05
   1.9326077e-05
   1.9266317e-05
   1.9206832e-05
   1.9147621e-05
   1.9088683e-05
   1.9030015e-05
   1.8971616e-05
   1.8913484e-05
   1.8855618e-05
   1.8798016e-05
   1.8740677e-05
   1.8683598e-05
   1.8626779e-05
   1.8570218e-05
   1.8513912e-05
   1.8457862e-05
   1.8402064e-05
   1.8346519e-05
   1.8291223e-05
   1.8236176e-05
   1.8181376e-05
   1.8126822e-05
   1.8072512e-05
   1.8018444e-05
   1.7964619e-05
   1.7911033e-05
   1.7857685e-05
   1.7804575e-05
   1.7751700e-05
   1.7699059e-05
   1.7646652e-05
   1.7594476e-05
   1.7542530e-05
   1.7490813e-05
   1.7439324e-05
   1.7388061e-05
   1.7337022e-05
   1.7286207e-05
   1.7235615e-05
   1.7185243e-05
   1.7135092e-05
   1.7085158e-05
   1.7035442e-05
   1.6985941e-05
   1.6936656e-05
   1.6887583e-05
   1.6838723e-05
   1.6790074e-05
   1.6741635e-05
   1.6693404e-05
   1.6645381e-05
   1.6597564e-05
   1.6549952e-05
   1.6502543e-05
   1.6455338e-05
   1.6408334e-05
   1.6361530e-05
   1.6314926e-05
   1.6268520e-05
   1.6222311e-05
   1.6176298e-05
   1.6130479e-05
   1.6084855e-05
   1.6039423e-05
   1.5994182e-05
   1.5949133e-05
   1.5904272e-05
   1.5859600e-05
   1.5815115e-05
   1.5770817e-05
   1.5726704e-05
   1.5682775e-05
   1.5639029e-05
   1.5595465e-05
   1.5552083e-05
   1.5508881e-05
   1.5465858e-05
   1.5423013e-05
   1.5380345e-05
   1.5337854e-05
   1.5295538e-05
   1.5253396e-05
   1.5211427e-05
   1.5169631e-05
   1.5128007e-05
   1.5086553e-05
   1.5045269e-05
   1.5004153e-05
   1.4963205e-05
   1.4922424e-05
   1.4881809e-05
   1.4841359e-05
   1.4801074e-05
   1.4760951e-05
   1.4720991e-05
   1.4681193e-05
   1.4641555e-05
   1.4602077e-05
   1.4562758e-05
   1.4523598e-05
   1.4484594e-05
   1.4445747e-05
   1.4407055e-05
   1.4368519e-05
   1.4330136e-05
   1.4291906e-05
   1.4253829e-05
   1.4215903e-05
   1.4178128e-05
   1.4140503e-05
   1.4103027e-05
   1.4065700e-05
   1.4028520e-05
   1.3991486e-05
   1.3954599e-05
   1.3917857e-05
   1.3881260e-05
   1.3844806e-05
   1.3808495e-05
   1.3772327e-05
   1.3736300e-05
   1.3700414e-05
   1.3664668e-05
   1.3629061e-05
   1.3593593e-05
   1.3558263e-05
   1.3523070e-05
   1.3488013e-05
   1.3453092e-05
   1.3418307e-05
   1.3383655e-05
   1.3349137e-05
   1.3314753e-05
   1.3280500e-05
   1.3246380e-05
   1.3212390e-05
   1.3178531e-05
   1.3144801e-05
   1.3111200e-05
   1.3077727e-05
   1.3044383e-05
   1.3011165e-05
   1.2978074e-05
   1.2945108e-05
   1.2912267e-05
   1.2879551e-05
   1.2846959e-05
   1.2814490e-05
   1.2782144e-05
   1.2749920e-05
   1.2717817e-05
   1.2685835e-05
   1.2653973e-05
   1.2622230e-05
   1.2590607e-05
   1.2559102e-05
   1.2527715e-05
   1.2496445e-05
   1.2465291e-05
   1.2434254e-05
   1.2403332e-05
   1.2372525e-05
   1.2341833e-05
   1.2311254e-05
   1.2280789e-05
   1.2250436e-05
   1.2220195e-05
   1.2190066e-05
   1.2160048e-05
   1.2130140e-05
   1.2100342e-05
   1.2070654e-05
   1.2041074e-05
   1.2011603e-05
   1.1982240e-05
   1.1952984e-05
   1.1923835e-05
   1.1894792e-05
   1.1865854e-05
   1.1837022e-05
   1.1808295e-05
   1.1779671e-05
   1.1751152e-05
   1.1722736e-05
   1.1694422e-05
   1.1666211e-05
   1.1638101e-05
   1.1610093e-05
   1.1582185e-05
   1.1554378e-05
   1.1526670e-05
   1.1499062e-05
   1.1471552e-05
   1.1444141e-05
   1.1416828e-05
   1.1389613e-05
   1.1362494e-05
   1.1335472e-05
   1.1308545e-05
   1.1281715e-05
   1.1254980e-05
   1.1228339e-05
   1.1201793e-05
   1.1175340e-05
   1.1148981e-05
   1.1122715e-05
   1.1096541e-05
   1.1070459e-05
   1.1044469e-05
   1.1018570e-05
   1.0992762e-05
   1.0967045e-05
   1.0941417e-05
   1.0915879e-05
   1.0890430e-05
   1.0865070e-05
   1.0839798e-05
   1.0814613e-05
   1.0789517e-05
   1.0764507e-05
   1.0739584e-05
   1.0714748e-05
   1.0689997e-05
   1.0665332e-05
   1.0640751e-05
   1.0616256e-05
   1.0591845e-05
   1.0567517e-05
   1.0543274e-05
   1.0519113e-05
   1.0495035e-05
   1.0471040e-05
   1.0447126e-05
   1.0423295e-05
   1.0399544e-05
   1.0375875e-05
   1.0352286e-05
   1.0328777e-05
   1.0305348e-05
   1.0281999e-05
   1.0258728e-05
   1.0235537e-05
   1.0212424e-05
   1.0189388e-05
   1.0166431e-05
   1.0143551e-05
   1.0120748e-05
   1.0098021e-05
   1.0075371e-05
   1.0052797e-05
   1.0030298e-05
   1.0007875e-05
   9.9855269e-06
   9.9632532e-06
   9.9410538e-06
   9.9189284e-06
   9.8968767e-06
   9.8748982e-06
   9.8529928e-06
   9.8311600e-06
   9.8093996e-06
   9.7877112e-06
   9.7660945e-06
   9.7445492e-06
   9.7230750e-06
   9.7016716e-06
   9.6803386e-06
   9.6590758e-06
   9.6378828e-06
   9.6167594e-06
   9.5957052e-06
   9.5747199e-06
   9.5538033e-06
   9.5329550e-06
   9.5121748e-06
   9.4914623e-06
   9.4708173e-06
   9.4502394e-06
   9.4297284e-06
   9.4092840e-06
   9.3889058e-06
   9.3685937e-06
   9.3483473e-06
   9.3281664e-06
   9.3080506e-06
   9.2879997e-06
   9.2680134e-06
   9.2480914e-06
   9.2282335e-06
   9.2084393e-06
   9.1887087e-06
   9.1690413e-06
   9.1494368e-06
   9.1298951e-06
   9.1104157e-06
   9.0909986e-06
   9.0716433e-06
   9.0523497e-06
   9.0331175e-06
   9.0139464e-06
   8.9948361e-06
   8.9757865e-06
   8.9567971e-06
   8.9378679e-06
   8.9189986e-06
   8.9001888e-06
   8.8814383e-06
   8.8627470e-06
   8.8441145e-06
   8.8255406e-06
   8.8070250e-06
   8.7885675e-06
   8.7701679e-06
   8.7518260e-06
   8.7335414e-06
   8.7153140e-06
   8.6971434e-06
   8.6790296e-06
   8.6609722e-06
   8.6429709e-06
   8.6250257e-06
   8.6071362e-06
   8.5893022e-06
   8.5715235e-06
   8.5537998e-06
   8.5361309e-06
   8.5185167e-06
   8.5009568e-06
   8.4834511e-06
   8.4659993e-06
   8.4486013e-06
   8.4312567e-06
   8.4139654e-06
   8.3967271e-06
   8.3795417e-06
   8.3624089e-06
   8.3453285e-06
   8.3283003e-06
   8.3113240e-06
   8.2943996e-06
   8.2775267e-06
   8.2607051e-06
   8.2439348e-06
   8.2272153e-06
   8.2105466e-06
   8.1939284e-06
   8.1773605e-06
   8.1608427e-06
   8.1443749e-06
   8.1279568e-06
   8.1115882e-06
   8.0952689e-06
   8.0789988e-06
   8.0627775e-06
   8.0466050e-06
   8.0304811e-06
   8.0144054e-06
   7.9983780e-06
   7.9823985e-06
   7.9664667e-06
   7.9505825e-06
   7.9347458e-06
   7.9189562e-06
   7.9032136e-06
   7.8875179e-06
   7.8718688e-06
   7.8562661e-06
   7.8407097e-06
   7.8251995e-06
   7.8097351e-06
   7.7943164e-06
   7.7789433e-06
   7.7636156e-06
   7.7483331e-06
   7.7330956e-06
   7.7179029e-06
   7.7027549e-06
   7.6876513e-06
   7.6725921e-06
   7.6575770e-06
   7.6426059e-06
   7.6276786e-06
   7.6127950e-06
   7.5979547e-06
   7.5831578e-06
   7.5684040e-06
   7.5536931e-06
   7.5390251e-06
   7.5243996e-06
   7.5098166e-06
   7.4952759e-06
   7.4807774e-06
   7.4663208e-06
   7.4519060e-06
   7.4375329e-06
   7.4232012e-06
