   1.2901532e-06
   1.9338849e-05
   1.4069392e-04
  -6.1549758e-04
  -3.0205088e-04
   2.3653021e-04
   5.9563721e-04
   7.1738439e-04
   6.6158640e-04
   5.0347472e-04
   3.0218523e-04
   9.6475485e-05
  -9.1403772e-05
  -2.5062693e-04
  -3.7757803e-04
  -4.7284270e-04
  -5.3922468e-04
  -5.8050862e-04
  -6.0072752e-04
  -6.0375587e-04
  -5.9310543e-04
  -5.7184262e-04
  -5.4257590e-04
  -5.0748080e-04
  -4.6834296e-04
  -4.2660788e-04
  -3.8343065e-04
  -3.3972239e-04
  -2.9619175e-04
  -2.5338106e-04
  -2.1169719e-04
  -1.7143749e-04
  -1.3281147e-04
  -9.5958627e-05
  -6.0963191e-05
  -2.7866061e-05
   3.3254383e-06
   3.2629692e-05
   6.0084449e-05
   8.5741748e-05
   1.0966386e-04
   1.3192006e-04
   1.5258412e-04
   1.7173227e-04
   1.8944172e-04
   2.0578939e-04
   2.2085109e-04
   2.3470079e-04
   2.4741018e-04
   2.5904827e-04
   2.6968121e-04
   2.7937216e-04
   2.8818118e-04
   2.9616524e-04
   3.0337826e-04
   3.0987117e-04
   3.1569195e-04
   3.2088582e-04
   3.2549525e-04
   3.2956014e-04
   3.3311795e-04
   3.3620377e-04
   3.3885050e-04
   3.4108893e-04
   3.4294790e-04
   3.4445437e-04
   3.4563355e-04
   3.4650904e-04
   3.4710286e-04
   3.4743560e-04
   3.4752651e-04
   3.4739355e-04
   3.4705351e-04
   3.4652205e-04
   3.4581381e-04
   3.4494245e-04
   3.4392073e-04
   3.4276054e-04
   3.4147301e-04
   3.4006850e-04
   3.3855670e-04
   3.3694662e-04
   3.3524671e-04
   3.3346482e-04
   3.3160829e-04
   3.2968396e-04
   3.2769822e-04
   3.2565701e-04
   3.2356588e-04
   3.2143002e-04
   3.1925424e-04
   3.1704303e-04
   3.1480059e-04
   3.1253081e-04
   3.1023734e-04
   3.0792354e-04
   3.0559258e-04
   3.0324737e-04
   3.0089065e-04
   2.9852495e-04
   2.9615261e-04
   2.9377583e-04
   2.9139663e-04
   2.8901689e-04
   2.8663837e-04
   2.8426267e-04
   2.8189130e-04
   2.7952563e-04
   2.7716695e-04
   2.7481644e-04
   2.7247518e-04
   2.7014418e-04
   2.6782436e-04
   2.6551656e-04
   2.6322156e-04
   2.6094007e-04
   2.5867274e-04
   2.5642016e-04
   2.5418287e-04
   2.5196135e-04
   2.4975604e-04
   2.4756734e-04
   2.4539559e-04
   2.4324113e-04
   2.4110421e-04
   2.3898510e-04
   2.3688400e-04
   2.3480110e-04
   2.3273655e-04
   2.3069050e-04
   2.2866305e-04
   2.2665428e-04
   2.2466426e-04
   2.2269304e-04
   2.2074065e-04
   2.1880710e-04
   2.1689238e-04
   2.1499648e-04
   2.1311937e-04
   2.1126101e-04
   2.0942134e-04
   2.0760029e-04
   2.0579780e-04
   2.0401378e-04
   2.0224813e-04
   2.0050076e-04
   1.9877156e-04
   1.9706043e-04
   1.9536723e-04
   1.9369184e-04
   1.9203415e-04
   1.9039400e-04
   1.8877128e-04
   1.8716583e-04
   1.8557751e-04
   1.8400617e-04
   1.8245167e-04
   1.8091385e-04
   1.7939256e-04
   1.7788764e-04
   1.7639894e-04
   1.7492629e-04
   1.7346954e-04
   1.7202853e-04
   1.7060310e-04
   1.6919308e-04
   1.6779831e-04
   1.6641863e-04
   1.6505389e-04
   1.6370391e-04
   1.6236853e-04
   1.6104760e-04
   1.5974096e-04
   1.5844843e-04
   1.5716987e-04
   1.5590512e-04
   1.5465401e-04
   1.5341640e-04
   1.5219211e-04
   1.5098101e-04
   1.4978293e-04
   1.4859772e-04
   1.4742523e-04
   1.4626531e-04
   1.4511781e-04
   1.4398258e-04
   1.4285947e-04
   1.4174834e-04
   1.4064904e-04
   1.3956144e-04
   1.3848539e-04
   1.3742074e-04
   1.3636737e-04
   1.3532513e-04
   1.3429389e-04
   1.3327351e-04
   1.3226387e-04
   1.3126482e-04
   1.3027624e-04
   1.2929801e-04
   1.2832998e-04
   1.2737205e-04
   1.2642408e-04
   1.2548595e-04
   1.2455755e-04
   1.2363874e-04
   1.2272942e-04
   1.2182946e-04
   1.2093875e-04
   1.2005718e-04
   1.1918464e-04
   1.1832100e-04
   1.1746617e-04
   1.1662004e-04
   1.1578249e-04
   1.1495343e-04
   1.1413274e-04
   1.1332033e-04
   1.1251609e-04
   1.1171993e-04
   1.1093174e-04
   1.1015143e-04
   1.0937890e-04
   1.0861405e-04
   1.0785679e-04
   1.0710704e-04
   1.0636469e-04
   1.0562966e-04
   1.0490185e-04
   1.0418119e-04
   1.0346758e-04
   1.0276094e-04
   1.0206118e-04
   1.0136822e-04
   1.0068199e-04
   1.0000239e-04
   9.9329343e-05
   9.8662780e-05
   9.8002618e-05
   9.7348780e-05
   9.6701192e-05
   9.6059777e-05
   9.5424463e-05
   9.4795177e-05
   9.4171847e-05
   9.3554403e-05
   9.2942774e-05
   9.2336892e-05
   9.1736689e-05
   9.1142098e-05
   9.0553053e-05
   8.9969488e-05
   8.9391340e-05
   8.8818545e-05
   8.8251041e-05
   8.7688765e-05
   8.7131656e-05
   8.6579656e-05
   8.6032703e-05
   8.5490741e-05
   8.4953711e-05
   8.4421556e-05
   8.3894220e-05
   8.3371647e-05
   8.2853784e-05
   8.2340576e-05
   8.1831970e-05
   8.1327913e-05
   8.0828353e-05
   8.0333240e-05
   7.9842523e-05
   7.9356152e-05
   7.8874078e-05
   7.8396253e-05
   7.7922628e-05
   7.7453158e-05
   7.6987794e-05
   7.6526492e-05
   7.6069205e-05
   7.5615889e-05
   7.5166501e-05
   7.4720996e-05
   7.4279331e-05
   7.3841464e-05
   7.3407353e-05
   7.2976957e-05
   7.2550234e-05
   7.2127146e-05
   7.1707651e-05
   7.1291711e-05
   7.0879287e-05
   7.0470341e-05
   7.0064835e-05
   6.9662731e-05
   6.9263994e-05
   6.8868587e-05
   6.8476473e-05
   6.8087619e-05
   6.7701988e-05
   6.7319546e-05
   6.6940259e-05
   6.6564095e-05
   6.6191018e-05
   6.5820998e-05
   6.5454001e-05
   6.5089996e-05
   6.4728951e-05
   6.4370835e-05
   6.4015617e-05
   6.3663267e-05
   6.3313755e-05
   6.2967052e-05
   6.2623128e-05
   6.2281954e-05
   6.1943503e-05
   6.1607745e-05
   6.1274653e-05
   6.0944200e-05
   6.0616359e-05
   6.0291102e-05
   5.9968404e-05
   5.9648238e-05
   5.9330578e-05
   5.9015400e-05
   5.8702677e-05
   5.8392386e-05
   5.8084501e-05
   5.7778999e-05
   5.7475855e-05
   5.7175045e-05
   5.6876548e-05
   5.6580338e-05
   5.6286394e-05
   5.5994693e-05
   5.5705212e-05
   5.5417931e-05
   5.5132826e-05
   5.4849877e-05
   5.4569062e-05
   5.4290361e-05
   5.4013752e-05
   5.3739216e-05
   5.3466732e-05
   5.3196280e-05
   5.2927840e-05
   5.2661392e-05
   5.2396919e-05
   5.2134400e-05
   5.1873816e-05
   5.1615150e-05
   5.1358382e-05
   5.1103495e-05
   5.0850470e-05
   5.0599290e-05
   5.0349938e-05
   5.0102395e-05
   4.9856645e-05
   4.9612670e-05
   4.9370455e-05
   4.9129982e-05
   4.8891236e-05
   4.8654199e-05
   4.8418856e-05
   4.8185191e-05
   4.7953189e-05
   4.7722834e-05
   4.7494111e-05
   4.7267004e-05
   4.7041499e-05
   4.6817581e-05
   4.6595235e-05
   4.6374447e-05
   4.6155203e-05
   4.5937488e-05
   4.5721289e-05
   4.5506591e-05
   4.5293382e-05
   4.5081647e-05
   4.4871374e-05
   4.4662548e-05
   4.4455158e-05
   4.4249189e-05
   4.4044630e-05
   4.3841468e-05
   4.3639689e-05
   4.3439283e-05
   4.3240236e-05
   4.3042537e-05
   4.2846173e-05
   4.2651133e-05
   4.2457406e-05
   4.2264978e-05
   4.2073840e-05
   4.1883979e-05
   4.1695385e-05
   4.1508047e-05
   4.1321952e-05
   4.1137092e-05
   4.0953454e-05
   4.0771029e-05
   4.0589806e-05
   4.0409774e-05
   4.0230923e-05
   4.0053243e-05
   3.9876724e-05
   3.9701356e-05
   3.9527129e-05
   3.9354034e-05
   3.9182060e-05
   3.9011198e-05
   3.8841439e-05
   3.8672774e-05
   3.8505192e-05
   3.8338686e-05
   3.8173245e-05
   3.8008862e-05
   3.7845526e-05
   3.7683230e-05
   3.7521964e-05
   3.7361721e-05
   3.7202491e-05
   3.7044266e-05
   3.6887038e-05
   3.6730798e-05
   3.6575539e-05
   3.6421251e-05
   3.6267929e-05
   3.6115562e-05
   3.5964144e-05
   3.5813666e-05
   3.5664122e-05
   3.5515503e-05
   3.5367802e-05
   3.5221011e-05
   3.5075123e-05
   3.4930131e-05
   3.4786028e-05
   3.4642805e-05
   3.4500457e-05
   3.4358977e-05
   3.4218356e-05
   3.4078589e-05
   3.3939668e-05
   3.3801588e-05
   3.3664340e-05
   3.3527919e-05
   3.3392318e-05
   3.3257530e-05
   3.3123549e-05
   3.2990369e-05
   3.2857983e-05
   3.2726386e-05
   3.2595570e-05
   3.2465531e-05
   3.2336261e-05
   3.2207755e-05
   3.2080006e-05
   3.1953010e-05
   3.1826759e-05
   3.1701249e-05
   3.1576474e-05
   3.1452428e-05
   3.1329104e-05
   3.1206499e-05
   3.1084606e-05
   3.0963420e-05
   3.0842935e-05
   3.0723146e-05
   3.0604048e-05
   3.0485636e-05
   3.0367903e-05
   3.0250846e-05
   3.0134459e-05
   3.0018737e-05
   2.9903675e-05
   2.9789268e-05
   2.9675511e-05
   2.9562400e-05
   2.9449928e-05
   2.9338093e-05
   2.9226888e-05
   2.9116309e-05
   2.9006352e-05
   2.8897012e-05
   2.8788284e-05
   2.8680164e-05
   2.8572647e-05
   2.8465730e-05
   2.8359407e-05
   2.8253673e-05
   2.8148526e-05
   2.8043960e-05
   2.7939972e-05
   2.7836557e-05
   2.7733710e-05
   2.7631429e-05
   2.7529708e-05
   2.7428543e-05
   2.7327932e-05
   2.7227869e-05
   2.7128350e-05
   2.7029373e-05
   2.6930932e-05
   2.6833024e-05
   2.6735646e-05
   2.6638793e-05
   2.6542461e-05
   2.6446648e-05
   2.6351349e-05
   2.6256561e-05
   2.6162279e-05
   2.6068501e-05
   2.5975223e-05
   2.5882442e-05
   2.5790153e-05
   2.5698354e-05
   2.5607041e-05
   2.5516211e-05
   2.5425859e-05
   2.5335984e-05
   2.5246581e-05
   2.5157648e-05
   2.5069180e-05
   2.4981176e-05
   2.4893631e-05
   2.4806543e-05
   2.4719907e-05
   2.4633722e-05
   2.4547985e-05
   2.4462691e-05
   2.4377838e-05
   2.4293423e-05
   2.4209443e-05
   2.4125896e-05
   2.4042777e-05
   2.3960084e-05
   2.3877815e-05
   2.3795967e-05
   2.3714535e-05
   2.3633519e-05
   2.3552914e-05
   2.3472719e-05
   2.3392930e-05
   2.3313545e-05
   2.3234561e-05
   2.3155976e-05
   2.3077786e-05
   2.2999989e-05
   2.2922583e-05
   2.2845564e-05
   2.2768931e-05
   2.2692680e-05
   2.2616810e-05
   2.2541317e-05
   2.2466200e-05
   2.2391455e-05
   2.2317081e-05
   2.2243074e-05
   2.2169433e-05
   2.2096155e-05
   2.2023238e-05
   2.1950679e-05
   2.1878477e-05
   2.1806627e-05
   2.1735130e-05
   2.1663981e-05
   2.1593180e-05
   2.1522723e-05
   2.1452608e-05
   2.1382834e-05
   2.1313398e-05
   2.1244297e-05
   2.1175531e-05
   2.1107096e-05
   2.1038990e-05
   2.0971212e-05
   2.0903759e-05
   2.0836630e-05
   2.0769821e-05
   2.0703332e-05
   2.0637160e-05
   2.0571303e-05
   2.0505759e-05
   2.0440526e-05
   2.0375603e-05
   2.0310987e-05
   2.0246676e-05
   2.0182668e-05
   2.0118963e-05
   2.0055556e-05
   1.9992448e-05
   1.9929636e-05
   1.9867117e-05
   1.9804891e-05
   1.9742956e-05
   1.9681309e-05
   1.9619949e-05
   1.9558874e-05
   1.9498082e-05
   1.9437573e-05
   1.9377343e-05
   1.9317391e-05
   1.9257716e-05
   1.9198315e-05
   1.9139188e-05
   1.9080332e-05
   1.9021746e-05
   1.8963428e-05
   1.8905377e-05
   1.8847590e-05
   1.8790067e-05
   1.8732806e-05
   1.8675805e-05
   1.8619062e-05
   1.8562577e-05
   1.8506347e-05
   1.8450371e-05
   1.8394647e-05
   1.8339174e-05
   1.8283951e-05
   1.8228976e-05
   1.8174247e-05
   1.8119764e-05
   1.8065523e-05
   1.8011525e-05
   1.7957768e-05
   1.7904250e-05
   1.7850970e-05
   1.7797926e-05
   1.7745117e-05
   1.7692542e-05
   1.7640199e-05
   1.7588088e-05
   1.7536206e-05
   1.7484552e-05
   1.7433125e-05
   1.7381923e-05
   1.7330946e-05
   1.7280192e-05
   1.7229660e-05
   1.7179348e-05
   1.7129255e-05
   1.7079381e-05
   1.7029722e-05
   1.6980279e-05
   1.6931051e-05
   1.6882035e-05
   1.6833231e-05
   1.6784637e-05
   1.6736253e-05
   1.6688076e-05
   1.6640107e-05
   1.6592343e-05
   1.6544784e-05
   1.6497429e-05
   1.6450275e-05
   1.6403323e-05
   1.6356570e-05
   1.6310016e-05
   1.6263661e-05
   1.6217501e-05
   1.6171537e-05
   1.6125768e-05
   1.6080192e-05
   1.6034808e-05
   1.5989615e-05
   1.5944612e-05
   1.5899798e-05
   1.5855172e-05
   1.5810733e-05
   1.5766480e-05
   1.5722412e-05
   1.5678528e-05
   1.5634826e-05
   1.5591307e-05
   1.5547968e-05
   1.5504808e-05
   1.5461828e-05
   1.5419025e-05
   1.5376400e-05
   1.5333950e-05
   1.5291675e-05
   1.5249574e-05
   1.5207646e-05
   1.5165890e-05
   1.5124305e-05
   1.5082891e-05
   1.5041645e-05
   1.5000569e-05
   1.4959659e-05
   1.4918916e-05
   1.4878339e-05
   1.4837926e-05
   1.4797678e-05
   1.4757592e-05
   1.4717668e-05
   1.4677906e-05
   1.4638304e-05
   1.4598861e-05
   1.4559577e-05
   1.4520451e-05
   1.4481482e-05
   1.4442669e-05
   1.4404012e-05
   1.4365509e-05
   1.4327159e-05
   1.4288963e-05
   1.4250918e-05
   1.4213025e-05
   1.4175282e-05
   1.4137689e-05
   1.4100244e-05
   1.4062948e-05
   1.4025799e-05
   1.3988796e-05
   1.3951940e-05
   1.3915228e-05
   1.3878660e-05
   1.3842236e-05
   1.3805955e-05
   1.3769816e-05
   1.3733818e-05
   1.3697960e-05
   1.3662243e-05
   1.3626664e-05
   1.3591224e-05
   1.3555921e-05
   1.3520756e-05
   1.3485726e-05
   1.3450833e-05
   1.3416074e-05
   1.3381449e-05
   1.3346957e-05
   1.3312599e-05
   1.3278372e-05
   1.3244277e-05
   1.3210313e-05
   1.3176478e-05
   1.3142774e-05
   1.3109197e-05
   1.3075750e-05
   1.3042429e-05
   1.3009235e-05
   1.2976168e-05
   1.2943226e-05
   1.2910409e-05
   1.2877716e-05
   1.2845147e-05
   1.2812701e-05
   1.2780377e-05
   1.2748175e-05
   1.2716095e-05
   1.2684135e-05
   1.2652295e-05
   1.2620574e-05
   1.2588972e-05
   1.2557489e-05
   1.2526123e-05
   1.2494874e-05
   1.2463741e-05
   1.2432724e-05
   1.2401823e-05
   1.2371036e-05
   1.2340364e-05
   1.2309805e-05
   1.2279359e-05
   1.2249026e-05
   1.2218805e-05
   1.2188695e-05
   1.2158696e-05
   1.2128807e-05
   1.2099028e-05
   1.2069358e-05
   1.2039797e-05
   1.2010344e-05
   1.1980999e-05
   1.1951761e-05
   1.1922630e-05
   1.1893604e-05
   1.1864684e-05
   1.1835870e-05
   1.1807159e-05
   1.1778553e-05
   1.1750051e-05
   1.1721651e-05
   1.1693354e-05
   1.1665159e-05
   1.1637066e-05
   1.1609074e-05
   1.1581182e-05
   1.1553391e-05
   1.1525699e-05
   1.1498106e-05
   1.1470613e-05
   1.1443217e-05
   1.1415919e-05
   1.1388719e-05
   1.1361615e-05
   1.1334607e-05
   1.1307696e-05
   1.1280880e-05
   1.1254159e-05
   1.1227533e-05
   1.1201001e-05
   1.1174562e-05
   1.1148217e-05
   1.1121965e-05
   1.1095805e-05
   1.1069737e-05
   1.1043761e-05
   1.1017875e-05
   1.0992081e-05
   1.0966376e-05
   1.0940762e-05
   1.0915236e-05
   1.0889800e-05
   1.0864453e-05
   1.0839193e-05
   1.0814022e-05
   1.0788937e-05
   1.0763940e-05
   1.0739029e-05
   1.0714205e-05
   1.0689466e-05
   1.0664813e-05
   1.0640244e-05
   1.0615760e-05
   1.0591361e-05
   1.0567045e-05
   1.0542813e-05
   1.0518663e-05
   1.0494597e-05
   1.0470613e-05
   1.0446710e-05
   1.0422889e-05
   1.0399150e-05
   1.0375491e-05
   1.0351913e-05
   1.0328415e-05
   1.0304996e-05
   1.0281657e-05
   1.0258397e-05
   1.0235216e-05
   1.0212113e-05
   1.0189087e-05
   1.0166140e-05
   1.0143270e-05
   1.0120476e-05
   1.0097759e-05
   1.0075119e-05
   1.0052554e-05
   1.0030065e-05
   1.0007651e-05
   9.9853122e-06
   9.9630477e-06
   9.9408575e-06
   9.9187411e-06
   9.8966983e-06
   9.8747288e-06
   9.8528321e-06
   9.8310081e-06
   9.8092563e-06
   9.7875765e-06
   9.7659683e-06
   9.7444315e-06
   9.7229656e-06
   9.7015705e-06
   9.6802457e-06
   9.6589910e-06
   9.6378061e-06
   9.6166907e-06
   9.5956444e-06
   9.5746671e-06
   9.5537582e-06
   9.5329177e-06
   9.5121451e-06
   9.4914402e-06
   9.4708027e-06
   9.4502323e-06
   9.4297287e-06
   9.4092916e-06
   9.3889208e-06
   9.3686159e-06
   9.3483766e-06
   9.3282028e-06
   9.3080940e-06
   9.2880500e-06
   9.2680706e-06
   9.2481555e-06
   9.2283044e-06
   9.2085169e-06
   9.1887929e-06
   9.1691321e-06
   9.1495342e-06
   9.1299990e-06
   9.1105261e-06
   9.0911153e-06
   9.0717664e-06
   9.0524790e-06
   9.0332530e-06
   9.0140880e-06
   8.9949839e-06
   8.9759403e-06
   8.9569569e-06
   8.9380337e-06
   8.9191702e-06
   8.9003662e-06
   8.8816216e-06
   8.8629359e-06
   8.8443091e-06
   8.8257408e-06
   8.8072308e-06
   8.7887789e-06
   8.7703848e-06
   8.7520483e-06
   8.7337691e-06
   8.7155470e-06
   8.6973817e-06
   8.6792731e-06
   8.6612209e-06
   8.6432248e-06
   8.6252847e-06
   8.6074002e-06
   8.5895712e-06
   8.5717975e-06
   8.5540787e-06
   8.5364147e-06
   8.5188053e-06
   8.5012502e-06
   8.4837493e-06
   8.4663022e-06
   8.4489088e-06
   8.4315688e-06
   8.4142821e-06
   8.3970483e-06
   8.3798674e-06
   8.3627390e-06
   8.3456630e-06
   8.3286392e-06
   8.3116673e-06
   8.2947471e-06
   8.2778785e-06
   8.2610612e-06
   8.2442950e-06
   8.2275796e-06
   8.2109150e-06
   8.1943009e-06
   8.1777370e-06
   8.1612232e-06
   8.1447593e-06
   8.1283451e-06
   8.1119804e-06
   8.0956650e-06
   8.0793986e-06
   8.0631811e-06
   8.0470124e-06
   8.0308921e-06
   8.0148201e-06
   7.9987963e-06
   7.9828204e-06
   7.9668922e-06
   7.9510115e-06
   7.9351782e-06
   7.9193921e-06
   7.9036530e-06
   7.8879606e-06
   7.8723149e-06
   7.8567156e-06
   7.8411625e-06
   7.8256555e-06
   7.8101943e-06
   7.7947789e-06
   7.7794090e-06
   7.7640844e-06
   7.7488050e-06
   7.7335705e-06
   7.7183809e-06
   7.7032359e-06
   7.6881353e-06
   7.6730791e-06
   7.6580670e-06
   7.6430988e-06
   7.6281743e-06
   7.6132935e-06
   7.5984561e-06
   7.5836620e-06
   7.5689109e-06
   7.5542028e-06
   7.5395374e-06
   7.5249147e-06
   7.5103343e-06
   7.4957963e-06
   7.4813003e-06
   7.4668463e-06
   7.4524341e-06
   7.4380634e-06
   7.4237343e-06
   7.4094464e-06
   7.3951997e-06
   7.3809940e-06
