  -2.3668998e-09
   9.0520210e-06
  -4.7299373e-05
   6.7708741e-05
  -1.5622028e-05
  -5.8123947e-05
  -4.0413926e-05
   2.7438321e-06
   4.4954735e-05
   7.4558761e-05
   8.9189638e-05
   9.0749324e-05
   8.2491624e-05
   6.7649930e-05
   4.8921258e-05
   2.8359522e-05
   7.4368790e-06
  -1.2843389e-05
  -3.1832925e-05
  -4.9141523e-05
  -6.4561400e-05
  -7.8010579e-05
  -8.9491794e-05
  -9.9063231e-05
  -1.0681799e-04
  -1.1286982e-04
  -1.1734338e-04
  -1.2036753e-04
  -1.2207091e-04
  -1.2257902e-04
  -1.2201234e-04
  -1.2048517e-04
  -1.1810502e-04
  -1.1497230e-04
  -1.1118027e-04
  -1.0681515e-04
  -1.0195631e-04
  -9.6676577e-05
  -9.1042523e-05
  -8.5114828e-05
  -7.8948632e-05
  -7.2593887e-05
  -6.6095714e-05
  -5.9494740e-05
  -5.2827430e-05
  -4.6126406e-05
  -3.9420742e-05
  -3.2736252e-05
  -2.6095756e-05
  -1.9519334e-05
  -1.3024556e-05
  -6.6267074e-06
  -3.3898962e-07
   5.8272887e-06
   1.1862536e-05
   1.7758717e-05
   2.3509198e-05
   2.9108613e-05
   3.4552736e-05
   3.9838361e-05
   4.4963197e-05
   4.9925771e-05
   5.4725333e-05
   5.9361781e-05
   6.3835580e-05
   6.8147699e-05
   7.2299543e-05
   7.6292903e-05
   8.0129900e-05
   8.3812942e-05
   8.7344681e-05
   9.0727975e-05
   9.3965854e-05
   9.7061490e-05
   1.0001817e-04
   1.0283927e-04
   1.0552823e-04
   1.0808854e-04
   1.1052373e-04
   1.1283734e-04
   1.1503290e-04
   1.1711394e-04
   1.1908396e-04
   1.2094645e-04
   1.2270485e-04
   1.2436254e-04
   1.2592286e-04
   1.2738911e-04
   1.2876451e-04
   1.3005220e-04
   1.3125530e-04
   1.3237682e-04
   1.3341971e-04
   1.3438685e-04
   1.3528106e-04
   1.3610504e-04
   1.3686148e-04
   1.3755293e-04
   1.3818193e-04
   1.3875089e-04
   1.3926217e-04
   1.3971808e-04
   1.4012081e-04
   1.4047253e-04
   1.4077531e-04
   1.4103115e-04
   1.4124200e-04
   1.4140975e-04
   1.4153620e-04
   1.4162311e-04
   1.4167217e-04
   1.4168502e-04
   1.4166323e-04
   1.4160833e-04
   1.4152177e-04
   1.4140498e-04
   1.4125932e-04
   1.4108609e-04
   1.4088658e-04
   1.4066198e-04
   1.4041349e-04
   1.4014222e-04
   1.3984927e-04
   1.3953568e-04
   1.3920246e-04
   1.3885057e-04
   1.3848096e-04
   1.3809451e-04
   1.3769209e-04
   1.3727452e-04
   1.3684261e-04
   1.3639711e-04
   1.3593876e-04
   1.3546828e-04
   1.3498633e-04
   1.3449357e-04
   1.3399063e-04
   1.3347811e-04
   1.3295658e-04
   1.3242659e-04
   1.3188869e-04
   1.3134337e-04
   1.3079114e-04
   1.3023245e-04
   1.2966776e-04
   1.2909751e-04
   1.2852210e-04
   1.2794193e-04
   1.2735738e-04
   1.2676882e-04
   1.2617660e-04
   1.2558105e-04
   1.2498249e-04
   1.2438124e-04
   1.2377757e-04
   1.2317178e-04
   1.2256414e-04
   1.2195490e-04
   1.2134431e-04
   1.2073260e-04
   1.2012000e-04
   1.1950673e-04
   1.1889299e-04
   1.1827898e-04
   1.1766489e-04
   1.1705089e-04
   1.1643716e-04
   1.1582386e-04
   1.1521115e-04
   1.1459917e-04
   1.1398807e-04
   1.1337798e-04
   1.1276903e-04
   1.1216135e-04
   1.1155504e-04
   1.1095023e-04
   1.1034701e-04
   1.0974549e-04
   1.0914575e-04
   1.0854790e-04
   1.0795201e-04
   1.0735817e-04
   1.0676646e-04
   1.0617694e-04
   1.0558968e-04
   1.0500475e-04
   1.0442222e-04
   1.0384213e-04
   1.0326454e-04
   1.0268951e-04
   1.0211708e-04
   1.0154729e-04
   1.0098019e-04
   1.0041582e-04
   9.9854214e-05
   9.9295404e-05
   9.8739424e-05
   9.8186303e-05
   9.7636068e-05
   9.7088744e-05
   9.6544355e-05
   9.6002921e-05
   9.5464461e-05
   9.4928993e-05
   9.4396534e-05
   9.3867095e-05
   9.3340691e-05
   9.2817332e-05
   9.2297027e-05
   9.1779785e-05
   9.1265612e-05
   9.0754514e-05
   9.0246496e-05
   8.9741560e-05
   8.9239709e-05
   8.8740943e-05
   8.8245262e-05
   8.7752666e-05
   8.7263153e-05
   8.6776719e-05
   8.6293362e-05
   8.5813077e-05
   8.5335859e-05
   8.4861701e-05
   8.4390598e-05
   8.3922541e-05
   8.3457524e-05
   8.2995538e-05
   8.2536573e-05
   8.2080621e-05
   8.1627671e-05
   8.1177712e-05
   8.0730734e-05
   8.0286726e-05
   7.9845675e-05
   7.9407569e-05
   7.8972395e-05
   7.8540141e-05
   7.8110794e-05
   7.7684339e-05
   7.7260764e-05
   7.6840053e-05
   7.6422193e-05
   7.6007169e-05
   7.5594966e-05
   7.5185569e-05
   7.4778962e-05
   7.4375131e-05
   7.3974060e-05
   7.3575732e-05
   7.3180133e-05
   7.2787246e-05
   7.2397055e-05
   7.2009544e-05
   7.1624696e-05
   7.1242496e-05
   7.0862925e-05
   7.0485969e-05
   7.0111610e-05
   6.9739832e-05
   6.9370617e-05
   6.9003950e-05
   6.8639812e-05
   6.8278189e-05
   6.7919062e-05
   6.7562414e-05
   6.7208230e-05
   6.6856492e-05
   6.6507182e-05
   6.6160285e-05
   6.5815784e-05
   6.5473662e-05
   6.5133901e-05
   6.4796485e-05
   6.4461398e-05
   6.4128623e-05
   6.3798143e-05
   6.3469941e-05
   6.3144002e-05
   6.2820308e-05
   6.2498843e-05
   6.2179591e-05
   6.1862535e-05
   6.1547660e-05
   6.1234948e-05
   6.0924384e-05
   6.0615952e-05
   6.0309637e-05
   6.0005421e-05
   5.9703289e-05
   5.9403225e-05
   5.9105215e-05
   5.8809241e-05
   5.8515289e-05
   5.8223344e-05
   5.7933389e-05
   5.7645410e-05
   5.7359392e-05
   5.7075319e-05
   5.6793177e-05
   5.6512950e-05
   5.6234625e-05
   5.5958185e-05
   5.5683617e-05
   5.5410906e-05
   5.5140038e-05
   5.4870998e-05
   5.4603772e-05
   5.4338347e-05
   5.4074707e-05
   5.3812839e-05
   5.3552729e-05
   5.3294364e-05
   5.3037730e-05
   5.2782813e-05
   5.2529599e-05
   5.2278077e-05
   5.2028231e-05
   5.1780050e-05
   5.1533519e-05
   5.1288626e-05
   5.1045359e-05
   5.0803704e-05
   5.0563649e-05
   5.0325181e-05
   5.0088287e-05
   4.9852956e-05
   4.9619175e-05
   4.9386932e-05
   4.9156214e-05
   4.8927010e-05
   4.8699308e-05
   4.8473096e-05
   4.8248362e-05
   4.8025095e-05
   4.7803283e-05
   4.7582914e-05
   4.7363978e-05
   4.7146463e-05
   4.6930358e-05
   4.6715651e-05
   4.6502333e-05
   4.6290391e-05
   4.6079816e-05
   4.5870596e-05
   4.5662721e-05
   4.5456180e-05
   4.5250963e-05
   4.5047059e-05
   4.4844459e-05
   4.4643151e-05
   4.4443127e-05
   4.4244375e-05
   4.4046886e-05
   4.3850650e-05
   4.3655658e-05
   4.3461899e-05
   4.3269364e-05
   4.3078043e-05
   4.2887928e-05
   4.2699008e-05
   4.2511274e-05
   4.2324718e-05
   4.2139329e-05
   4.1955100e-05
   4.1772021e-05
   4.1590082e-05
   4.1409276e-05
   4.1229593e-05
   4.1051025e-05
   4.0873564e-05
   4.0697200e-05
   4.0521925e-05
   4.0347732e-05
   4.0174611e-05
   4.0002554e-05
   3.9831553e-05
   3.9661600e-05
   3.9492688e-05
   3.9324807e-05
   3.9157951e-05
   3.8992111e-05
   3.8827280e-05
   3.8663450e-05
   3.8500613e-05
   3.8338762e-05
   3.8177889e-05
   3.8017987e-05
   3.7859048e-05
   3.7701066e-05
   3.7544032e-05
   3.7387941e-05
   3.7232784e-05
   3.7078554e-05
   3.6925246e-05
   3.6772851e-05
   3.6621363e-05
   3.6470775e-05
   3.6321080e-05
   3.6172272e-05
   3.6024343e-05
   3.5877289e-05
   3.5731101e-05
   3.5585773e-05
   3.5441299e-05
   3.5297673e-05
   3.5154889e-05
   3.5012939e-05
   3.4871819e-05
   3.4731521e-05
   3.4592040e-05
   3.4453369e-05
   3.4315503e-05
   3.4178436e-05
   3.4042161e-05
   3.3906674e-05
   3.3771968e-05
   3.3638037e-05
   3.3504877e-05
   3.3372480e-05
   3.3240842e-05
   3.3109957e-05
   3.2979820e-05
   3.2850425e-05
   3.2721766e-05
   3.2593839e-05
   3.2466638e-05
   3.2340158e-05
   3.2214393e-05
   3.2089339e-05
   3.1964990e-05
   3.1841342e-05
   3.1718389e-05
   3.1596125e-05
   3.1474547e-05
   3.1353650e-05
   3.1233428e-05
   3.1113876e-05
   3.0994990e-05
   3.0876766e-05
   3.0759197e-05
   3.0642281e-05
   3.0526011e-05
   3.0410384e-05
   3.0295395e-05
   3.0181039e-05
   3.0067313e-05
   2.9954210e-05
   2.9841728e-05
   2.9729862e-05
   2.9618606e-05
   2.9507958e-05
   2.9397913e-05
   2.9288467e-05
   2.9179615e-05
   2.9071353e-05
   2.8963677e-05
   2.8856584e-05
   2.8750068e-05
   2.8644126e-05
   2.8538755e-05
   2.8433949e-05
   2.8329706e-05
   2.8226021e-05
   2.8122890e-05
   2.8020310e-05
   2.7918277e-05
   2.7816787e-05
   2.7715836e-05
   2.7615421e-05
   2.7515538e-05
   2.7416183e-05
   2.7317353e-05
   2.7219044e-05
   2.7121252e-05
   2.7023975e-05
   2.6927208e-05
   2.6830948e-05
   2.6735192e-05
   2.6639937e-05
   2.6545178e-05
   2.6450912e-05
   2.6357137e-05
   2.6263849e-05
   2.6171045e-05
   2.6078721e-05
   2.5986874e-05
   2.5895501e-05
   2.5804599e-05
   2.5714164e-05
   2.5624194e-05
   2.5534686e-05
   2.5445636e-05
   2.5357042e-05
   2.5268899e-05
   2.5181206e-05
   2.5093960e-05
   2.5007157e-05
   2.4920794e-05
   2.4834870e-05
   2.4749379e-05
   2.4664321e-05
   2.4579692e-05
   2.4495489e-05
   2.4411709e-05
   2.4328351e-05
   2.4245410e-05
   2.4162884e-05
   2.4080771e-05
   2.3999068e-05
   2.3917772e-05
   2.3836881e-05
   2.3756391e-05
   2.3676301e-05
   2.3596608e-05
   2.3517308e-05
   2.3438401e-05
   2.3359883e-05
   2.3281751e-05
   2.3204004e-05
   2.3126638e-05
   2.3049652e-05
   2.2973042e-05
   2.2896807e-05
   2.2820944e-05
   2.2745451e-05
   2.2670325e-05
   2.2595564e-05
   2.2521166e-05
   2.2447129e-05
   2.2373450e-05
   2.2300126e-05
   2.2227156e-05
   2.2154538e-05
   2.2082269e-05
   2.2010347e-05
   2.1938770e-05
   2.1867536e-05
   2.1796642e-05
   2.1726087e-05
   2.1655868e-05
   2.1585983e-05
   2.1516431e-05
   2.1447209e-05
   2.1378315e-05
   2.1309747e-05
   2.1241503e-05
   2.1173581e-05
   2.1105979e-05
   2.1038695e-05
   2.0971727e-05
   2.0905074e-05
   2.0838733e-05
   2.0772702e-05
   2.0706980e-05
   2.0641564e-05
   2.0576453e-05
   2.0511645e-05
   2.0447138e-05
   2.0382931e-05
   2.0319020e-05
   2.0255405e-05
   2.0192084e-05
   2.0129055e-05
   2.0066317e-05
   2.0003867e-05
   1.9941703e-05
   1.9879825e-05
   1.9818230e-05
   1.9756917e-05
   1.9695884e-05
   1.9635129e-05
   1.9574650e-05
   1.9514447e-05
   1.9454517e-05
   1.9394859e-05
   1.9335471e-05
   1.9276351e-05
   1.9217499e-05
   1.9158911e-05
   1.9100588e-05
   1.9042527e-05
   1.8984726e-05
   1.8927185e-05
   1.8869901e-05
   1.8812873e-05
   1.8756101e-05
   1.8699581e-05
   1.8643313e-05
   1.8587295e-05
   1.8531525e-05
   1.8476004e-05
   1.8420728e-05
   1.8365696e-05
   1.8310907e-05
   1.8256360e-05
   1.8202054e-05
   1.8147986e-05
   1.8094155e-05
   1.8040561e-05
   1.7987201e-05
   1.7934075e-05
   1.7881180e-05
   1.7828517e-05
   1.7776083e-05
   1.7723877e-05
   1.7671897e-05
   1.7620143e-05
   1.7568614e-05
   1.7517307e-05
   1.7466222e-05
   1.7415357e-05
   1.7364712e-05
   1.7314284e-05
   1.7264074e-05
   1.7214078e-05
   1.7164297e-05
   1.7114729e-05
   1.7065373e-05
   1.7016227e-05
   1.6967291e-05
   1.6918563e-05
   1.6870043e-05
   1.6821728e-05
   1.6773618e-05
   1.6725712e-05
   1.6678009e-05
   1.6630507e-05
   1.6583205e-05
   1.6536103e-05
   1.6489198e-05
   1.6442491e-05
   1.6395979e-05
   1.6349663e-05
   1.6303540e-05
   1.6257610e-05
   1.6211872e-05
   1.6166324e-05
   1.6120966e-05
   1.6075796e-05
   1.6030814e-05
   1.5986018e-05
   1.5941408e-05
   1.5896982e-05
   1.5852740e-05
   1.5808680e-05
   1.5764801e-05
   1.5721103e-05
   1.5677585e-05
   1.5634245e-05
   1.5591083e-05
   1.5548097e-05
   1.5505287e-05
   1.5462651e-05
   1.5420190e-05
   1.5377901e-05
   1.5335784e-05
   1.5293839e-05
   1.5252063e-05
   1.5210456e-05
   1.5169018e-05
   1.5127747e-05
   1.5086643e-05
   1.5045704e-05
   1.5004930e-05
   1.4964320e-05
   1.4923873e-05
   1.4883588e-05
   1.4843464e-05
   1.4803501e-05
   1.4763698e-05
   1.4724053e-05
   1.4684566e-05
   1.4645236e-05
   1.4606062e-05
   1.4567044e-05
   1.4528180e-05
   1.4489471e-05
   1.4450914e-05
   1.4412509e-05
   1.4374256e-05
   1.4336154e-05
   1.4298201e-05
   1.4260398e-05
   1.4222743e-05
   1.4185235e-05
   1.4147875e-05
   1.4110660e-05
   1.4073590e-05
   1.4036666e-05
   1.3999885e-05
   1.3963247e-05
   1.3926751e-05
   1.3890397e-05
   1.3854184e-05
   1.3818110e-05
   1.3782177e-05
   1.3746382e-05
   1.3710725e-05
   1.3675205e-05
   1.3639823e-05
   1.3604576e-05
   1.3569464e-05
   1.3534487e-05
   1.3499643e-05
   1.3464933e-05
   1.3430356e-05
   1.3395910e-05
   1.3361595e-05
   1.3327411e-05
   1.3293357e-05
   1.3259433e-05
   1.3225636e-05
   1.3191968e-05
   1.3158427e-05
   1.3125013e-05
   1.3091725e-05
   1.3058562e-05
   1.3025524e-05
   1.2992610e-05
   1.2959820e-05
   1.2927152e-05
   1.2894607e-05
   1.2862184e-05
   1.2829882e-05
   1.2797700e-05
   1.2765639e-05
   1.2733696e-05
   1.2701873e-05
   1.2670167e-05
   1.2638580e-05
   1.2607109e-05
   1.2575755e-05
   1.2544516e-05
   1.2513393e-05
   1.2482385e-05
   1.2451491e-05
   1.2420711e-05
   1.2390043e-05
   1.2359489e-05
   1.2329046e-05
   1.2298715e-05
   1.2268494e-05
   1.2238384e-05
   1.2208384e-05
   1.2178494e-05
   1.2148712e-05
   1.2119038e-05
   1.2089472e-05
   1.2060013e-05
   1.2030661e-05
   1.2001416e-05
   1.1972276e-05
   1.1943241e-05
   1.1914311e-05
   1.1885485e-05
   1.1856763e-05
   1.1828144e-05
   1.1799627e-05
   1.1771213e-05
   1.1742901e-05
   1.1714690e-05
   1.1686580e-05
   1.1658570e-05
   1.1630660e-05
   1.1602849e-05
   1.1575138e-05
   1.1547524e-05
   1.1520009e-05
   1.1492591e-05
   1.1465271e-05
   1.1438047e-05
   1.1410919e-05
   1.1383887e-05
   1.1356950e-05
   1.1330108e-05
   1.1303360e-05
   1.1276706e-05
   1.1250146e-05
   1.1223679e-05
   1.1197304e-05
   1.1171022e-05
   1.1144831e-05
   1.1118732e-05
   1.1092724e-05
   1.1066806e-05
   1.1040979e-05
   1.1015241e-05
   1.0989592e-05
   1.0964033e-05
   1.0938561e-05
   1.0913178e-05
   1.0887883e-05
   1.0862675e-05
   1.0837553e-05
   1.0812518e-05
   1.0787569e-05
   1.0762706e-05
   1.0737928e-05
   1.0713236e-05
   1.0688627e-05
   1.0664103e-05
   1.0639662e-05
   1.0615305e-05
   1.0591031e-05
   1.0566840e-05
   1.0542730e-05
   1.0518703e-05
   1.0494757e-05
   1.0470892e-05
   1.0447109e-05
   1.0423405e-05
   1.0399782e-05
   1.0376238e-05
   1.0352774e-05
   1.0329388e-05
   1.0306082e-05
   1.0282853e-05
   1.0259703e-05
   1.0236630e-05
   1.0213635e-05
   1.0190716e-05
   1.0167874e-05
   1.0145108e-05
   1.0122419e-05
   1.0099804e-05
   1.0077265e-05
   1.0054801e-05
   1.0032412e-05
   1.0010096e-05
   9.9878549e-06
   9.9656872e-06
   9.9435927e-06
   9.9215711e-06
   9.8996223e-06
   9.8777457e-06
   9.8559411e-06
   9.8342083e-06
   9.8125468e-06
   9.7909564e-06
   9.7694367e-06
   9.7479875e-06
   9.7266085e-06
   9.7052993e-06
   9.6840597e-06
   9.6628893e-06
   9.6417878e-06
   9.6207550e-06
   9.5997906e-06
   9.5788942e-06
   9.5580656e-06
   9.5373045e-06
   9.5166105e-06
   9.4959835e-06
   9.4754230e-06
   9.4549289e-06
   9.4345009e-06
   9.4141386e-06
   9.3938418e-06
   9.3736101e-06
   9.3534435e-06
   9.3333414e-06
   9.3133038e-06
   9.2933303e-06
   9.2734206e-06
   9.2535744e-06
   9.2337916e-06
   9.2140717e-06
   9.1944147e-06
   9.1748201e-06
   9.1552878e-06
   9.1358174e-06
   9.1164088e-06
   9.0970616e-06
   9.0777756e-06
   9.0585505e-06
   9.0393862e-06
   9.0202822e-06
   9.0012385e-06
   8.9822546e-06
   8.9633305e-06
   8.9444658e-06
   8.9256602e-06
   8.9069136e-06
   8.8882257e-06
   8.8695962e-06
   8.8510250e-06
   8.8325117e-06
   8.8140561e-06
   8.7956580e-06
   8.7773172e-06
   8.7590334e-06
   8.7408063e-06
   8.7226358e-06
   8.7045216e-06
   8.6864636e-06
   8.6684613e-06
   8.6505147e-06
   8.6326235e-06
   8.6147874e-06
   8.5970063e-06
   8.5792799e-06
   8.5616080e-06
   8.5439904e-06
   8.5264269e-06
   8.5089171e-06
   8.4914610e-06
   8.4740583e-06
   8.4567088e-06
   8.4394122e-06
   8.4221684e-06
   8.4049772e-06
   8.3878382e-06
   8.3707514e-06
   8.3537165e-06
   8.3367333e-06
   8.3198015e-06
   8.3029211e-06
   8.2860917e-06
   8.2693132e-06
   8.2525854e-06
   8.2359080e-06
   8.2192809e-06
   8.2027039e-06
   8.1861767e-06
   8.1696992e-06
   8.1532712e-06
   8.1368924e-06
   8.1205627e-06
   8.1042819e-06
   8.0880498e-06
   8.0718662e-06
   8.0557308e-06
   8.0396436e-06
   8.0236043e-06
   8.0076127e-06
   7.9916687e-06
   7.9757720e-06
   7.9599225e-06
   7.9441200e-06
   7.9283643e-06
   7.9126552e-06
   7.8969925e-06
   7.8813761e-06
   7.8658057e-06
   7.8502812e-06
   7.8348025e-06
   7.8193693e-06
   7.8039814e-06
   7.7886387e-06
   7.7733410e-06
   7.7580881e-06
   7.7428799e-06
   7.7277162e-06
   7.7125968e-06
   7.6975215e-06
   7.6824901e-06
   7.6675026e-06
   7.6525587e-06
   7.6376582e-06
   7.6228011e-06
   7.6079870e-06
   7.5932159e-06
   7.5784877e-06
   7.5638020e-06
   7.5491588e-06
   7.5345579e-06
   7.5199991e-06
   7.5054823e-06
   7.4910074e-06
   7.4765741e-06
   7.4621823e-06
   7.4478318e-06
   7.4335225e-06
   7.4192542e-06
   7.4050268e-06
   7.3908402e-06
   7.3766941e-06
   7.3625883e-06
   7.3485229e-06
   7.3344975e-06
   7.3205121e-06
   7.3065665e-06
   7.2926606e-06
   7.2787941e-06
   7.2649670e-06
   7.2511791e-06
   7.2374302e-06
   7.2237203e-06
   7.2100491e-06
   7.1964166e-06
   7.1828225e-06
   7.1692667e-06
   7.1557491e-06
   7.1422696e-06
   7.1288279e-06
   7.1154241e-06
   7.1020578e-06
   7.0887290e-06
   7.0754376e-06
