   2.9043500e-08
  -1.2265336e-06
   1.0614788e-05
  -2.1652693e-05
  -1.4550889e-05
   2.8784582e-05
   4.1033661e-05
   2.0372594e-05
  -1.1852186e-05
  -3.8380057e-05
  -5.1598904e-05
  -5.1045662e-05
  -3.9847349e-05
  -2.2182210e-05
  -1.9080496e-06
   1.7993881e-05
   3.5514843e-05
   4.9499382e-05
   5.9452924e-05
   6.5347964e-05
   6.7459157e-05
   6.6235682e-05
   6.2208920e-05
   5.5929521e-05
   4.7927157e-05
   3.8686873e-05
   2.8637062e-05
   1.8145241e-05
   7.5188032e-06
  -2.9912465e-06
  -1.3184950e-05
  -2.2907370e-05
  -3.2042469e-05
  -4.0507239e-05
  -4.8246306e-05
  -5.5227077e-05
  -6.1435482e-05
  -6.6872287e-05
  -7.1549945e-05
  -7.5489931e-05
  -7.8720515e-05
  -8.1274916e-05
  -8.3189779e-05
  -8.4503941e-05
  -8.5257427e-05
  -8.5490657e-05
  -8.5243814e-05
  -8.4556355e-05
  -8.3466636e-05
  -8.2011639e-05
  -8.0226768e-05
  -7.8145717e-05
  -7.5800380e-05
  -7.3220814e-05
  -7.0435224e-05
  -6.7469978e-05
  -6.4349644e-05
  -6.1097036e-05
  -5.7733276e-05
  -5.4277865e-05
  -5.0748755e-05
  -4.7162425e-05
  -4.3533962e-05
  -3.9877141e-05
  -3.6204501e-05
  -3.2527426e-05
  -2.8856215e-05
  -2.5200160e-05
  -2.1567613e-05
  -1.7966052e-05
  -1.4402149e-05
  -1.0881823e-05
  -7.4103027e-06
  -3.9921794e-06
  -6.3145573e-07
   2.6684057e-06
   5.9044381e-06
   9.0741289e-06
   1.2175381e-05
   1.5206477e-05
   1.8166045e-05
   2.1053028e-05
   2.3866655e-05
   2.6606413e-05
   2.9272024e-05
   3.1863420e-05
   3.4380725e-05
   3.6824230e-05
   3.9194381e-05
   4.1491759e-05
   4.3717066e-05
   4.5871110e-05
   4.7954792e-05
   4.9969095e-05
   5.1915075e-05
   5.3793846e-05
   5.5606577e-05
   5.7354481e-05
   5.9038805e-05
   6.0660828e-05
   6.2221851e-05
   6.3723195e-05
   6.5166193e-05
   6.6552185e-05
   6.7882516e-05
   6.9158533e-05
   7.0381579e-05
   7.1552991e-05
   7.2674097e-05
   7.3746216e-05
   7.4770652e-05
   7.5748697e-05
   7.6681623e-05
   7.7570688e-05
   7.8417129e-05
   7.9222163e-05
   7.9986987e-05
   8.0712775e-05
   8.1400680e-05
   8.2051833e-05
   8.2667340e-05
   8.3248284e-05
   8.3795726e-05
   8.4310701e-05
   8.4794221e-05
   8.5247276e-05
   8.5670830e-05
   8.6065825e-05
   8.6433178e-05
   8.6773784e-05
   8.7088514e-05
   8.7378218e-05
   8.7643722e-05
   8.7885830e-05
   8.8105326e-05
   8.8302970e-05
   8.8479503e-05
   8.8635644e-05
   8.8772093e-05
   8.8889529e-05
   8.8988612e-05
   8.9069984e-05
   8.9134267e-05
   8.9182066e-05
   8.9213966e-05
   8.9230537e-05
   8.9232331e-05
   8.9219884e-05
   8.9193716e-05
   8.9154330e-05
   8.9102216e-05
   8.9037846e-05
   8.8961680e-05
   8.8874163e-05
   8.8775727e-05
   8.8666789e-05
   8.8547754e-05
   8.8419015e-05
   8.8280951e-05
   8.8133931e-05
   8.7978311e-05
   8.7814437e-05
   8.7642642e-05
   8.7463250e-05
   8.7276574e-05
   8.7082918e-05
   8.6882575e-05
   8.6675828e-05
   8.6462954e-05
   8.6244218e-05
   8.6019877e-05
   8.5790180e-05
   8.5555368e-05
   8.5315674e-05
   8.5071324e-05
   8.4822535e-05
   8.4569518e-05
   8.4312477e-05
   8.4051609e-05
   8.3787105e-05
   8.3519149e-05
   8.3247918e-05
   8.2973585e-05
   8.2696317e-05
   8.2416273e-05
   8.2133610e-05
   8.1848477e-05
   8.1561020e-05
   8.1271379e-05
   8.0979688e-05
   8.0686079e-05
   8.0390678e-05
   8.0093606e-05
   7.9794982e-05
   7.9494919e-05
   7.9193527e-05
   7.8890911e-05
   7.8587174e-05
   7.8282414e-05
   7.7976727e-05
   7.7670205e-05
   7.7362935e-05
   7.7055004e-05
   7.6746493e-05
   7.6437482e-05
   7.6128048e-05
   7.5818265e-05
   7.5508203e-05
   7.5197931e-05
   7.4887515e-05
   7.4577019e-05
   7.4266504e-05
   7.3956029e-05
   7.3645651e-05
   7.3335425e-05
   7.3025402e-05
   7.2715634e-05
   7.2406169e-05
   7.2097055e-05
   7.1788335e-05
   7.1480054e-05
   7.1172252e-05
   7.0864971e-05
   7.0558247e-05
   7.0252119e-05
   6.9946620e-05
   6.9641786e-05
   6.9337648e-05
   6.9034238e-05
   6.8731585e-05
   6.8429718e-05
   6.8128665e-05
   6.7828451e-05
   6.7529102e-05
   6.7230641e-05
   6.6933092e-05
   6.6636475e-05
   6.6340813e-05
   6.6046125e-05
   6.5752429e-05
   6.5459744e-05
   6.5168087e-05
   6.4877475e-05
   6.4587922e-05
   6.4299444e-05
   6.4012054e-05
   6.3725766e-05
   6.3440591e-05
   6.3156543e-05
   6.2873632e-05
   6.2591868e-05
   6.2311262e-05
   6.2031823e-05
   6.1753559e-05
   6.1476478e-05
   6.1200589e-05
   6.0925898e-05
   6.0652411e-05
   6.0380136e-05
   6.0109077e-05
   5.9839239e-05
   5.9570628e-05
   5.9303247e-05
   5.9037101e-05
   5.8772193e-05
   5.8508526e-05
   5.8246102e-05
   5.7984925e-05
   5.7724996e-05
   5.7466317e-05
   5.7208889e-05
   5.6952714e-05
   5.6697791e-05
   5.6444123e-05
   5.6191708e-05
   5.5940547e-05
   5.5690640e-05
   5.5441986e-05
   5.5194584e-05
   5.4948433e-05
   5.4703533e-05
   5.4459881e-05
   5.4217476e-05
   5.3976316e-05
   5.3736399e-05
   5.3497724e-05
   5.3260286e-05
   5.3024086e-05
   5.2789118e-05
   5.2555381e-05
   5.2322872e-05
   5.2091587e-05
   5.1861523e-05
   5.1632677e-05
   5.1405045e-05
   5.1178624e-05
   5.0953410e-05
   5.0729399e-05
   5.0506587e-05
   5.0284970e-05
   5.0064544e-05
   4.9845305e-05
   4.9627248e-05
   4.9410369e-05
   4.9194663e-05
   4.8980126e-05
   4.8766754e-05
   4.8554541e-05
   4.8343482e-05
   4.8133574e-05
   4.7924811e-05
   4.7717188e-05
   4.7510700e-05
   4.7305343e-05
   4.7101110e-05
   4.6897998e-05
   4.6696000e-05
   4.6495112e-05
   4.6295328e-05
   4.6096644e-05
   4.5899053e-05
   4.5702551e-05
   4.5507132e-05
   4.5312791e-05
   4.5119522e-05
   4.4927321e-05
   4.4736181e-05
   4.4546097e-05
   4.4357064e-05
   4.4169076e-05
   4.3982128e-05
   4.3796214e-05
   4.3611330e-05
   4.3427468e-05
   4.3244624e-05
   4.3062793e-05
   4.2881969e-05
   4.2702145e-05
   4.2523318e-05
   4.2345481e-05
   4.2168628e-05
   4.1992755e-05
   4.1817856e-05
   4.1643924e-05
   4.1470956e-05
   4.1298945e-05
   4.1127886e-05
   4.0957773e-05
   4.0788601e-05
   4.0620365e-05
   4.0453059e-05
   4.0286677e-05
   4.0121215e-05
   3.9956667e-05
   3.9793027e-05
   3.9630290e-05
   3.9468452e-05
   3.9307505e-05
   3.9147446e-05
   3.8988269e-05
   3.8829968e-05
   3.8672539e-05
   3.8515976e-05
   3.8360274e-05
   3.8205427e-05
   3.8051432e-05
   3.7898281e-05
   3.7745971e-05
   3.7594496e-05
   3.7443851e-05
   3.7294031e-05
   3.7145031e-05
   3.6996846e-05
   3.6849471e-05
   3.6702901e-05
   3.6557131e-05
   3.6412155e-05
   3.6267971e-05
   3.6124571e-05
   3.5981952e-05
   3.5840108e-05
   3.5699035e-05
   3.5558728e-05
   3.5419182e-05
   3.5280393e-05
   3.5142355e-05
   3.5005065e-05
   3.4868517e-05
   3.4732707e-05
   3.4597630e-05
   3.4463281e-05
   3.4329656e-05
   3.4196751e-05
   3.4064561e-05
   3.3933082e-05
   3.3802308e-05
   3.3672236e-05
   3.3542861e-05
   3.3414179e-05
   3.3286185e-05
   3.3158875e-05
   3.3032245e-05
   3.2906291e-05
   3.2781008e-05
   3.2656392e-05
   3.2532438e-05
   3.2409143e-05
   3.2286503e-05
   3.2164513e-05
   3.2043169e-05
   3.1922468e-05
   3.1802404e-05
   3.1682975e-05
   3.1564175e-05
   3.1446002e-05
   3.1328451e-05
   3.1211518e-05
   3.1095199e-05
   3.0979491e-05
   3.0864390e-05
   3.0749891e-05
   3.0635991e-05
   3.0522686e-05
   3.0409972e-05
   3.0297847e-05
   3.0186305e-05
   3.0075343e-05
   2.9964958e-05
   2.9855146e-05
   2.9745904e-05
   2.9637227e-05
   2.9529112e-05
   2.9421556e-05
   2.9314556e-05
   2.9208107e-05
   2.9102206e-05
   2.8996850e-05
   2.8892035e-05
   2.8787758e-05
   2.8684016e-05
   2.8580804e-05
   2.8478121e-05
   2.8375962e-05
   2.8274325e-05
   2.8173205e-05
   2.8072600e-05
   2.7972507e-05
   2.7872922e-05
   2.7773842e-05
   2.7675264e-05
   2.7577185e-05
   2.7479602e-05
   2.7382511e-05
   2.7285910e-05
   2.7189795e-05
   2.7094164e-05
   2.6999013e-05
   2.6904340e-05
   2.6810141e-05
   2.6716413e-05
   2.6623155e-05
   2.6530362e-05
   2.6438032e-05
   2.6346161e-05
   2.6254748e-05
   2.6163789e-05
   2.6073282e-05
   2.5983223e-05
   2.5893610e-05
   2.5804441e-05
   2.5715711e-05
   2.5627420e-05
   2.5539563e-05
   2.5452139e-05
   2.5365144e-05
   2.5278576e-05
   2.5192433e-05
   2.5106712e-05
   2.5021409e-05
   2.4936524e-05
   2.4852052e-05
   2.4767992e-05
   2.4684341e-05
   2.4601097e-05
   2.4518256e-05
   2.4435817e-05
   2.4353778e-05
   2.4272135e-05
   2.4190886e-05
   2.4110029e-05
   2.4029562e-05
   2.3949482e-05
   2.3869786e-05
   2.3790473e-05
   2.3711541e-05
   2.3632986e-05
   2.3554807e-05
   2.3477001e-05
   2.3399566e-05
   2.3322500e-05
   2.3245800e-05
   2.3169465e-05
   2.3093492e-05
   2.3017880e-05
   2.2942625e-05
   2.2867725e-05
   2.2793180e-05
   2.2718986e-05
   2.2645141e-05
   2.2571644e-05
   2.2498491e-05
   2.2425682e-05
   2.2353214e-05
   2.2281086e-05
   2.2209294e-05
   2.2137837e-05
   2.2066714e-05
   2.1995921e-05
   2.1925458e-05
   2.1855322e-05
   2.1785511e-05
   2.1716024e-05
   2.1646858e-05
   2.1578012e-05
   2.1509483e-05
   2.1441270e-05
   2.1373371e-05
   2.1305785e-05
   2.1238508e-05
   2.1171540e-05
   2.1104879e-05
   2.1038522e-05
   2.0972469e-05
   2.0906717e-05
   2.0841264e-05
   2.0776110e-05
   2.0711251e-05
   2.0646687e-05
   2.0582416e-05
   2.0518435e-05
   2.0454744e-05
   2.0391340e-05
   2.0328223e-05
   2.0265389e-05
   2.0202839e-05
   2.0140569e-05
   2.0078579e-05
   2.0016866e-05
   1.9955430e-05
   1.9894269e-05
   1.9833380e-05
   1.9772763e-05
   1.9712416e-05
   1.9652338e-05
   1.9592526e-05
   1.9532979e-05
   1.9473697e-05
   1.9414676e-05
   1.9355917e-05
   1.9297417e-05
   1.9239175e-05
   1.9181189e-05
   1.9123458e-05
   1.9065981e-05
   1.9008756e-05
   1.8951782e-05
   1.8895057e-05
   1.8838579e-05
   1.8782349e-05
   1.8726363e-05
   1.8670621e-05
   1.8615121e-05
   1.8559863e-05
   1.8504844e-05
   1.8450063e-05
   1.8395519e-05
   1.8341211e-05
   1.8287138e-05
   1.8233297e-05
   1.8179688e-05
   1.8126310e-05
   1.8073161e-05
   1.8020239e-05
   1.7967545e-05
   1.7915075e-05
   1.7862830e-05
   1.7810808e-05
   1.7759007e-05
   1.7707427e-05
   1.7656067e-05
   1.7604924e-05
   1.7553998e-05
   1.7503288e-05
   1.7452792e-05
   1.7402510e-05
   1.7352439e-05
   1.7302580e-05
   1.7252931e-05
   1.7203490e-05
   1.7154257e-05
   1.7105230e-05
   1.7056409e-05
   1.7007792e-05
   1.6959378e-05
   1.6911166e-05
   1.6863155e-05
   1.6815343e-05
   1.6767731e-05
   1.6720316e-05
   1.6673098e-05
   1.6626075e-05
   1.6579247e-05
   1.6532612e-05
   1.6486170e-05
   1.6439919e-05
   1.6393859e-05
   1.6347988e-05
   1.6302305e-05
   1.6256810e-05
   1.6211501e-05
   1.6166377e-05
   1.6121438e-05
   1.6076682e-05
   1.6032108e-05
   1.5987717e-05
   1.5943505e-05
   1.5899473e-05
   1.5855620e-05
   1.5811944e-05
   1.5768446e-05
   1.5725122e-05
   1.5681974e-05
   1.5639000e-05
   1.5596199e-05
   1.5553570e-05
   1.5511112e-05
   1.5468825e-05
   1.5426707e-05
   1.5384758e-05
   1.5342976e-05
   1.5301361e-05
   1.5259912e-05
   1.5218629e-05
   1.5177509e-05
   1.5136553e-05
   1.5095759e-05
   1.5055128e-05
   1.5014657e-05
   1.4974346e-05
   1.4934194e-05
   1.4894201e-05
   1.4854365e-05
   1.4814687e-05
   1.4775164e-05
   1.4735796e-05
   1.4696583e-05
   1.4657523e-05
   1.4618616e-05
   1.4579862e-05
   1.4541258e-05
   1.4502805e-05
   1.4464502e-05
   1.4426348e-05
   1.4388341e-05
   1.4350483e-05
   1.4312771e-05
   1.4275205e-05
   1.4237784e-05
   1.4200508e-05
   1.4163376e-05
   1.4126387e-05
   1.4089540e-05
   1.4052834e-05
   1.4016270e-05
   1.3979846e-05
   1.3943561e-05
   1.3907415e-05
   1.3871407e-05
   1.3835537e-05
   1.3799803e-05
   1.3764206e-05
   1.3728744e-05
   1.3693416e-05
   1.3658223e-05
   1.3623163e-05
   1.3588236e-05
   1.3553440e-05
   1.3518777e-05
   1.3484244e-05
   1.3449841e-05
   1.3415567e-05
   1.3381423e-05
   1.3347407e-05
   1.3313518e-05
   1.3279756e-05
   1.3246121e-05
   1.3212611e-05
   1.3179226e-05
   1.3145966e-05
   1.3112830e-05
   1.3079817e-05
   1.3046927e-05
   1.3014158e-05
   1.2981512e-05
   1.2948986e-05
   1.2916580e-05
   1.2884295e-05
   1.2852128e-05
   1.2820080e-05
   1.2788150e-05
   1.2756338e-05
   1.2724642e-05
   1.2693063e-05
   1.2661599e-05
   1.2630251e-05
   1.2599017e-05
   1.2567897e-05
   1.2536891e-05
   1.2505998e-05
   1.2475218e-05
   1.2444549e-05
   1.2413992e-05
   1.2383546e-05
   1.2353210e-05
   1.2322983e-05
   1.2292866e-05
   1.2262858e-05
   1.2232959e-05
   1.2203167e-05
   1.2173482e-05
   1.2143904e-05
   1.2114432e-05
   1.2085066e-05
   1.2055805e-05
   1.2026649e-05
   1.1997597e-05
   1.1968649e-05
   1.1939804e-05
   1.1911062e-05
   1.1882423e-05
   1.1853885e-05
   1.1825448e-05
   1.1797113e-05
   1.1768878e-05
   1.1740743e-05
   1.1712707e-05
   1.1684770e-05
   1.1656932e-05
   1.1629192e-05
   1.1601550e-05
   1.1574005e-05
   1.1546557e-05
   1.1519205e-05
   1.1491949e-05
   1.1464788e-05
   1.1437722e-05
   1.1410751e-05
   1.1383874e-05
   1.1357091e-05
   1.1330401e-05
   1.1303804e-05
   1.1277299e-05
   1.1250887e-05
   1.1224566e-05
   1.1198336e-05
   1.1172196e-05
   1.1146147e-05
   1.1120188e-05
   1.1094319e-05
   1.1068539e-05
   1.1042847e-05
   1.1017244e-05
   1.0991728e-05
   1.0966300e-05
   1.0940960e-05
   1.0915706e-05
   1.0890538e-05
   1.0865456e-05
   1.0840460e-05
   1.0815549e-05
   1.0790723e-05
   1.0765981e-05
   1.0741323e-05
   1.0716749e-05
   1.0692258e-05
   1.0667850e-05
   1.0643525e-05
   1.0619282e-05
   1.0595120e-05
   1.0571041e-05
   1.0547042e-05
   1.0523124e-05
   1.0499286e-05
   1.0475528e-05
   1.0451851e-05
   1.0428252e-05
   1.0404732e-05
   1.0381291e-05
   1.0357928e-05
   1.0334644e-05
   1.0311436e-05
   1.0288307e-05
   1.0265253e-05
   1.0242277e-05
   1.0219377e-05
   1.0196552e-05
   1.0173804e-05
   1.0151130e-05
   1.0128532e-05
   1.0106008e-05
   1.0083558e-05
   1.0061182e-05
   1.0038880e-05
   1.0016652e-05
   9.9944958e-06
   9.9724127e-06
   9.9504020e-06
   9.9284633e-06
   9.9065964e-06
   9.8848009e-06
   9.8630765e-06
   9.8414230e-06
   9.8198400e-06
   9.7983272e-06
   9.7768843e-06
   9.7555110e-06
   9.7342071e-06
   9.7129721e-06
   9.6918059e-06
   9.6707082e-06
   9.6496786e-06
   9.6287168e-06
   9.6078226e-06
   9.5869957e-06
   9.5662358e-06
   9.5455426e-06
   9.5249158e-06
   9.5043552e-06
   9.4838604e-06
   9.4634313e-06
   9.4430674e-06
   9.4227686e-06
   9.4025346e-06
   9.3823650e-06
   9.3622597e-06
   9.3422183e-06
   9.3222406e-06
   9.3023263e-06
   9.2824752e-06
   9.2626870e-06
   9.2429614e-06
   9.2232981e-06
   9.2036970e-06
   9.1841577e-06
   9.1646800e-06
   9.1452637e-06
   9.1259084e-06
   9.1066140e-06
   9.0873801e-06
   9.0682065e-06
   9.0490931e-06
   9.0300394e-06
   9.0110454e-06
   8.9921106e-06
   8.9732350e-06
   8.9544182e-06
   8.9356600e-06
   8.9169602e-06
   8.8983185e-06
   8.8797347e-06
   8.8612085e-06
   8.8427398e-06
   8.8243282e-06
   8.8059736e-06
   8.7876757e-06
   8.7694342e-06
   8.7512491e-06
   8.7331199e-06
   8.7150466e-06
   8.6970288e-06
   8.6790664e-06
   8.6611590e-06
   8.6433066e-06
   8.6255089e-06
   8.6077656e-06
   8.5900765e-06
   8.5724415e-06
   8.5548603e-06
   8.5373326e-06
   8.5198583e-06
   8.5024372e-06
   8.4850690e-06
   8.4677535e-06
   8.4504906e-06
   8.4332799e-06
   8.4161214e-06
   8.3990147e-06
   8.3819598e-06
   8.3649563e-06
   8.3480040e-06
   8.3311029e-06
   8.3142526e-06
   8.2974529e-06
   8.2807037e-06
   8.2640048e-06
   8.2473560e-06
   8.2307570e-06
   8.2142076e-06
   8.1977078e-06
   8.1812572e-06
   8.1648557e-06
   8.1485031e-06
   8.1321991e-06
   8.1159437e-06
   8.0997366e-06
   8.0835776e-06
   8.0674666e-06
   8.0514033e-06
   8.0353876e-06
   8.0194192e-06
   8.0034980e-06
   7.9876238e-06
   7.9717965e-06
   7.9560158e-06
   7.9402815e-06
   7.9245936e-06
   7.9089517e-06
   7.8933557e-06
   7.8778055e-06
   7.8623009e-06
   7.8468416e-06
   7.8314276e-06
   7.8160586e-06
   7.8007344e-06
   7.7854550e-06
   7.7702200e-06
   7.7550294e-06
   7.7398830e-06
   7.7247806e-06
   7.7097220e-06
   7.6947071e-06
   7.6797357e-06
   7.6648077e-06
   7.6499228e-06
   7.6350809e-06
   7.6202819e-06
   7.6055255e-06
   7.5908116e-06
   7.5761401e-06
   7.5615108e-06
   7.5469236e-06
   7.5323782e-06
   7.5178745e-06
   7.5034124e-06
   7.4889916e-06
   7.4746122e-06
   7.4602738e-06
   7.4459763e-06
   7.4317196e-06
   7.4175035e-06
   7.4033279e-06
   7.3891926e-06
   7.3750975e-06
   7.3610424e-06
   7.3470272e-06
   7.3330517e-06
   7.3191157e-06
   7.3052192e-06
   7.2913619e-06
   7.2775438e-06
   7.2637646e-06
   7.2500243e-06
   7.2363227e-06
   7.2226596e-06
   7.2090349e-06
   7.1954484e-06
   7.1819001e-06
   7.1683898e-06
   7.1549173e-06
   7.1414825e-06
   7.1280852e-06
   7.1147254e-06
   7.1014028e-06
   7.0881174e-06
   7.0748690e-06
   7.0616574e-06
   7.0484826e-06
   7.0353444e-06
   7.0222427e-06
   7.0091772e-06
   6.9961480e-06
   6.9831548e-06
   6.9701976e-06
   6.9572762e-06
   6.9443904e-06
   6.9315402e-06
   6.9187253e-06
   6.9059458e-06
   6.8932014e-06
   6.8804920e-06
