-1.3348348361612
-1.0775950536451
-0.92942402670443
-0.83018252652738
-0.75642124471361
-0.69791031687494
-0.64928468352758
-0.60759127578601
-0.57110121088933
-0.53872063700222
-0.50970261109659
-0.4835038204112
-0.45970995189247
-0.43799415160689
-0.41809213407371
-0.39978620435213
-0.38289440219871
-0.36726279996537
-0.3527598596397
-0.33927219686959
-0.32670133920317
-0.3149612045454
-0.30397611145118
-0.29367918842126
-0.28401108676266
-0.27491892742267
-0.26635543040559
-0.25827818837557
-0.25064905543142
-0.24343362888138
-0.23660080688343
-0.2301224085618
-0.22397284602191
-0.21812883981845
-0.21256917106582
-0.2072744646458
-0.20222699895803
-0.19741053844237
-0.19281018572736
-0.18841225076353
-0.18420413471014
-0.18017422668005
-0.17631181172516
-0.1726069886757
-0.16905059664012
-0.16563414913459
-0.16234977494931
-0.15919016497525
-0.15614852431499
-0.15321852908688
-0.15039428740491
-0.14767030408047
-0.14504144864657
-0.14250292635274
-0.14005025182016
-0.13767922508247
-0.13538590976894
-0.1331666132145
-0.13101786830465
-0.12893641688501
-0.1269191945833
-0.12496331690808
-0.1230660665033
-0.12122488144992
-0.11943734451755
-0.117701173279
-0.11601421100928
-0.11437441829881
-0.11277986531731
-0.11122872467122
-0.10971926480322
-0.10824984388707
-0.10681890417576
-0.10542496676469
-0.10406662673546
-0.10274254864878
-0.10145146235794
-0.10019215911714
-0.098963487960911
-0.097764352333206
-0.096593706946664
-0.09545055485405
-0.094333944715646
-0.093242968247635
-0.092176757837816
-0.091134484316183
-0.090115354868874
-0.089118611084983
-0.088143527126617
-0.087189408013261
-0.086255588012392
-0.085341429128725
-0.084446319685293
-0.083569672989899
-0.08271092608112
-0.081869538548421
-0.081044991421364
-0.080236786123313
-0.079444443485284
-0.078667502816092
-0.077905521024989
-0.077158071793485
-0.076424744793183
-0.075705144946652
-0.074998891728676
-0.074305618505327
-0.073624971908496
-0.072956611243739
-0.072300207929376
-0.07165544496495
-0.071022016427261
-0.070399626992404
-0.06978799148218
-0.06918683443351
-0.068595889689489
-0.068014900010831
-0.06744361670654
-0.066881799282712
-0.066329215108436
-0.065785639097859
-0.065250853407461
-0.064724647147793
-0.064206816108771
-0.063697162497888
-0.063195494690591
-0.062701626992179
-0.062215379410625
-0.061736577439731
-0.06126505185207
-0.060800638501226
-0.060343178132821
-0.059892516203903
-0.059448502710273
-0.059010992021291
-0.058579842721889
-0.058154917461323
-0.057736082808394
-0.057323209112822
-0.056916170372409
-0.056514844105794
-0.05611911123047
-0.055728855945837
-0.055343965621037
-0.054964330687351
-0.05458984453496
-0.054220403413819
-0.053855906338519
-0.053496254996895
-0.053141353662229
-0.052791109108918
-0.052445430531363
-0.052104229466055
-0.0517674197166
-0.051434917281624
-0.051106640285407
-0.050782508911125
-0.050462445336604
-0.050146373672432
-0.049834219902397
-0.049525911826085
-0.049221379003587
-0.048920552702209
-0.048623365845102
-0.048329752961753
-0.048039650140207
-0.047752994981003
-0.047469726552751
-0.047189785349224
-0.046913113247984
-0.046639653470407
-0.046369350543122
-0.04610215026073
-0.045837999649813
-0.045576846934175
-0.045318641501229
-0.045063333869513
-0.044810875657299
-0.04456121955224
-0.044314319281998
-0.044070129585862
-0.043828606187265
-0.04358970576721
-0.04335338593854
-0.043119605221042
-0.042888323017335
-0.042659499589527
-0.042433096036619
-0.042209074272592
-0.041987397005217
-0.041768027715473
-0.041550930637657
-0.041336070740049
-0.041123413706219
-0.040912925916872
-0.040704574432246
-0.04049832697505
-0.040294151913909
-0.040092018247304
-0.039891895587978
-0.039693754147818
-0.039497564723182
-0.039303298680627
-0.039110927943102
-0.038920424976485
-0.038731762776545
-0.03854491485628
-0.038359855233586
-0.038176558419309
-0.037994999405609
-0.03781515365468
-0.037636997087747
-0.037460506074419
-0.037285657422288
-0.037112428366851
-0.036940796561695
-0.036770740068947
-0.036602237349999
-0.036435267256462
-0.036269809021395
-0.036105842250732
-0.035943346914982
-0.035782303341104
-0.035622692204644
-0.035464494522033
-0.03530769164313
-0.035152265243931
-0.034998197319484
-0.034845470176979
-0.034694066429019
-0.034543968987074
-0.034395161055066
-0.034247626123208
-0.034101347961852
-0.033956310615653
-0.033812498397759
-0.033669895884213
-0.033528487908469
-0.033388259556052
-0.033249196159347
-0.033111283292519
-0.032974506766556
-0.032838852624434
-0.032704307136403
-0.032570856795382
-0.032438488312473
-0.032307188612568
-0.032176944830081
-0.032047744304773
-0.031919574577667
-0.031792423387076
-0.031666278664715
-0.031541128531911
-0.03141696129589
-0.03129376544617
-0.031171529651007
-0.031050242753975
-0.03092989377055
-0.030810471884857
-0.030691966446422
-0.030574366967034
-0.030457663117673
-0.0303418447255
-0.030226901770923
-0.030112824384722
-0.029999602845244
-0.02988722757566
-0.029775689141276
-0.029664978246911
-0.029555085734333
-0.029446002579751
-0.029337719891347
-0.029230228906893
-0.029123520991385
-0.029017587634757
-0.028912420449626
-0.028808011169091
-0.028704351644585
-0.028601433843762
-0.028499249848436
-0.028397791852563
-0.028297052160265
-0.028197023183899
-0.028097697442157
-0.027999067558214
-0.027901126257911
-0.027803866367985
-0.027707280814313
-0.027611362620223
-0.027516104904812
-0.027421500881312
-0.027327543855499
-0.027234227224101
-0.027141544473281
-0.027049489177121
-0.026958054996141
-0.026867235675859
-0.026777025045374
-0.026687417015963
-0.026598405579739
-0.026509984808297
-0.026422148851417
-0.026334891935779
-0.026248208363694
-0.026162092511893
-0.026076538830288
-0.02599154184082
-0.025907096136265
-0.025823196379119
-0.025739837300449
-0.025657013698832
-0.025574720439257
-0.025492952452072
-0.025411704731949
-0.025330972336872
-0.025250750387136
-0.025171034064373
-0.025091818610586
-0.025013099327216
-0.024934871574213
-0.024857130769125
-0.024779872386215
-0.024703091955583
-0.024626785062312
-0.024550947345624
-0.024475574498052
-0.024400662264629
-0.024326206442096
-0.024252202878112
-0.024178647470494
-0.024105536166458
-0.024032864961878
-0.023960629900561
-0.023888827073533
-0.023817452618334
-0.023746502718336
-0.023675973602051
-0.023605861542486
-0.023536162856476
-0.023466873904046
-0.023397991087777
-0.023329510852199
-0.023261429683162
-0.023193744107257
-0.023126450691211
-0.02305954604133
-0.022993026802911
-0.022926889659694
-0.022861131333312
-0.022795748582752
-0.022730738203824
-0.022666097028642
-0.022601821925111
-0.022537909796419
-0.022474357580549
-0.022411162249792
-0.022348320810258
-0.022285830301419
-0.022223687795639
-0.022161890397719
-0.02210043524445
-0.022039319504175
-0.021978540376354
-0.021918095091137
-0.021857980908946
-0.021798195120068
-0.021738735044236
-0.02167959803025
-0.021620781455568
-0.021562282725924
-0.021504099274959
-0.02144622856383
-0.021388668080853
-0.021331415341144
-0.021274467886249
-0.021217823283812
-0.021161479127214
-0.021105433035247
-0.021049682651767
-0.020994225645379
-0.020939059709096
-0.020884182560039
-0.020829591939111
-0.020775285610697
-0.020721261362349
-0.020667517004495
-0.020614050370147
-0.020560859314601
-0.020507941715158
-0.020455295470843
-0.02040291850213
-0.020350808750657
-0.020298964178977
-0.020247382770273
-0.020196062528118
-0.020145001476197
-0.020094197658078
-0.020043649136936
-0.019993353995332
-0.019943310334962
-0.019893516276413
-0.019843969958944
-0.019794669540232
-0.019745613196172
-0.019696799120627
-0.019648225525232
-0.019599890639154
-0.019551792708892
-0.019503929998055
-0.01945630078717
-0.01940890337346
-0.019361736070651
-0.019314797208771
-0.019268085133946
-0.019221598208224
-0.019175334809369
-0.019129293330678
-0.019083472180797
-0.019037869783535
-0.018992484577689
-0.018947315016856
-0.018902359569274
-0.018857616717631
-0.018813084958923
-0.018768762804245
-0.018724648778665
-0.018680741421037
-0.018637039283852
-0.01859354093307
-0.018550244947979
-0.01850714992102
-0.01846425445765
-0.018421557176193
-0.018379056707679
-0.018336751695716
-0.018294640796326
-0.018252722677823
-0.018210996020656
-0.018169459517288
-0.018128111872043
-0.018086951800985
-0.018045978031776
-0.018005189303551
-0.017964584366789
-0.017924161983184
-0.017883920925518
-0.017843859977541
-0.017803977933848
-0.017764273599756
-0.017724745791184
-0.017685393334545
-0.017646215066619
-0.017607209834444
-0.017568376495201
-0.017529713916116
-0.017491220974318
-0.017452896556762
-0.01741473956012
-0.017376748890653
-0.017338923464128
-0.017301262205704
-0.017263764049838
-0.017226427940176
-0.01718925282947
-0.017152237679453
-0.017115381460775
-0.017078683152884
-0.01704214174394
-0.017005756230724
-0.016969525618548
-0.016933448921159
-0.016897525160654
-0.016861753367384
-0.016826132579885
-0.016790661844769
-0.016755340216657
-0.01672016675809
-0.016685140539439
-0.016650260638837
-0.016615526142086
-0.016580936142585
-0.016546489741247
-0.016512186046422
-0.016478024173829
-0.01644400324646
-0.016410122394531
-0.016376380755383
-0.016342777473429
-0.016309311700073
-0.016275982593631
-0.016242789319284
-0.01620973104898
-0.016176806961387
-0.016144016241813
-0.016111358082147
-0.016078831680785
-0.016046436242571
-0.016014170978729
-0.015982035106802
-0.015950027850585
-0.015918148440062
-0.015886396111357
-0.015854770106651
-0.015823269674145
-0.015791894067981
-0.015760642548197
-0.015729514380664
-0.015698508837028
-0.015667625194653
-0.015636862736565
-0.015606220751403
-0.015575698533353
-0.015545295382106
-0.015515010602795
-0.015484843505945
-0.015454793407424
-0.015424859628385
-0.015395041495226
-0.015365338339529
-0.015335749498009
-0.015306274312481
-0.015276912129787
-0.015247662301772
-0.015218524185218
-0.015189497141807
-0.015160580538069
-0.015131773745347
-0.015103076139734
-0.015074487102042
-0.015046006017749
-0.015017632276968
-0.014989365274382
-0.014961204409225
-0.014933149085223
-0.014905198710557
-0.014877352697823
-0.014849610463992
-0.014821971430361
-0.014794435022525
-0.014767000670327
-0.014739667807827
-0.014712435873255
-0.014685304308985
-0.014658272561476
-0.014631340081258
-0.014604506322878
-0.014577770744875
-0.014551132809734
-0.014524591983856
-0.014498147737516
-0.014471799544843
-0.014445546883762
-0.014419389235983
-0.014393326086948
-0.014367356925812
-0.014341481245399
-0.014315698542176
-0.014290008316216
-0.014264410071169
-0.014238903314225
-0.014213487556092
-0.014188162310961
-0.014162927096457
-0.014137781433646
-0.014112724846966
-0.014087756864222
-0.014062877016549
-0.014038084838385
-0.014013379867428
-0.01398876164463
-0.013964229714155
-0.013939783623352
-0.013915422922728
-0.013891147165922
-0.01386695590968
-0.013842848713814
-0.013818825141202
-0.013794884757736
-0.013771027132304
-0.013747251836775
-0.013723558445958
-0.013699946537586
-0.013676415692282
-0.013652965493551
-0.013629595527736
-0.013606305384007
-0.013583094654332
-0.013559962933454
-0.013536909818863
-0.013513934910783
-0.013491037812141
-0.013468218128544
-0.01344547546826
-0.013422809442196
-0.01340021966387
-0.013377705749397
-0.013355267317459
-0.013332903989295
-0.013310615388664
-0.013288401141839
-0.013266260877575
-0.013244194227098
-0.013222200824075
-0.013200280304602
-0.013178432307178
-0.013156656472688
-0.013134952444385
-0.013113319867867
-0.013091758391058
-0.01307026766419
-0.013048847339787
-0.01302749707264
-0.013006216519797
-0.012985005340536
-0.012963863196351
-0.012942789750935
-0.012921784670159
-0.012900847622059
-0.012879978276809
-0.012859176306721
-0.012838441386214
-0.012817773191788
-0.012797171402041
-0.012776635697611
-0.012756165761195
-0.012735761277507
-0.012715421933276
-0.012695147417225
-0.012674937420062
-0.012654791634446
-0.012634709754996
-0.012614691478256
-0.012594736502692
-0.012574844528672
-0.012555015258444
-0.012535248396141
-0.012515543647742
-0.012495900721073
-0.012476319325794
-0.01245679917337
-0.012437339977076
-0.012417941451966
-0.012398603314868
-0.012379325284372
-0.012360107080806
-0.01234094842624
-0.012321849044455
-0.012302808660936
-0.012283827002864
-0.012264903799095
-0.012246038780156
-0.012227231678219
-0.012208482227104
-0.012189790162256
-0.012171155220736
-0.012152577141211
-0.012134055663925
-0.012115590530724
-0.012097181485003
-0.012078828271721
-0.012060530637374
-0.012042288329993
-0.012024101099131
-0.012005968695845
-0.011987890872696
-0.011969867383722
-0.011951897984446
-0.011933982431847
-0.011916120484361
-0.011898311901865
-0.011880556445667
-0.011862853878497
-0.011845203964494
-0.011827606469201
-0.011810061159543
-0.011792567803827
-0.011775126171733
-0.011757736034294
-0.011740397163896
-0.011723109334265
-0.011705872320448
-0.011688685898821
-0.011671549847068
-0.011654463944163
-0.011637427970383
-0.011620441707284
-0.011603504937692
-0.011586617445691
-0.011569779016626
-0.01155298943708
-0.011536248494878
-0.011519555979069
-0.011502911679916
-0.011486315388897
-0.011469766898685
-0.011453266003147
-0.011436812497335
-0.011420406177472
-0.011404046840949
-0.011387734286312
-0.011371468313262
-0.011355248722637
-0.011339075316411
-0.011322947897681
-0.011306866270663
-0.01129083024068
-0.011274839614161
-0.011258894198623
-0.011242993802674
-0.011227138235997
-0.011211327309348
-0.011195560834546
-0.011179838624461
-0.011164160493022
-0.011148526255187
-0.011132935726958
-0.011117388725358
-0.011101885068431
-0.011086424575232
-0.011071007065821
-0.011055632361263
-0.011040300283605
-0.011025010655884
-0.011009763302111
-0.010994558047278
-0.01097939471733
-0.010964273139174
-0.010949193140668
-0.010934154550616
-0.010919157198762
-0.010904200915772
-0.010889285533249
-0.010874410883711
-0.010859576800586
-0.010844783118215
-0.010830029671828
-0.010815316297565
-0.010800642832443
-0.010786009114363
-0.010771414982104
-0.010756860275316
-0.010742344834516
-0.010727868501071
-0.010713431117213
-0.010699032526009
-0.010684672571375
-0.010670351098063
-0.010656067951651
-0.01064182297855
-0.010627616025977
-0.010613446941978
-0.010599315575399
-0.010585221775885
-0.01057116539389
-0.01055714628065
-0.010543164288198
-0.010529219269339
-0.010515311077664
-0.010501439567528
-0.010487604594056
-0.010473806013139
-0.010460043681416
-0.010446317456285
-0.010432627195888
-0.010418972759108
-0.010405354005565
-0.010391770795614
-0.010378222990336
-0.010364710451533
-0.010351233041726
-0.010337790624151
-0.010324383062754
-0.01031101022218
-0.010297671967776
-0.010284368165587
-0.010271098682347
-0.010257863385474
-0.010244662143067
-0.01023149482391
-0.010218361297453
-0.010205261433815
-0.010192195103782
-0.010179162178801
-0.010166162530974
-0.010153196033052
-0.010140262558438
-0.010127361981176
-0.010114494175949
-0.010101659018081
-0.01008885638352
-0.010076086148843
-0.010063348191258
-0.010050642388582
-0.010037968619253
-0.010025326762323
-0.010012716697446
-0.010000138304886
-0.0099875914655043
-0.0099750760607564
-0.009962591972699
-0.0099501390839629
-0.0099377172777869
-0.0099253264379694
-0.0099129664489001
-0.0099006371955384
-0.0098883385634157
-0.0098760704386331
-0.0098638327078504
-0.0098516252582943
-0.0098394479777449
-0.0098273007545357
-0.0098151834775539
-0.0098030960362299
-0.0097910383205383
-0.0097790102209952
-0.0097670116286497
-0.0097550424350915
-0.0097431025324366
-0.0097311918133223
-0.0097193101709215
-0.0097074574989249
-0.009695633691525
-0.0096838386434556
-0.0096720722499379
-0.0096603344067147
-0.0096486250100276
-0.0096369439566214
-0.0096252911437452
-0.0096136664691373
-0.0096020698310317
-0.0095905011281537
-0.0095789602597082
-0.0095674471253964
-0.009555961625393
-0.0095445036603531
-0.0095330731314063
-0.0095216699401516
-0.0095102939886665
-0.009498945179488
-0.009487623415621
-0.0094763286005292
-0.0094650606381376
-0.0094538194328266
-0.0094426048894298
-0.0094314169132329
-0.0094202554099623
-0.0094091202857988
-0.0093980114473639
-0.009386928801716
-0.0093758722563543
-0.0093648417192089
-0.0093538370986459
-0.009342858303461
-0.0093319052428752
-0.0093209778265358
-0.0093100759645134
-0.0092991995672965
-0.0092883485457931
-0.0092775228113211
-0.0092667222756191
-0.0092559468508289
-0.0092451964495046
-0.0092344709846033
-0.0092237703694858
-0.0092130945179146
-0.0092024433440495
-0.0091918167624466
-0.0091812146880549
-0.0091706370362208
-0.0091600837226718
-0.0091495546635282
-0.0091390497752904
-0.0091285689748479
-0.0091181121794659
-0.0091076793067877
-0.0090972702748382
-0.0090868850020099
-0.0090765234070697
-0.0090661854091524
-0.0090558709277714
-0.0090455798827887
-0.0090353121944403
-0.0090250677833211
-0.0090148465703863
-0.0090046484769473
-0.0089944734246733
-0.008984321335584
-0.0089741921320479
-0.0089640857367946
-0.0089540020728872
-0.0089439410637419
-0.0089339026331165
-0.0089238867051116
-0.0089138932041663
-0.0089039220550579
-0.0088939731828995
-0.0088840465131414
-0.0088741419715551
-0.0088642594842598
-0.008854398977691
-0.0088445603786102
-0.0088347436141119
-0.0088249486116055
-0.0088151752988336
-0.0088054236038398
-0.0087956934550006
-0.0087859847810033
-0.0087762975108538
-0.0087666315738596
-0.008756986899652
-0.0087473634181635
-0.008737761059636
-0.0087281797546155
-0.0087186194339592
-0.0087090800288158
-0.008699561470641
-0.0086900636911938
-0.0086805866225217
-0.0086711301969706
-0.0086616943471852
-0.0086522790060998
-0.0086428841069398
-0.0086335095832194
-0.0086241553687407
-0.0086148213975952
-0.0086055076041563
-0.0085962139230822
-0.0085869402893089
-0.0085776866380585
-0.0085684529048278
-0.0085592390253941
-0.008550044935808
-0.008540870572394
-0.0085317158717511
-0.0085225807707484
-0.0085134652065267
-0.0085043691164939
-0.0084952924383212
-0.0084862351099549
-0.0084771970695961
-0.0084681782557126
-0.0084591786070366
-0.0084501980625536
-0.0084412365615129
-0.008432294043419
-0.0084233704480325
-0.0084144657153686
-0.0084055797856983
-0.0083967125995398
-0.0083878640976639
-0.0083790342210892
-0.0083702229110887
-0.008361430109175
-0.008352655757107
-0.0083438997968903
-0.0083351621707702
-0.0083264428212353
-0.0083177416910175
-0.0083090587230807
-0.0083003938606305
-0.0082917470471126
-0.0082831182261999
-0.008274507341805
-0.0082659143380729
-0.0082573391593783
-0.0082487817503277
-0.0082402420557557
-0.0082317200207273
-0.0082232155905308
-0.0082147287106834
-0.0082062593269248
-0.0081978073852218
-0.0081893728317574
-0.0081809556129394
-0.0081725556753955
-0.0081641729659722
-0.0081558074317324
-0.008147459019956
-0.0081391276781412
-0.0081308133539964
-0.0081225159954447
-0.0081142355506251
-0.008105971967881
-0.0080977251957715
-0.008089495183062
-0.0080812818787268
-0.0080730852319457
-0.008064905192106
-0.0080567417088017
-0.0080485947318229
-0.0080404642111723
-0.0080323500970472
-0.0080242523398477
-0.0080161708901764
-0.00800810569883
-0.0080000567168053
-0.0079920238952959
-0.0079840071856893
-0.0079760065395701
-0.0079680219087187
-0.0079600532450996
