-0.50000469724437
-0.4524291938985
-0.4094708410347
-0.37067223267515
-0.3356223045371
-0.30395151420969
-0.27532753977648
-0.24945143840695
-0.22605421352027
-0.20489374525267
-0.18575204428472
-0.16843279372479
-0.1527591478001
-0.13857175966042
-0.1257270137188
-0.11409544069988
-0.10356029598599
-0.094016283988423
-0.085368413160523
-0.077530967942266
-0.07042658540895
-0.063985425712388
-0.058144426571914
-0.052846633111489
-0.048040595263686
-0.043679825784416
-0.039722312655555
-0.036130080306419
-0.032868794668172
-0.029907407595704
-0.027217836656254
-0.024774676699188
-0.022554939992435
-0.020537822042751
-0.018704490513797
-0.01703789492149
-0.015522595023762
-0.014144606034668
-0.012891258983421
-0.0117510747097
-0.010713650139666
-0.0097695556243711
-0.008910242245299
-0.008127958102199
-0.0074156726974404
-0.0067670086200089
-0.0061761798121155
-0.0056379357730604
-0.0051475111193721
-0.0047005799781027
-0.0042932147421327
-0.0039218487630692
-0.003583242599335
-0.0032744534748189
-0.0029928076374437
-0.0027358753375823
-0.0025014481737585
-0.00228751857784
-0.0020922612342159
-0.0019140162475362
-0.0017512738916555
-0.0016026607887312
-0.0014669273820793
-0.001342936579637
-0.0012296534567832
-0.0011261359180428
-0.0010315262268568
-0.00094504332137834
-0.000865975842115
-0.00079367580437127
-0.00072755285485066
-0.00066706905758813
-0.00061173415960638
-0.00056110129142014
-0.00051476306177931
-0.00047234800989527
-0.00043351738188301
-0.00039796220129232
-0.00036540060645214
-0.00033557542992221
-0.00030825199767118
-0.00028321612770237
-0.00026027230975416
-0.00023924204941785
-0.00021996236157769
-0.0002022843994831
-0.00018607220704074
-0.00017120158306709
-0.0001575590472908
-0.00014504089883663
-0.00013355235878236
-0.00012300678916087
-0.00011332498147372
-0.00010443450843452
-9.6269133223893e-05
-8.8768271073861e-05
-8.1876498468172e-05
-7.5543105677613e-05
-6.9721688745389e-05
-6.4369777380291e-05
-5.9448495552335e-05
-5.4922251865678e-05
-5.0758457055128e-05
-4.6927266190936e-05
-4.3401343394516e-05
-4.0155647068868e-05
-3.7167233823744e-05
-3.4415079443305e-05
-3.1879915389648e-05
-2.9544079471913e-05
-2.7391379434554e-05
-2.5406968327277e-05
-2.3577230623895e-05
-2.1889678145874e-05
-2.0332854935715e-05
-1.8896250293937e-05
-1.7570219270207e-05
-1.6345909958983e-05
-1.5215197009883e-05
-1.4170620802242e-05
-1.3205331810287e-05
-1.2313039694936e-05
-1.1487966719706e-05
-1.0724805117325e-05
-1.0018678064182e-05
-9.3651039542424e-06
-8.7599636888889e-06
-8.1994707224682e-06
-7.6801436276225e-06
-7.1987809671829e-06
-6.7524382719815e-06
-6.3384069481605e-06
-5.9541949475261e-06
-5.5975090516293e-06
-5.2662386341166e-06
-4.9584407723939e-06
-4.6723265990608e-06
-4.4062487838689e-06
-4.158690053366e-06
-3.928252661258e-06
-3.7136487266365e-06
-3.5136913699426e-06
-3.3272865787453e-06
-3.1534257414768e-06
-2.9911787946603e-06
-2.8396879311273e-06
-2.6981618234251e-06
-2.5658703177229e-06
-2.4421395625362e-06
-2.3263475327163e-06
-2.2179199163739e-06
-2.1163263378619e-06
-2.0210768847571e-06
-1.9317189161473e-06
-1.847834129874e-06
-1.7690358638183e-06
-1.6949666174171e-06
-1.625295768989e-06
-1.5597174786513e-06
-1.4979487583694e-06
-1.4397276945606e-06
-1.3848118160746e-06
-1.3329765889127e-06
-1.2840140316687e-06
-1.2377314414322e-06
-1.1939502195115e-06
-1.1525047912236e-06
-1.11324160964e-06
-1.0760182389987e-06
-1.0407025091119e-06
-1.0071717370027e-06
-9.7531200859455e-07
-9.4501751797671e-07
-9.1618995586093e-07
-8.8873794845064e-07
-8.6257653784897e-07
-8.3762670279854e-07
-8.1381491894749e-07
-7.9107274945419e-07
-7.6933646900452e-07
-7.4854671729251e-07
-7.286481783741e-07
-7.0958928386589e-07
-6.913219401442e-07
-6.7380127541233e-07
-6.5698540614072e-07
-6.4083522162842e-07
-6.2531418391555e-07
-6.1038814412331e-07
-5.9602517136482e-07
-5.8219539540332e-07
-5.6887086019395e-07
-5.5602538928506e-07
-5.4363446072451e-07
-5.3167509121103e-07
-5.2012572873334e-07
-5.0896615401896e-07
-4.9817738800485e-07
-4.8774160643996e-07
-4.7764206240511e-07
-4.6786301002195e-07
-4.5838963978187e-07
-4.4920801428838e-07
-4.4030500955565e-07
-4.3166826092513e-07
-4.2328611315315e-07
-4.1514757292505e-07
-4.0724226649366e-07
-3.9956039829574e-07
-3.9209271383667e-07
-3.8483046509218e-07
-3.7776537842713e-07
-3.7088962320154e-07
-3.6419578488696e-07
-3.5767683856424e-07
-3.5132612464974e-07
-3.4513732632105e-07
-3.3910444814739e-07
-3.3322179701623e-07
-3.2748396345319e-07
-3.2188580427015e-07
-3.1642242740071e-07
-3.1108917618833e-07
-3.0588161625522e-07
-3.0079552198796e-07
-2.9582686463297e-07
-2.9097180106985e-07
-2.8622666309519e-07
-2.8158794744405e-07
-2.7705230732738e-07
-2.7261654212205e-07
-2.6827759114728e-07
-2.6403252456203e-07
-2.598785373232e-07
-2.5581294160086e-07
-2.5183316115086e-07
-2.47936725664e-07
-2.4412126418611e-07
-2.4038450101713e-07
-2.3672425036348e-07
-2.3313841182688e-07
-2.2962496601183e-07
-2.2618197083229e-07
-2.2280755730221e-07
-2.1949992604481e-07
-2.1625734441979e-07
-2.1307814224191e-07
-2.0996071022336e-07
-2.0690349591488e-07
-2.039050016572e-07
-2.0096378179097e-07
-1.9807844082217e-07
-1.9524763030418e-07
-1.9247004757525e-07
-1.8974443287123e-07
-1.8706956856722e-07
-1.8444427639018e-07
-1.818674158045e-07
-1.7933788307398e-07
-1.7685460907601e-07
-1.7441655823188e-07
-1.7202272691492e-07
-1.6967214214489e-07
-1.6736386060736e-07
-1.6509696701438e-07
-1.6287057351053e-07
-1.6068381824479e-07
-1.5853586464065e-07
-1.5642590022442e-07
-1.543531350309e-07
-1.5231680245759e-07
-1.503161570671e-07
-1.4835047400741e-07
-1.4641904854657e-07
-1.4452119512017e-07
-1.4265624628896e-07
-1.4082355387782e-07
-1.3902248549353e-07
-1.3725242624323e-07
-1.3551277683586e-07
-1.3380295389387e-07
-1.3212238886264e-07
-1.3047052766491e-07
-1.288468305893e-07
-1.2725077108412e-07
-1.2568183602941e-07
-1.2413952474383e-07
-1.2262334893518e-07
-1.2113283241462e-07
-1.1966751031022e-07
-1.1822692894576e-07
-1.1681064555749e-07
-1.1541822759247e-07
-1.1404925324814e-07
-1.1270331019759e-07
-1.1137999565436e-07
-1.1007891616564e-07
-1.0879968733555e-07
-1.0754193353904e-07
-1.0630528766398e-07
-1.0508939089925e-07
-1.0389389221477e-07
-1.0271844858527e-07
-1.015627246014e-07
-1.0042639201722e-07
-9.9309129976428e-08
-9.8210624433094e-08
-9.7130568212835e-08
-9.6068660743424e-08
-9.5024607790825e-08
-9.3998121311803e-08
-9.298891963836e-08
-9.1996726785088e-08
-9.1021272517453e-08
-9.0062292350988e-08
-8.9119527187986e-08
-8.8192723382158e-08
-8.7281632465527e-08
-8.6386011053799e-08
-8.5505620555416e-08
-8.4640227339028e-08
-8.3789602435956e-08
-8.2953521634865e-08
-8.2131765125603e-08
-8.1324117351864e-08
-8.0530367032972e-08
-7.9750307282063e-08
-7.8983735104665e-08
-7.8230451598567e-08
-7.7490261447371e-08
-7.6762973697486e-08
-7.6048400646194e-08
-7.5346358283847e-08
-7.4656666247739e-08
-7.3979147648632e-08
-7.3313628936249e-08
-7.2659939923246e-08
-7.2017913505593e-08
-7.1387385954257e-08
-7.0768196574522e-08
-7.0160187544154e-08
-6.9563204330762e-08
-6.8977094994382e-08
-6.8401710633095e-08
-6.7836905020513e-08
-6.7282534719174e-08
-6.6738459043081e-08
-6.6204539696223e-08
-6.5680640701424e-08
-6.5166629882964e-08
-6.466237603869e-08
-6.4167751002284e-08
-6.3682628956147e-08
-6.3206886155663e-08
-6.2740401523849e-08
-6.2283055912411e-08
-6.183473242941e-08
-6.1395316388574e-08
-6.0964694940417e-08
-6.0542757610111e-08
-6.0129396034535e-08
-5.9724503261895e-08
-5.9327974771865e-08
-5.8939707712913e-08
-5.855960125054e-08
-5.8187556403184e-08
-5.7823475888199e-08
-5.7467264077168e-08
-5.7118827364462e-08
-5.6778073619928e-08
-5.6444912590642e-08
-5.6119255318638e-08
-5.5801014800259e-08
-5.5490105581047e-08
-5.5186443616561e-08
-5.4889946400982e-08
-5.4600533014716e-08
-5.4318124013559e-08
-5.4042641412258e-08
-5.3774008639785e-08
-5.3512150446759e-08
-5.3256993032373e-08
-5.300846387332e-08
-5.2766492065372e-08
-5.2531007689032e-08
-5.2301942301045e-08
-5.2079228521261e-08
-5.1862800397686e-08
-5.1652593353584e-08
-5.1448543645523e-08
-5.1250588847868e-08
-5.1058668040304e-08
-5.0872720937989e-08
-5.0692688766882e-08
-5.0518513632022e-08
-5.035013897172e-08
-5.0187509092617e-08
-5.0030569471492e-08
-4.9879266647305e-08
-4.9733548083483e-08
-4.9593362523789e-08
-4.945865931454e-08
-4.9329389143586e-08
-4.920550356043e-08
-4.9086954981206e-08
-4.8973696865027e-08
-4.8865683632034e-08
-4.8762870509817e-08
-4.8665213794806e-08
-4.8572670382689e-08
-4.8485198457987e-08
-4.8402756838036e-08
-4.8325305161939e-08
-4.8252803933556e-08
-4.8185214575333e-08
-4.8122499414303e-08
-4.8064621292466e-08
-4.8011544098673e-08
-4.7963232535734e-08
-4.7919651871907e-08
-4.7880768454526e-08
-4.7846548994493e-08
-4.7816961309737e-08
-4.7791973646336e-08
-4.7771555363493e-08
-4.7755676337095e-08
-4.7744307034913e-08
-4.7737418773246e-08
-4.7734983746809e-08
-4.7736974470414e-08
-4.7743364418711e-08
-4.7754127476982e-08
-4.7769238644041e-08
-4.7788673056643e-08
-4.7812406801095e-08
-4.7840416664772e-08
-4.7872679949309e-08
-4.7909174432162e-08
-4.79498790761e-08
-4.7994772612121e-08
-4.804383508645e-08
-4.8097046810325e-08
-4.815438884396e-08
-4.8215842707629e-08
-4.828139079225e-08
-4.8351015784559e-08
-4.842470091215e-08
-4.8502430173949e-08
-4.8584188146693e-08
-4.8669959761581e-08
-4.8759730725592e-08
-4.8853487103424e-08
-4.8951215617363e-08
-4.9052903464563e-08
-4.9158538663583e-08
-4.9268109234956e-08
-4.938160415991e-08
-4.9499012803307e-08
-4.9620325081452e-08
-4.9745531205097e-08
-4.9874622346603e-08
-5.0007589787086e-08
-5.014442553301e-08
-5.0285121983446e-08
-5.042967198649e-08
-5.0578069095181e-08
-5.0730307165545e-08
-5.0886380639989e-08
-5.1046284411903e-08
-5.1210013864559e-08
-5.1377564709079e-08
-5.1548933573693e-08
-5.1724116951568e-08
-5.1903112357863e-08
-5.208591748581e-08
-5.227253043784e-08
-5.246295017221e-08
-5.2657175426572e-08
-5.2855206203881e-08
-5.3057042365532e-08
-5.3262684508675e-08
-5.3472133646709e-08
-5.3685391229904e-08
-5.3902458983751e-08
-5.4123339429156e-08
-5.4348035375936e-08
-5.4576549913267e-08
-5.4808886822637e-08
-5.5045050278032e-08
-5.5285044875348e-08
-5.5528875543133e-08
-5.5776547814087e-08
-5.6028067689244e-08
-5.6283441323004e-08
-5.6542675740923e-08
-5.6805778023833e-08
-5.707275592198e-08
-5.7343617526254e-08
-5.7618371455771e-08
-5.7897026442958e-08
-5.8179592390484e-08
-5.8466078888381e-08
-5.8756496222626e-08
-5.9050855351767e-08
-5.9349167239267e-08
-5.9651443733083e-08
-5.9957696730264e-08
-6.0267938791548e-08
-6.0582183130623e-08
-6.0900442841418e-08
-6.1222731812315e-08
-6.1549064570716e-08
-6.1879455505803e-08
-6.2213920160253e-08
-6.2552473781086e-08
-6.2895132626304e-08
-6.324191325372e-08
-6.3592832638643e-08
-6.3947908209883e-08
-6.4307157603654e-08
-6.4670599578253e-08
-6.503825245597e-08
-6.5410135751433e-08
-6.5786269161278e-08
-6.6166672743927e-08
-6.6551367192738e-08
-6.6940373601159e-08
-6.7333713475003e-08
-6.7731408826176e-08
-6.8133482271472e-08
-6.8539956576539e-08
-6.895085531866e-08
-6.9366202491236e-08
-6.9786022232311e-08
-7.0210339745653e-08
-7.0639180314959e-08
-7.1072569632069e-08
-7.1510534164938e-08
-7.195310092273e-08
-7.2400297088402e-08
-7.2852150473108e-08
-7.3308689462413e-08
-7.3769943058086e-08
-7.4235940522859e-08
-7.4706711774608e-08
-7.5182287154575e-08
-7.5662697737969e-08
-7.6147974803783e-08
-7.6638150664724e-08
-7.7133257582048e-08
-7.7633328764073e-08
-7.8138397698401e-08
-7.8648498824308e-08
-7.9163666552858e-08
-7.9683936207147e-08
-8.0209343899043e-08
-8.0739925744803e-08
-8.1275718848366e-08
-8.1816760817482e-08
-8.2363089738912e-08
-8.2914744337493e-08
-8.347176408519e-08
-8.4034188682514e-08
-8.4602058714658e-08
-8.5175415509156e-08
-8.5754300613863e-08
-8.633875655453e-08
-8.6928826389944e-08
-8.7524553646478e-08
-8.8125982680563e-08
-8.8733158400063e-08
-8.9346126511435e-08
-8.9964933217281e-08
-9.0589625460969e-08
-9.1220250819478e-08
-9.1856857766681e-08
-9.2499495013968e-08
-9.3148212636135e-08
-9.3803060711892e-08
-9.4464090515175e-08
-9.5131353940984e-08
-9.580490337824e-08
-9.6484792391796e-08
-9.7171074894974e-08
-9.7863805826864e-08
-9.8563040675275e-08
-9.9268835954461e-08
-9.9981248811256e-08
-1.0070033720516e-07
-1.0142615982292e-07
-1.0215877635707e-07
-1.0289824722557e-07
-1.036446337538e-07
-1.0439799776969e-07
-1.0515840253567e-07
-1.0592591150137e-07
-1.0670059002803e-07
-1.074825033423e-07
-1.0827171800597e-07
-1.0906830143464e-07
-1.0987232210529e-07
-1.1068384905018e-07
-1.1150295290661e-07
-1.1232970468567e-07
-1.1316417664363e-07
-1.140064418856e-07
-1.1485657488478e-07
-1.1571465071003e-07
-1.1658074569625e-07
-1.1745493700434e-07
-1.183373033341e-07
-1.192279240034e-07
-1.2012687957368e-07
-1.2103425176956e-07
-1.219501234175e-07
-1.2287457842383e-07
-1.2380770210858e-07
-1.2474958055202e-07
-1.2570030143005e-07
-1.2665995348313e-07
-1.2762862649444e-07
-1.2860641196339e-07
-1.2959340209108e-07
-1.3058969098044e-07
-1.3159537356247e-07
-1.3261054630202e-07
-1.3363530695539e-07
-1.3466975471586e-07
-1.3571399023231e-07
-1.3676811539176e-07
-1.3783223373299e-07
-1.389064500579e-07
-1.3999087078273e-07
-1.4108560377869e-07
-1.4219075876794e-07
-1.4330644633299e-07
-1.4443277931279e-07
-1.4556987208102e-07
-1.4671784026311e-07
-1.4787680155634e-07
-1.4904687510467e-07
-1.502281819307e-07
-1.5142084478512e-07
-1.5262498818375e-07
-1.5384073852794e-07
-1.5506822397477e-07
-1.5630757467275e-07
-1.5755892272771e-07
-1.5882240196088e-07
-1.6009814834859e-07
-1.613863001633e-07
-1.6268699720048e-07
-1.64000381647e-07
-1.6532659848656e-07
-1.6666579303215e-07
-1.6801811464071e-07
-1.6938371435922e-07
-1.7076274528418e-07
-1.7215536322848e-07
-1.7356172611841e-07
-1.7498199452845e-07
-1.7641633145034e-07
-1.7786490229502e-07
-1.7932787527295e-07
-1.8080542104293e-07
-1.8229771312199e-07
-1.8380492784981e-07
-1.8532724394052e-07
-1.8686484337397e-07
-1.8841791099661e-07
-1.8998663453388e-07
-1.9157120489305e-07
-1.9317181566432e-07
-1.9478866441805e-07
-1.9642195111288e-07
-1.9807187961895e-07
-1.9973865676734e-07
-2.0142249318934e-07
-2.0312360334411e-07
-2.0484220410691e-07
-2.0657851686222e-07
-2.0833276716801e-07
-2.1010518371774e-07
-2.1189599947475e-07
-2.1370545139377e-07
-2.1553378064176e-07
-2.1738123245808e-07
-2.192480566424e-07
-2.2113450720179e-07
-2.2304084282752e-07
-2.249673267077e-07
-2.269142270858e-07
-2.2888181675503e-07
-2.3087037384297e-07
-2.3288018145725e-07
-2.3491152769271e-07
-2.3696470665124e-07
-2.390400174759e-07
-2.4113776529193e-07
-2.4325826092413e-07
-2.4540182115177e-07
-2.4756876889713e-07
-2.4975943366006e-07
-2.5197415114552e-07
-2.5421326383426e-07
-2.5647712104598e-07
-2.5876607928115e-07
-2.6108050223817e-07
-2.6342076100332e-07
-2.6578723428184e-07
-2.6818030908999e-07
-2.7060038027391e-07
-2.7304785111831e-07
-2.7552313349166e-07
-2.7802664843915e-07
-2.805588259379e-07
-2.8312010567547e-07
-2.8571093705906e-07
-2.883317795289e-07
-2.9098310304679e-07
-2.9366538842853e-07
-2.9637912751192e-07
-2.9912482375696e-07
-3.0190299256491e-07
-3.0471416155091e-07
-3.0755887138294e-07
-3.1043767559495e-07
-3.133511419059e-07
-3.1629985148266e-07
-3.1928440088355e-07
-3.2230540168189e-07
-3.2536348155577e-07
-3.2845928425563e-07
-3.3159347085149e-07
-3.3476672021025e-07
-3.3797972952479e-07
-3.4123321545806e-07
-3.4452791431012e-07
-3.4786458365715e-07
-3.5124400234977e-07
-3.5466697211891e-07
-3.5813431814231e-07
-3.6164689022248e-07
-3.6520556383272e-07
-3.6881124131995e-07
-3.7246485291807e-07
-3.7616735843004e-07
-3.7991974798814e-07
-3.8372304387077e-07
-3.8757830215266e-07
-3.9148661399945e-07
-3.9544910721767e-07
-3.9946694891134e-07
-4.0354134620996e-07
-4.0767354909439e-07
-4.1186485244479e-07
-4.1611659818397e-07
-4.204301777364e-07
-4.2480703473298e-07
-4.2924866766895e-07
-4.3375663305718e-07
-4.3833254816241e-07
-4.4297809451045e-07
-4.4769502190199e-07
-4.5248515154636e-07
-4.5735038015826e-07
-4.6229268508831e-07
-4.6731412756965e-07
-4.7241685936359e-07
-4.776031263486e-07
-4.8287527503444e-07
-4.8823575876653e-07
-4.9368714348862e-07
-4.9923211501794e-07
-5.0487348652369e-07
-5.1061420613997e-07
-5.1645736529934e-07
-5.2240620949829e-07
-5.2846414486194e-07
-5.3463475090703e-07
-5.409217915202e-07
-5.4732922588698e-07
-5.5386122240713e-07
-5.6052217241875e-07
-5.673167044199e-07
-5.7424970031367e-07
-5.8132631304243e-07
-5.8855198423617e-07
-5.9593246473841e-07
-6.0347383541564e-07
-6.1118253015733e-07
-6.1906536101168e-07
-6.2712954398467e-07
-6.3538272885634e-07
-6.4383302850543e-07
-6.5248905322405e-07
-6.6135994589693e-07
-6.7045542050298e-07
-6.7978580451278e-07
-6.8936208300571e-07
-6.9919594673899e-07
-7.0929984502011e-07
-7.1968704159734e-07
-7.3037167540252e-07
-7.4136882609829e-07
-7.5269458494071e-07
-7.6436613140467e-07
-7.7640181547213e-07
-7.8882124676514e-07
-8.0164539170131e-07
-8.1489667712612e-07
-8.285991024429e-07
-8.4277836289905e-07
-8.5746198006411e-07
-8.7267944522012e-07
-8.8846237296189e-07
-9.0484466850264e-07
-9.218627079002e-07
-9.3955553370463e-07
-9.579650670052e-07
-9.7713633580785e-07
-9.971177243903e-07
-1.0179612400679e-06
-1.0397228074438e-06
-1.0624625818927e-06
-1.0862452924874e-06
-1.1111406126026e-06
-1.1372235615306e-06
-1.1645749420256e-06
-1.1932818104212e-06
-1.2234379915072e-06
-1.2551446338399e-06
-1.2885108123948e-06
-1.3236541856726e-06
-1.3607017034965e-06
-1.3997903806376e-06
-1.4410681331935e-06
-1.4846946877468e-06
-1.5308425691887e-06
-1.5796981727685e-06
-1.6314629291511e-06
-1.6863545698265e-06
-1.7446085023538e-06
-1.8064793042313e-06
-1.8722423474482e-06
-1.9421955634484e-06
-2.0166613636914e-06
-2.0959887248737e-06
-2.1805554594051e-06
-2.270770683632e-06
-2.3670775033348e-06
-2.4699559342524e-06
-2.5799260808095e-06
-2.697551595471e-06
-2.8234434423848e-06
-2.9582639963309e-06
-3.1027315036916e-06
-3.2576249396181e-06
-3.4237892980889e-06
-3.6021413531798e-06
-3.7936759347306e-06
-3.9994727641617e-06
-4.2207039047616e-06
-4.4586418779412e-06
-4.7146685100404e-06
-4.9902845759945e-06
-5.2871203108448e-06
-5.6069468726999e-06
-5.9516888372296e-06
-6.3234378345887e-06
-6.7244674128703e-06
-7.1572492586922e-06
-7.6244708922287e-06
-8.1290549785584e-06
-8.6741803997943e-06
-9.2633052571113e-06
-9.9001919812981e-06
-1.0588934746018e-05
-1.1333989403816e-05
-1.2140206178293e-05
-1.3012865371578e-05
-1.3957716371578e-05
-1.4981020269807e-05
-1.6089596428517e-05
-1.7290873373371e-05
-1.859294441891e-05
-2.0004628475954e-05
-2.153553653373e-05
-2.3196144355864e-05
-2.4997871982422e-05
-2.6953170688685e-05
-2.9075618110924e-05
-3.1380022325708e-05
-3.3882535734958e-05
-3.660077970705e-05
-3.9553981001785e-05
-4.2763121120549e-05
-4.6251099827138e-05
-5.0042914209887e-05
-5.4165854794955e-05
-5.864972035881e-05
-6.3527053266077e-05
-6.8833397326504e-05
-7.4607580369263e-05
-8.0892023953249e-05
-8.773308286586e-05
-9.5181417334988e-05
-0.00010329240116789
-0.00011212656935136
-0.00012175010900584
-0.00013223539797386
-0.00014366159575622
-0.00015611529198662
-0.00016969121815279
-0.00018449302886157
-0.00020063415957331
-0.00021823876844009
-0.00023744277066083
-0.00025839497461839
-0.00028125833002012
-0.00030621129929248
-0.00033344936466116
-0.00036318668459632
-0.00039565791472655
-0.00043112020988563
-0.00046985542566534
-0.00051217253975831
-0.00055841031547713
-0.00060894023215759
-0.0006641697097308
-0.00072454565759077
-0.00079055838103543
-0.00086274588203775
-0.00094169859496119
-0.0010280646021056
-0.0011225553786863
-0.0012259521220922
-0.0013391127260562
-0.0014629794667997
-0.0015985874753207
-0.0017470740778903
-0.0019096890955523
-0.0020878062031252
-0.0022829354589347
-0.0024967371284457
-0.0027310369381688
-0.0029878429109014
-0.0032693639496361
-0.0035780303555656
-0.0039165164856491
-0.0042877657775386
-0.0046950183943766
-0.0051418417695141
-0.0056321643617413
-0.0061703129656071
-0.0067610539591628
-0.0074096389134712
-0.0081218550349187
-0.00890408096335
-0.0097633485068479
-0.010707410958364
-0.011744818711038
-0.012885002968831
-0.014138368438006
-0.015516395983941
-0.017031756348192
-0.018698436143648
-0.020531877482865
-0.022549132747602
-0.024769036178295
-0.0272123941527
-0.029902196235637
-0.032863849319225
-0.03612543743839
-0.03971801014292
-0.04367590263883
-0.048037091282609
-0.052843588426672
-0.058141881078733
-0.063983418357773
-0.070425153311895
-0.077530145316444
-0.085368230003382
-0.094016764494978
-0.10356145663831
-0.11409728797464
-0.12572954134507
-0.13857494534753
-0.1527629493406
-0.16843714435952
-0.18575684719511
-0.20489886701805
-0.22605947634476
-0.24945661087815
-0.27533232586557
-0.30395554015536
-0.33562510316998
-0.37067322462933
-0.40946931214971
-0.45242426792969
-0.49999530275558
