0 -0.4999139522397 -0.50008604810807 
0.048828125 -0.45139368521468 -0.4515479426355 
0.09765625 -0.41055533236786 -0.41068878897381 
0.146484375 -0.37588801387973 -0.37600344331471 
0.1953125 -0.34623355520024 -0.34633313862737 
0.244140625 -0.3206785338277 -0.32076470337412 
0.29296875 -0.2985021245441 -0.29857724732009 
0.341796875 -0.27912954477775 -0.27919707529117 
0.390625 -0.26209902809463 -0.26215978120059 
0.439453125 -0.24704009566001 -0.24709392442819 
0.48828125 -0.23364500388369 -0.23369434683522 
0.537109375 -0.22166380192397 -0.22171289202889 
0.5859375 -0.21089547049897 -0.21094565534693 
0.634765625 -0.20117359715262 -0.20122473679088 
0.68359375 -0.19235923188707 -0.19240948811172 
0.732421875 -0.18433486956212 -0.18438276643711 
0.78125 -0.17699754717907 -0.17704335777321 
0.830078125 -0.1702646072322 -0.170307283485 
0.87890625 -0.16406427651714 -0.16410522593307 
0.927734375 -0.15833733261587 -0.15837833046842 
0.9765625 -0.15303181291182 -0.1530726882244 
1.025390625 -0.14810265091734 -0.14814453556852 
1.07421875 -0.14351260620884 -0.14355364735908 
1.123046875 -0.13922666000201 -0.13926569317562 
1.171875 -0.13521576012803 -0.13525182390467 
1.220703125 -0.13145404723886 -0.1314872826247 
1.26953125 -0.12791939732884 -0.12794907227612 
1.318359375 -0.1245897581058 -0.12461655123511 
1.3671875 -0.12144901478689 -0.12147230448494 
1.416015625 -0.11848071240058 -0.11850138304973 
1.46484375 -0.11567098438954 -0.11568914772238 
1.513671875 -0.11300677867783 -0.11302243671892 
1.5625 -0.11047696356027 -0.11049163036833 
1.611328125 -0.10807253489122 -0.10808611404192 
1.66015625 -0.10578345355324 -0.10579591910874 
1.708984375 -0.10360133413889 -0.10361338592548 
1.7578125 -0.10151886821495 -0.10153149028235 
1.806640625 -0.099529509647596 -0.09954137466849 
1.85546875 -0.09762716068127 -0.097638290897635 
1.904296875 -0.095805120064711 -0.095816381944701 
1.953125 -0.094059726287355 -0.094070926308689 
2.001953125 -0.09238525498796 -0.092396359703173 
2.05078125 -0.090776645279334 -0.09078872195056 
2.099609375 -0.089230134770332 -0.089244110375262 
2.1484375 -0.087742547227833 -0.087758823977822 
2.197265625 -0.086311663062531 -0.086328656346495 
2.24609375 -0.084934308040602 -0.084950864779898 
2.294921875 -0.083607000837219 -0.083622899034992 
2.34375 -0.082327402035048 -0.082341648013141 
2.392578125 -0.081091201455365 -0.081104748878033 
2.44140625 -0.079897648079623 -0.079910699749632 
2.490234375 -0.078744037888043 -0.078757152031983 
2.5390625 -0.077629168795511 -0.077642529690479 
2.587890625 -0.076550605813111 -0.076563474947818 
2.63671875 -0.07550636743963 -0.075518468151245 
2.685546875 -0.074494710863462 -0.07450644547464 
2.734375 -0.073514505172852 -0.073525917571885 
2.783203125 -0.072564240593124 -0.072574632060025 
2.83203125 -0.071642117327087 -0.071652321579961 
2.880859375 -0.070747754995978 -0.070757529735261 
2.9296875 -0.069879074874848 -0.069887649631767 
2.978515625 -0.069034776399008 -0.069042368556666 
3.02734375 -0.068213888477771 -0.068221297541641 
3.076171875 -0.067415857890069 -0.067422748615741 
3.125 -0.066639817832538 -0.066646786287492 
3.173828125 -0.065884341983349 -0.065892850021044 
3.22265625 -0.065148554609436 -0.06515894582526 
3.271484375 -0.064431544525291 -0.064444010342129 
3.3203125 -0.063733136615213 -0.063747145933633 
3.369140625 -0.063052942686454 -0.063067528667773 
3.41796875 -0.062389670306118 -0.062404886878028 
3.466796875 -0.061743214860485 -0.061759228409983 
3.515625 -0.061112155521471 -0.061129158450456 
3.564453125 -0.060496511896588 -0.06051342039018 
3.61328125 -0.059895496801403 -0.059911666813321 
3.662109375 -0.059308647537136 -0.059323933111102 
3.7109375 -0.058736331847967 -0.058750230048076 
3.759765625 -0.058176867826319 -0.058190402567334 
3.80859375 -0.057630451503542 -0.05764415852309 
3.857421875 -0.057097190243098 -0.057109883746307 
3.90625 -0.05657530607948 -0.056587754558791 
3.955078125 -0.0560644288297 -0.056076772659708 
4.00390625 -0.055564507264876 -0.05557754650988 
4.052734375 -0.055075772392115 -0.055089391770593 
4.1015625 -0.054597883028805 -0.05461197827276 
4.150390625 -0.054131029257292 -0.054143990919783 
4.19921875 -0.053674233063589 -0.053685592670945 
4.248046875 -0.053226731550694 -0.053236659995378 
4.296875 -0.052788159604575 -0.052797113472025 
4.345703125 -0.052358219592634 -0.052367352750707 
4.39453125 -0.051937131621912 -0.051946571823009 
4.443359375 -0.051524581291801 -0.051533875478867 
4.4921875 -0.051120103360631 -0.051128816269852 
4.541015625 -0.05072320240015 -0.050731843102994 
4.58984375 -0.050334497107087 -0.050343014325676 
4.638671875 -0.049953539498006 -0.049961853350624 
4.6875 -0.049579837434749 -0.049587864684781 
4.736328125 -0.049213119906653 -0.049221371360318 
4.78515625 -0.048853464761351 -0.048861305028936 
4.833984375 -0.048499668337286 -0.048507953644048 
4.8828125 -0.048152339016269 -0.048161237096224 
4.931640625 -0.047811476687912 -0.04782066360815 
4.98046875 -0.047476965820806 -0.047486626768432 
5.029296875 -0.047148379668897 -0.047157830084188 
5.078125 -0.046825351985717 -0.046834460663831 
5.126953125 -0.046507695890455 -0.04651620677555 
5.17578125 -0.0461948012329 -0.046203768958208 
5.224609375 -0.045887418798316 -0.045896239478338 
5.2734375 -0.045585230747861 -0.045594687765515 
5.322265625 -0.045287971294556 -0.045298549906533 
5.37109375 -0.044995734995382 -0.045007276365482 
5.419921875 -0.044708288525726 -0.044720436047783 
5.46875 -0.044425499559452 -0.04443762843357 
5.517578125 -0.044147838283379 -0.044159206829022 
5.56640625 -0.043874999884792 -0.043885893119523 
5.615234375 -0.043606738865833 -0.04361716977462 
5.6640625 -0.043342385174242 -0.043353161599498 
5.712890625 -0.043082426736191 -0.043093065955873 
5.76171875 -0.042826749911455 -0.042836743714929 
5.810546875 -0.042575601440717 -0.042584348807395 
5.859375 -0.042329007543685 -0.042336639100995 
5.908203125 -0.042086367629054 -0.042093214351667 
5.95703125 -0.041847101484109 -0.041853808292558 
6.005859375 -0.041611532922843 -0.041618466028581 
6.0546875 -0.041379465363661 -0.041387197551217 
6.103515625 -0.04115088595222 -0.041159412298043 
6.15234375 -0.040925601237859 -0.040934550547149 
6.201171875 -0.040703748694 -0.040712586626796 
6.25 -0.040485646630259 -0.040494113294244 
6.298828125 -0.040270263946582 -0.040279034426703 
6.34765625 -0.040057265372639 -0.040066782695817 
6.396484375 -0.039846770573149 -0.039857501363599 
6.4453125 -0.039639295432721 -0.039650792319321 
6.494140625 -0.03943511135401 -0.039446817233966 
6.54296875 -0.039233886954889 -0.039246220706787 
6.591796875 -0.039035755603891 -0.039048419022834 
6.640625 -0.038840212754849 -0.038853339480283 
6.689453125 -0.038647772117429 -0.038661071639581 
6.73828125 -0.038458587851665 -0.03847106501496 
6.787109375 -0.038272070215271 -0.038283900395413 
6.8359375 -0.038087861133477 -0.03809905099115 
6.884765625 -0.037905775697482 -0.037916290848557 
6.93359375 -0.03772601232231 -0.037736355299444 
6.982421875 -0.037549444912884 -0.037559383323469 
7.03125 -0.037375307865318 -0.03738514768304 
7.080078125 -0.037203606306548 -0.037213641697235 
7.12890625 -0.037034164559714 -0.037044852004328 
7.177734375 -0.03686665510827 -0.036878116924072 
7.2265625 -0.036701044408119 -0.036712698131623 
7.275390625 -0.036537430379894 -0.036549292631321 
7.32421875 -0.036375812901724 -0.03638781613995 
7.373046875 -0.036216545960087 -0.036228117504606 
7.421875 -0.036059852079006 -0.036070623833211 
7.470703125 -0.035905323825887 -0.035915417163778 
7.51953125 -0.035752914760224 -0.035762306172387 
7.568359375 -0.035602592854275 -0.035611299677157 
7.6171875 -0.035453958493463 -0.035462626950448 
7.666015625 -0.035306556672936 -0.035315819060543 
7.71484375 -0.035160678344482 -0.035170383726154 
7.763671875 -0.035016579484818 -0.035027111750765 
7.8125 -0.034874442635555 -0.034885715519977 
7.861328125 -0.034734190232712 -0.034746197606182 
7.91015625 -0.034595920393599 -0.034608459815558 
7.958984375 -0.034459861662071 -0.034471987881261 
8.0078125 -0.034325589006357 -0.034336781321599 
8.056640625 -0.034192743118865 -0.034203150218332 
8.10546875 -0.034061469710764 -0.034071427398203 
8.154296875 -0.033931571982976 -0.033941250412681 
8.203125 -0.033802743634169 -0.033812585832948 
8.251953125 -0.033675581954185 -0.033685323748841 
8.30078125 -0.033549973444451 -0.033559237680265 
8.349609375 -0.033425914771669 -0.033434615218312 
8.3984375 -0.03330326878131 -0.033311925366434 
8.447265625 -0.033182070119892 -0.033190838688597 
8.49609375 -0.033062348165913 -0.033070937105094 
8.544921875 -0.0329438520655 -0.032952126752889 
8.59375 -0.032826944573571 -0.0328349026654 
8.642578125 -0.032711165254796 -0.032719333656587 
8.69140625 -0.032596921375443 -0.032605250339202 
8.740234375 -0.032484206785739 -0.032492428857267 
8.7890625 -0.032372171249335 -0.032380783421559 
8.837890625 -0.032261440474713 -0.032270288161271 
8.88671875 -0.032151958970189 -0.032160713029043 
8.935546875 -0.032043913884991 -0.032052418865078 
8.984375 -0.031937591148562 -0.031945759123346 
9.033203125 -0.031833134482895 -0.031840007636674 
9.08203125 -0.031729453455455 -0.031735230664253 
9.130859375 -0.031626523951445 -0.031631782906288 
9.1796875 -0.031524221640439 -0.031529282255406 
9.228515625 -0.031422516263774 -0.031428104556653 
9.27734375 -0.031321684901286 -0.031328080050571 
9.326171875 -0.0312219963605 -0.03122937713124 
9.375 -0.031123504778179 -0.031131724295165 
9.423828125 -0.03102661940602 -0.031035030530802 
9.47265625 -0.030931027803945 -0.030939503221816 
9.521484375 -0.030836611339737 -0.03084494179825 
9.5703125 -0.030743284520213 -0.030751124357039 
9.619140625 -0.030651139094516 -0.030657937306614 
9.66796875 -0.030559859479581 -0.030566164922675 
9.716796875 -0.0304691314509 -0.030475702862987 
9.765625 -0.030379541773755 -0.030386746013164 
9.814453125 -0.030290819440779 -0.030298480888405 
9.86328125 -0.030202739555989 -0.030210745108889 
9.912109375 -0.03011566653413 -0.03012370548845 
9.9609375 -0.030029359386162 -0.030037677058999 
10.009765625 -0.029944163967457 -0.029952374469985 
10.05859375 -0.029860242181257 -0.029868169344581 
10.107421875 -0.02977666013112 -0.029784714379048 
10.15625 -0.029694168163587 -0.029702247951263 
10.205078125 -0.0296128560733 -0.029620570234329 
10.25390625 -0.029532229934603 -0.029539062882122 
10.302734375 -0.0294522252766 -0.029458700832492 
10.3515625 -0.029372825401197 -0.029378931933479 
10.400390625 -0.029294149721864 -0.029300050830443 
10.44921875 -0.029216559711131 -0.029222074664403 
10.498046875 -0.029139158582893 -0.029144359309385 
10.546875 -0.029062312572023 -0.029067839588606 
10.595703125 -0.028986470870223 -0.028991902981943 
10.64453125 -0.028911516681092 -0.028916584773015 
10.693359375 -0.028837195572351 -0.028842734113823 
10.7421875 -0.028763492766529 -0.028769711102086 
10.791015625 -0.028690149357772 -0.028697577315825 
10.83984375 -0.028617541859603 -0.028626408367472 
10.888671875 -0.028545866415016 -0.028555742024764 
10.9375 -0.028475412991838 -0.02848558014739 
10.986328125 -0.028405526665892 -0.028416340292779 
11.03515625 -0.02833630600071 -0.028347777814588 
11.083984375 -0.028267544974369 -0.028279810070444 
11.1328125 -0.028199518816336 -0.028212123262392 
11.181640625 -0.028132009159435 -0.028145214316055 
11.23046875 -0.028065027915318 -0.028078769481226 
11.279296875 -0.027998695224142 -0.028013070435463 
11.328125 -0.027933221204876 -0.027947817629865 
11.376953125 -0.027868427071553 -0.027882741640724 
11.42578125 -0.027804084104901 -0.027817863347764 
11.474609375 -0.02774052806808 -0.027752904025419 
11.5234375 -0.027677584974299 -0.027688404082937 
11.572265625 -0.027615470868568 -0.027624758977709 
11.62109375 -0.027554208815673 -0.027562050879396 
11.669921875 -0.027493331168444 -0.027500479957553 
11.71875 -0.027432955393124 -0.02743979398133 
11.767578125 -0.027373139416113 -0.027379693687863 
11.81640625 -0.027314103532035 -0.027320156762016 
11.865234375 -0.027255865735697 -0.027261249491403 
11.9140625 -0.027198254678979 -0.02720310304403 
11.962890625 -0.027141058450979 -0.02714537521797 
12.01171875 -0.027084303979564 -0.027088016865946 
12.060546875 -0.027027866954086 -0.027031276272055 
12.109375 -0.026971872060585 -0.026975012700177 
12.158203125 -0.026916154657329 -0.026919298522898 
12.20703125 -0.026861137499964 -0.026864341267355 
12.255859375 -0.026806397586824 -0.026810088291086 
12.3046875 -0.026752151914479 -0.026756258291925 
12.353515625 -0.026698798969392 -0.026702731677688 
12.40234375 -0.026645662521105 -0.02664960973857 
12.451171875 -0.026593161649316 -0.026597015322523 
12.5 -0.026541446069587 -0.026545522000788 
12.548828125 -0.026490297491819 -0.026494746725575 
12.59765625 -0.026439440983268 -0.0264444547106 
12.646484375 -0.026389048914552 -0.026394298727382 
12.6953125 -0.02633907897075 -0.026344188510166 
12.744140625 -0.026289129328916 -0.026294235426576 
12.79296875 -0.026239538662821 -0.026244705448789 
12.841796875 -0.026190599791789 -0.026195476801149 
12.890625 -0.026141965487341 -0.026146664850785 
12.939453125 -0.026093492120253 -0.026098531281377 
12.98828125 -0.026045036450796 -0.026050883943753 
13.037109375 -0.025996800578241 -0.026003864982158 
13.0859375 -0.025948884893751 -0.02595658937571 
13.134765625 -0.025901643274437 -0.025909661359719 
13.18359375 -0.025855267248289 -0.025863159686196 
13.232421875 -0.025809678595579 -0.025817506576459 
13.28125 -0.025764625770762 -0.025773048923611 
13.330078125 -0.025720184222791 -0.025728524516126 
13.37890625 -0.025676288734303 -0.025684276663469 
13.427734375 -0.025632720220756 -0.025640258139902 
13.4765625 -0.025589673247168 -0.025596418040095 
13.525390625 -0.025547263780936 -0.025552889586379 
13.57421875 -0.025505051034088 -0.025509913048836 
13.623046875 -0.025462475587801 -0.025467086084518 
13.671875 -0.025420049283412 -0.025424431948068 
13.720703125 -0.025378149044627 -0.025382148646031 
13.76953125 -0.025336752343719 -0.025340048121507 
13.818359375 -0.025295588444806 -0.025298571125859 
13.8671875 -0.025254951986653 -0.025257716503347 
13.916015625 -0.025214546841653 -0.025217340854169 
13.96484375 -0.025174433315215 -0.025177655201105 
14.013671875 -0.025134782838677 -0.025138676249298 
14.0625 -0.02509580282549 -0.025100045182853 
14.111328125 -0.025056835432679 -0.025061860560982 
14.16015625 -0.025017974523053 -0.025023528779002 
14.208984375 -0.024979317742691 -0.024985258382912 
14.2578125 -0.024941199699924 -0.024946962520289 
14.306640625 -0.0249031549954 -0.024908972245157 
14.35546875 -0.024865425485132 -0.024871700087033 
14.404296875 -0.024828389776985 -0.024834999707537 
14.453125 -0.024791807176598 -0.024798704324667 
14.501953125 -0.024755345367112 -0.02476311989426 
14.55078125 -0.024719380153101 -0.024727814802873 
14.599609375 -0.024683759271966 -0.024692542001048 
14.6484375 -0.024648572950582 -0.024657670124725 
14.697265625 -0.024613888792373 -0.024622457830674 
14.74609375 -0.024579169839399 -0.024587733983935 
14.794921875 -0.024544564844746 -0.024553225083764 
14.84375 -0.024510570088069 -0.024519095396045 
14.892578125 -0.024476954215515 -0.02448528519426 
14.94140625 -0.0244438755185 -0.024451621403614 
14.990234375 -0.024411398680513 -0.024418134807547 
15.0390625 -0.02437882406366 -0.024385156009203 
15.087890625 -0.024345935649308 -0.024352339714596 
15.13671875 -0.024313160702604 -0.024319432730408 
15.185546875 -0.024280757842917 -0.024286661429187 
15.234375 -0.024248627299585 -0.024254364688659 
15.283203125 -0.024216870563578 -0.024222237507502 
15.33203125 -0.024185434156152 -0.02419059344038 
15.380859375 -0.024154328524446 -0.024159498987956 
15.4296875 -0.024123729851453 -0.024128894103342 
15.478515625 -0.024093339468436 -0.024098070636455 
15.52734375 -0.024063328565035 -0.02406771684764 
15.576171875 -0.024033325434402 -0.024037878027457 
15.625 -0.024003618894085 -0.024007871016011 
15.673828125 -0.02397422426634 -0.023978057819932 
15.72265625 -0.023944968226942 -0.023948729491394 
15.771484375 -0.023916237492585 -0.023919967320353 
15.8203125 -0.023887413972489 -0.02389166380749 
15.869140625 -0.023859027146955 -0.023863654348133 
15.91796875 -0.02383078681828 -0.023835885991957 
15.966796875 -0.023802745474995 -0.023808063767547 
16.015625 -0.023775066679718 -0.023780175119782 
16.064453125 -0.023747866304575 -0.023752344817467 
16.11328125 -0.023720825403643 -0.023725016418439 
16.162109375 -0.023693833020161 -0.023698339719658 
16.2109375 -0.023666931600246 -0.02367203135168 
16.259765625 -0.02364030453009 -0.023645853648986 
16.30859375 -0.023613970002998 -0.023619842259222 
16.357421875 -0.023587864366391 -0.023594213643946 
16.40625 -0.023562064402995 -0.02356863389582 
16.455078125 -0.023536213354419 -0.023542768537936 
16.50390625 -0.023510389738249 -0.023517084508967 
16.552734375 -0.023485000931714 -0.023491996853181 
16.6015625 -0.02346002207787 -0.023466961249142 
16.650390625 -0.023435524306478 -0.023442347502623 
16.69921875 -0.023411736150138 -0.023418075566042 
16.748046875 -0.023387930424633 -0.023394271281404 
16.796875 -0.023364362561097 -0.023370735482558 
16.845703125 -0.023340829387053 -0.023347220889946 
16.89453125 -0.023317120380398 -0.023323721206452 
16.943359375 -0.023293709343989 -0.023300317996245 
16.9921875 -0.023270639569546 -0.023277253900233 
17.041015625 -0.02324750476555 -0.023254541968754 
17.08984375 -0.023224712490673 -0.023231997445009 
17.138671875 -0.02320233549176 -0.023209560208215 
17.1875 -0.023180162722156 -0.023186959041368 
17.236328125 -0.023158366668667 -0.023164236951288 
17.28515625 -0.02313656588808 -0.023141833188674 
17.333984375 -0.023114907760373 -0.023119895940226 
17.3828125 -0.023093280170087 -0.023098384023115 
17.431640625 -0.023072088865774 -0.023077123066969 
17.48046875 -0.023051219058516 -0.02305599884653 
17.529296875 -0.023030569938101 -0.023034940510797 
17.578125 -0.023009933748654 -0.023014390763365 
17.626953125 -0.022989666231979 -0.022993916476935 
17.67578125 -0.022969491429876 -0.022973760407922 
17.724609375 -0.022949336607326 -0.022953827745823 
17.7734375 -0.022929066751658 -0.022934231710906 
17.822265625 -0.022909321941597 -0.022914673484365 
17.87109375 -0.022890033826116 -0.022895126081494 
17.919921875 -0.022871326380255 -0.022875984484699 
17.96875 -0.02285246827114 -0.022856560277432 
18.017578125 -0.022833466192651 -0.022837344166419 
18.06640625 -0.022814009414105 -0.022818283669494 
18.115234375 -0.02279480426796 -0.022799810556762 
18.1640625 -0.02277590786025 -0.022781363658169 
18.212890625 -0.022757427101396 -0.022762925961388 
18.26171875 -0.022739118495792 -0.022744609800384 
18.310546875 -0.022721115254853 -0.022726451297331 
18.359375 -0.02270340857126 -0.02270866584854 
18.408203125 -0.022685957827207 -0.022691006030527 
18.45703125 -0.02266896645142 -0.02267367120885 
18.505859375 -0.022652033645272 -0.022656314971528 
18.5546875 -0.022634888914354 -0.022638870050741 
18.603515625 -0.022618372525812 -0.022621409181056 
18.65234375 -0.022602194314686 -0.022604461519222 
18.701171875 -0.022586000566662 -0.022587929952579 
18.75 -0.022569915653776 -0.022571818529514 
18.798828125 -0.022553958806384 -0.0225555205825 
18.84765625 -0.02253802328255 -0.022539213870004 
18.896484375 -0.022522186194919 -0.022523083656097 
18.9453125 -0.022506239957693 -0.022506808655635 
18.994140625 -0.022490337130193 -0.022490753306329 
19.04296875 -0.022474421506786 -0.022474888455235 
19.091796875 -0.022458991528993 -0.022459200926505 
19.140625 -0.022443616786404 -0.022443998998597 
19.189453125 -0.022428293736311 -0.02242894591086 
19.23828125 -0.022413161509803 -0.02241434154962 
19.287109375 -0.02239795150399 -0.022399693861189 
19.3359375 -0.022383078042367 -0.022385261944692 
19.384765625 -0.022368966846443 -0.022370904953959 
19.43359375 -0.022355145928259 -0.022356534263054 
19.482421875 -0.022341599528772 -0.022342084518868 
19.53125 -0.022328185680635 -0.022327825628054 
19.580078125 -0.022315143810147 -0.02231361501731 
19.62890625 -0.022301923291479 -0.022299547254988 
19.677734375 -0.022288608610779 -0.022285998921006 
19.7265625 -0.02227531732251 -0.022272711824826 
19.775390625 -0.022262121896574 -0.022259560468228 
19.82421875 -0.022249024285884 -0.022246368704373 
19.873046875 -0.022235705216417 -0.02223325648265 
19.921875 -0.022222497472967 -0.022220346559379 
19.970703125 -0.022209278946093 -0.022207788557125 
20.01953125 -0.022196273570444 -0.022195258010697 
20.068359375 -0.022183885244885 -0.022182798089716 
20.1171875 -0.022171397007469 -0.022170678090106 
20.166015625 -0.022159044912314 -0.022159029884051 
20.21484375 -0.022146538850166 -0.022147551065927 
20.263671875 -0.022133893666478 -0.022136065169207 
20.3125 -0.022121667374449 -0.022124589518171 
20.361328125 -0.022109932248441 -0.022113195311704 
20.41015625 -0.02209845157472 -0.022101753926563 
20.458984375 -0.022087223732115 -0.022090197465332 
20.5078125 -0.022076024379658 -0.022078751169602 
20.556640625 -0.022065154460961 -0.022067647493714 
20.60546875 -0.022054426996647 -0.022056964004605 
20.654296875 -0.022043671979191 -0.022046084270869 
20.703125 -0.022033134443745 -0.022035223236344 
20.751953125 -0.022022404188192 -0.022024515950079 
20.80078125 -0.022011819484305 -0.022014048829988 
20.849609375 -0.022001472659895 -0.022003675446285 
20.8984375 -0.021991282419549 -0.021993436386992 
20.947265625 -0.021981320558552 -0.021983490331422 
20.99609375 -0.02197135536403 -0.021973937916528 
21.044921875 -0.021961263231788 -0.021964407906808 
21.09375 -0.02195111731794 -0.021955241914839 
21.142578125 -0.021941366262126 -0.021946410265855 
21.19140625 -0.021932106435997 -0.021937541107036 
21.240234375 -0.021922771859181 -0.021928672552349 
21.2890625 -0.021913688937275 -0.021919932632727 
21.337890625 -0.021904897667127 -0.021911253410735 
21.38671875 -0.021896167821978 -0.021902814213036 
21.435546875 -0.021887110774742 -0.021894341593907 
21.484375 -0.021878412977458 -0.021886038067805 
21.533203125 -0.021870126214253 -0.021877929449602 
21.58203125 -0.021861994915753 -0.021870068237149 
21.630859375 -0.021854081241827 -0.021862101713396 
21.6796875 -0.021846379902627 -0.021854365103763 
21.728515625 -0.021838846816763 -0.021846652762179 
21.77734375 -0.021831376741602 -0.021839008492179 
21.826171875 -0.021823754933166 -0.021831477510432 
21.875 -0.021816138399117 -0.021824057143931 
21.923828125 -0.021808949466731 -0.021816699940473 
21.97265625 -0.021801941747299 -0.021809296626088 
22.021484375 -0.021795136894525 -0.02180222962761 
22.0703125 -0.02178866454642 -0.02179543943862 
22.119140625 -0.021782397413062 -0.021788688753986 
22.16796875 -0.021776266759616 -0.021782048322621 
22.216796875 -0.021769895823127 -0.021775655512556 
22.265625 -0.021763743475958 -0.021769625067691 
22.314453125 -0.021757967277836 -0.021763413801636 
22.36328125 -0.021752021478051 -0.021757371589274 
22.412109375 -0.021745995411038 -0.021751429104143 
22.4609375 -0.021740220667425 -0.021745611507868 
22.509765625 -0.0217344294947 -0.021740125746192 
22.55859375 -0.021728695979846 -0.021734437634223 
22.607421875 -0.021722891571926 -0.021728664462216 
22.65625 -0.021717412120779 -0.021722739684719 
22.705078125 -0.021712332505786 -0.021716862755966 
22.75390625 -0.021707538657893 -0.021711399264177 
22.802734375 -0.021702646664608 -0.021706030375981 
22.8515625 -0.021697496707247 -0.021700693826006 
22.900390625 -0.021692336633805 -0.021695514031762 
22.94921875 -0.021687068821166 -0.021690576750188 
22.998046875 -0.021682081129029 -0.021685815732781 
23.046875 -0.021677280524273 -0.021681023733436 
23.095703125 -0.021672694047083 -0.021676135276039 
23.14453125 -0.021667937219036 -0.021671214344451 
23.193359375 -0.021663204648121 -0.021666726269132 
23.2421875 -0.021658762735569 -0.021662480625309 
23.291015625 -0.021654626015788 -0.021658201826995 
23.33984375 -0.021650598341694 -0.021654038403312 
23.388671875 -0.021646749968795 -0.02165007369058 
23.4375 -0.021643040263598 -0.021646185396776 
23.486328125 -0.021639331523602 -0.021642220414606 
23.53515625 -0.021635643460513 -0.021638570814957 
23.583984375 -0.021632307712252 -0.021635253350496 
23.6328125 -0.021629144116787 -0.021632180403913 
23.681640625 -0.02162658224438 -0.021629523445426 
23.73046875 -0.021624479171578 -0.021626932291838 
23.779296875 -0.02162250743163 -0.02162426733139 
23.828125 -0.021620369154789 -0.021621572284403 
23.876953125 -0.021618217865807 -0.021618632462605 
23.92578125 -0.021615934490228 -0.021615655214873 
23.974609375 -0.021613576365553 -0.021612819608663 
24.0234375 -0.021611202728991 -0.021609950921402 
24.072265625 -0.021608906269876 -0.021607063538113 
24.12109375 -0.021607094222418 -0.021604520901292 
24.169921875 -0.021605570340853 -0.021602271214306 
24.21875 -0.02160393374993 -0.021600301568697 
24.267578125 -0.021602219853548 -0.021598700191362 
24.31640625 -0.021600669082773 -0.02159708209183 
24.365234375 -0.021599122068892 -0.021595503689468 
24.4140625 -0.021597916394967 -0.021594073769165 
24.462890625 -0.021596847755063 -0.021593327440996 
24.51171875 -0.021595721265385 -0.021592799423161 
24.560546875 -0.021594828741399 -0.021591866330709 
24.609375 -0.02159426461435 -0.021590924868633 
24.658203125 -0.021593912271555 -0.021590118903305 
24.70703125 -0.021593668368041 -0.021589411548575 
24.755859375 -0.021593134198383 -0.021588817552583 
24.8046875 -0.02159259800078 -0.021588658791643 
24.853515625 -0.021592405123556 -0.02158882338972 
24.90234375 -0.021591807417963 -0.021589089917825 
24.951171875 -0.021591033555524 -0.021589905897372 
25 -0.021590555425973 -0.021590555425291 
25.048828125 -0.021589905894416 -0.021591033551658 
25.09765625 -0.021589089911004 -0.021591807412506 
25.146484375 -0.02158882338199 -0.021592405114234 
25.1953125 -0.021588658782093 -0.02159259799032 
25.244140625 -0.021588817538714 -0.021593134184513 
25.29296875 -0.021589411532204 -0.021593668351898 
25.341796875 -0.021590118885342 -0.021593912253593 
25.390625 -0.021590924848624 -0.021594264593432 
25.439453125 -0.021591866307517 -0.021594828716843 
25.48828125 -0.021592799397922 -0.021595721238555 
25.537109375 -0.021593327411665 -0.021596847725959 
25.5859375 -0.02159407373756 -0.021597916364499 
25.634765625 -0.021595503654908 -0.021599122034786 
25.68359375 -0.021597082054541 -0.021600669045711 
25.732421875 -0.021598700150889 -0.021602219814213 
25.78125 -0.021600301527542 -0.021603933707866 
25.830078125 -0.021602271171105 -0.021605570295833 
25.87890625 -0.021604520853771 -0.021607094174442 
25.927734375 -0.021607063488318 -0.021608906218262 
25.9765625 -0.021609950867969 -0.021611202675103 
26.025390625 -0.021612819553866 -0.021613576309392 
26.07421875 -0.021615655156666 -0.021615934431566 
26.123046875 -0.021618632402351 -0.021618217805099 
26.171875 -0.021621572222784 -0.021620369090215 
26.220703125 -0.021624267266361 -0.0216225073641 
26.26953125 -0.021626932224081 -0.021624479102684 
26.318359375 -0.021629523373804 -0.021626582172075 
26.3671875 -0.021632180330698 -0.021629144041981 
26.416015625 -0.021635253273416 -0.021632307635173 
26.46484375 -0.021638570736286 -0.021635643380023 
26.513671875 -0.021642220333206 -0.021639331441065 
26.5625 -0.021646185312875 -0.02164304017856 
26.611328125 -0.021650073604633 -0.021646749882393 
26.66015625 -0.021654038313272 -0.021650598251426 
26.708984375 -0.021658201735363 -0.021654625920746 
26.7578125 -0.021662480531177 -0.021658762638708 
26.806640625 -0.021666726170906 -0.021663204550123 
26.85546875 -0.021671214244407 -0.021667937118536 
26.904296875 -0.021676135172356 -0.021672693941809 
26.953125 -0.021681023628162 -0.021677280418999 
27.001953125 -0.021685815625005 -0.02168208101989 
27.05078125 -0.021690576639003 -0.021687068710662 
27.099609375 -0.021695513917621 -0.021692336519891 
27.1484375 -0.021700693710045 -0.021697496590832 
27.197265625 -0.021706030257519 -0.021702646545691 
27.24609375 -0.02171139914276 -0.021707538536702 
27.294921875 -0.02171686263182 -0.021712332378911 
27.34375 -0.021722739558754 -0.021717411992768 
27.392578125 -0.021728664332841 -0.021722891442096 
27.44140625 -0.021734437502573 -0.021728695848196 
27.490234375 -0.02174012561477 -0.021734429360095 
27.5390625 -0.021745611370079 -0.021740220528727 
27.587890625 -0.021751428965672 -0.021745995270976 
27.63671875 -0.02175737144762 -0.021752021334351 
27.685546875 -0.021763413657709 -0.021757967131862 
27.734375 -0.021769624918988 -0.021763743327938 
27.783203125 -0.021775655362717 -0.021769895671468 
27.83203125 -0.021782048168689 -0.021776266606366 
27.880859375 -0.021788688599599 -0.021782397256402 
27.9296875 -0.021795439280595 -0.021788664388168 
27.978515625 -0.021802229467539 -0.021795136733544 
28.02734375 -0.021809296463971 -0.021801941581998 
28.076171875 -0.021816699774263 -0.021808949299839 
28.125 -0.021824056975674 -0.021816138229269 
28.173828125 -0.021831477338992 -0.021823754761044 
28.22265625 -0.021839008318238 -0.021831376568343 
28.271484375 -0.021846652586191 -0.021838846639639 
28.3203125 -0.021854364925275 -0.021846379723002 
28.369140625 -0.021862101531042 -0.021854081058791 
28.41796875 -0.02187006805184 -0.021861994731807 
28.466796875 -0.021877929263383 -0.02187012602667 
28.515625 -0.02188603787863 -0.021878412786918 
28.564453125 -0.021894341403822 -0.021887110581702 
28.61328125 -0.021902814018404 -0.021896167627119 
28.662109375 -0.021911253213375 -0.021904897469312 
28.7109375 -0.021919932434002 -0.021913688736049 
28.759765625 -0.021928672348622 -0.021922771656591 
28.80859375 -0.021937540900808 -0.021932106230906 
28.857421875 -0.021946410056898 -0.021941366053625 
28.90625 -0.021955241705427 -0.021951117106255 
28.955078125 -0.021964407693304 -0.021961263017829 
29.00390625 -0.021973937700523 -0.021971355147343 
29.052734375 -0.021983490113143 -0.021981320338 
29.1015625 -0.021993436165303 -0.021991282196723 
29.150390625 -0.022003675222095 -0.022001472434567 
29.19921875 -0.02201404860466 -0.022011819258068 
29.248046875 -0.022024515720432 -0.022022403958999 
29.296875 -0.022035223003968 -0.022033134210687 
29.345703125 -0.022046084037129 -0.022043671743859 
29.39453125 -0.022056963767682 -0.022054426759041 
29.443359375 -0.022067647255199 -0.022065154220627 
29.4921875 -0.022078750928358 -0.022076024137277 
29.541015625 -0.022090197221814 -0.022087223487006 
29.58984375 -0.022101753680317 -0.022098451324609 
29.638671875 -0.022113195062957 -0.022109931998102 
29.6875 -0.022124589265331 -0.022121667121837 
29.736328125 -0.022136064912274 -0.022133893411137 
29.78515625 -0.02214755080854 -0.022146538591187 
29.833984375 -0.022159029624845 -0.022159044650607 
29.8828125 -0.022170677828854 -0.022171396744625 
29.931640625 -0.022182797824371 -0.02218388497954 
29.98046875 -0.022195257742851 -0.022196273301461 
30.029296875 -0.022207788287687 -0.022209278675291 
30.078125 -0.022220346287213 -0.022222497201255 
30.126953125 -0.022233256205709 -0.022235704941068 
30.17578125 -0.022246368426295 -0.022249024007124 
30.224609375 -0.022259560187422 -0.02226212161554 
30.2734375 -0.022272711540836 -0.02227531703943 
30.322265625 -0.022285998635653 -0.022288608323606 
30.37109375 -0.022299546965996 -0.022301923002942 
30.419921875 -0.022313614726045 -0.022315143518199 
30.46875 -0.022327825334742 -0.022328185385504 
30.517578125 -0.022342084222601 -0.02234159923114 
30.56640625 -0.022356533964057 -0.022355145629263 
30.615234375 -0.02237090465178 -0.022368966544491 
30.6640625 -0.022385261640466 -0.022383077738368 
30.712890625 -0.022399693554007 -0.022397951197263 
30.76171875 -0.022414341241074 -0.022413161199893 
30.810546875 -0.022428945599813 -0.0224282934239 
30.859375 -0.022443998684821 -0.022443616473083 
30.908203125 -0.022459200609774 -0.022458991211579 
30.95703125 -0.022474888135321 -0.022474421186871 
31.005859375 -0.02249075298414 -0.022490336807323 
31.0546875 -0.02250680833049 -0.022506239631639 
31.103515625 -0.022523083327314 -0.022522185867047 
31.15234375 -0.022539213540313 -0.022538022952858 
31.201171875 -0.02255552025008 -0.022553958472372 
31.25 -0.022571818193683 -0.022569915317945 
31.298828125 -0.022587929614019 -0.02258600022833 
31.34765625 -0.022604461178162 -0.022602193973853 
31.396484375 -0.022621408838859 -0.022618372182478 
31.4453125 -0.022638869706498 -0.022634888568746 
31.494140625 -0.022656314623646 -0.022652033297391 
31.54296875 -0.022673670858239 -0.022668966100127 
31.591796875 -0.022691005676506 -0.022685957474096 
31.640625 -0.022708665491564 -0.022703408214738 
31.689453125 -0.022726450939217 -0.022721114895603 
31.73828125 -0.022744609439314 -0.022739118134496 
31.787109375 -0.022762925598499 -0.022757426737144 
31.8359375 -0.022781363294598 -0.022775907494406 
31.884765625 -0.022799810187735 -0.022794803899615 
31.93359375 -0.022818283298875 -0.022814009043714 
31.982421875 -0.02283734379057 -0.022833465817257 
32.03125 -0.022856559900902 -0.022852467893472 
32.080078125 -0.022875984107259 -0.02287132600236 
32.12890625 -0.02289512570087 -0.022890033445492 
32.177734375 -0.022914673098967 -0.022909321557108 
32.2265625 -0.022934231325962 -0.022929066364668 
32.275390625 -0.022953827356559 -0.022949336219654 
32.32421875 -0.022973760017294 -0.022969491039476 
32.373046875 -0.022993916084033 -0.022989665838622 
32.421875 -0.023014390366825 -0.023009933352114 
32.470703125 -0.023034940112893 -0.023030569538605 
32.51953125 -0.023055998444534 -0.023051218657201 
32.568359375 -0.023077122662471 -0.023072088461504 
32.6171875 -0.023098383617025 -0.02309327976468 
32.666015625 -0.023119895532091 -0.023114907351783 
32.71484375 -0.023141832777583 -0.023136565475397 
32.763671875 -0.02316423653815 -0.02315836625462 
32.8125 -0.023186958624365 -0.023180162304698 
32.861328125 -0.023209559790303 -0.023202335072938 
32.91015625 -0.023231997022776 -0.023224712069577 
32.958984375 -0.023254541545157 -0.02324750434218 
33.0078125 -0.02327725347368 -0.023270639143902 
33.056640625 -0.023300317567418 -0.023293708914935 
33.10546875 -0.023323720776034 -0.023317119948388 
33.154296875 -0.023347220456799 -0.023340828952087 
33.203125 -0.023370735047592 -0.023364362125221 
33.251953125 -0.023394270841891 -0.023387929984892 
33.30078125 -0.023418075125392 -0.023411735709715 
33.349609375 -0.023442347059245 -0.023435523862418 
33.3984375 -0.023466960803489 -0.023460021629262 
33.447265625 -0.023491996403209 -0.023485000481742 
33.49609375 -0.023517084058312 -0.023510389287139 
33.544921875 -0.023542768084781 -0.023536212901945 
33.59375 -0.023568633441073 -0.023562063946883 
33.642578125 -0.023594213185788 -0.023587863905959 
33.69140625 -0.023619841798563 -0.023613969541657 
33.740234375 -0.023645853185144 -0.023640304065111 
33.7890625 -0.023672030884654 -0.023666931133448 
33.837890625 -0.023698339250132 -0.023693832551771 
33.88671875 -0.023725015947321 -0.023720824931843 
33.935546875 -0.023752344344757 -0.023747865830501 
33.984375 -0.023780174642525 -0.023775066204053 
34.033203125 -0.023808063289152 -0.023802744995692 
34.08203125 -0.023835885511517 -0.023830786338294 
34.130859375 -0.023863653864737 -0.023859026664013 
34.1796875 -0.023891663322502 -0.023887413486364 
34.228515625 -0.023919966833091 -0.023916237004187 
34.27734375 -0.023948729000949 -0.023944967736725 
34.326171875 -0.023978057327213 -0.023974223773848 
34.375 -0.024007870518972 -0.024003618397956 
34.423828125 -0.024037877528599 -0.024033324935317 
34.47265625 -0.024067716347645 -0.024063328062994 
34.521484375 -0.024098070134187 -0.024093338965713 
34.5703125 -0.024128893598345 -0.024123729346911 
34.619140625 -0.024159498482277 -0.024154328015811 
34.66796875 -0.024190592929472 -0.024185433644334 
34.716796875 -0.024222236995229 -0.02421687005085 
34.765625 -0.024254364174112 -0.024248626783674 
34.814453125 -0.024286660914186 -0.024280757325641 
34.86328125 -0.024319432210859 -0.024313160181691 
34.912109375 -0.024352339192092 -0.024345935126576 
34.9609375 -0.024385155484651 -0.024378823539337 
35.009765625 -0.02441813428095 -0.024411398152324 
35.05859375 -0.024451620874515 -0.024443874988947 
35.107421875 -0.024485284662205 -0.024476953683234 
35.15625 -0.024519094861489 -0.024510569554195 
35.205078125 -0.024553224546253 -0.024544564306325 
35.25390625 -0.024587733444378 -0.024579169299841 
35.302734375 -0.024622457289979 -0.024613888250087 
35.3515625 -0.024657669581302 -0.024648572406477 
35.400390625 -0.024692541454897 -0.02468375872354 
35.44921875 -0.024727814254675 -0.024719379604448 
35.498046875 -0.024763119342424 -0.02475534481573 
35.546875 -0.024798703771467 -0.024791806622943 
35.595703125 -0.024834999152517 -0.024828389220374 
35.64453125 -0.024871699529285 -0.024865424926929 
35.693359375 -0.024908971684908 -0.024903154433787 
35.7421875 -0.024946961956402 -0.024941199136038 
35.791015625 -0.024985257818344 -0.024979317176303 
35.83984375 -0.025023528211022 -0.025017973955983 
35.888671875 -0.02506185999323 -0.02505683486288 
35.9375 -0.025100044608735 -0.02509580225319 
35.986328125 -0.025138675674498 -0.025134782263422 
36.03515625 -0.025177654623121 -0.025174432737913 
36.083984375 -0.025217340273457 -0.025214546262305 
36.1328125 -0.025257715921043 -0.025254951404349 
36.181640625 -0.025298570541281 -0.025295587860228 
36.23046875 -0.025340047535565 -0.02533675175664 
36.279296875 -0.025382148055996 -0.025378148455047 
36.328125 -0.025424431357351 -0.025420048690648 
36.376953125 -0.0254670854913 -0.025462474995038 
36.42578125 -0.025509912453117 -0.025505050437005 
36.474609375 -0.025552888986795 -0.025547263181579 
36.5234375 -0.025596417439147 -0.025589672645765 
36.572265625 -0.025640257536907 -0.025632719617761 
36.62109375 -0.025684276057973 -0.025676288128579 
36.669921875 -0.025728523909947 -0.025720183615022 
36.71875 -0.025773048313567 -0.025764625160946 
36.767578125 -0.025817505964824 -0.025809677983943 
36.81640625 -0.02586315907115 -0.025855266632107 
36.865234375 -0.025909660744446 -0.025901642656891 
36.9140625 -0.025956588756799 -0.025948884275067 
36.962890625 -0.026003864361428 -0.025996799957511 
37.01171875 -0.026050883321432 -0.026045035825291 
37.060546875 -0.02609853065519 -0.026093491492929 
37.109375 -0.026146664223461 -0.02614196485888 
37.158203125 -0.026195476171551 -0.026190599158781 
37.20703125 -0.026244704816691 -0.02623953803004 
37.255859375 -0.026294234791521 -0.026289128694089 
37.3046875 -0.026344187873292 -0.026339078332285 
37.353515625 -0.026394298087325 -0.026389048274041 
37.40234375 -0.026444454069406 -0.02643944034071 
37.451171875 -0.026494746080971 -0.026490296846987 
37.5 -0.026545521354137 -0.026541445423163 
37.548828125 -0.026597014672234 -0.026593160999937 
37.59765625 -0.026649609088054 -0.026645661869907 
37.646484375 -0.026702731023761 -0.026698798316602 
37.6953125 -0.02675625763527 -0.026752151258961 
37.744140625 -0.026810087633294 -0.026806396927441 
37.79296875 -0.026864340606835 -0.026861136839898 
37.841796875 -0.026919297859877 -0.026916153995444 
37.890625 -0.026975012034654 -0.026971871395745 
37.939453125 -0.027031275605168 -0.027027866286971 
37.98828125 -0.027088016196785 -0.027084303310858 
38.037109375 -0.027145374548127 -0.027141057779318 
38.0859375 -0.027203102371004 -0.027198254005498 
38.134765625 -0.027261248815648 -0.027255865061079 
38.18359375 -0.027320156085352 -0.027314102854689 
38.232421875 -0.027379693008243 -0.027373138735356 
38.28125 -0.027439793298754 -0.02743295471123 
38.330078125 -0.027500479272703 -0.027493330482685 
38.37890625 -0.0275620501925 -0.027554208129914 
38.427734375 -0.027624758288084 -0.027615470179626 
38.4765625 -0.027688403390812 -0.027677584283992 
38.525390625 -0.027752903332839 -0.027740527374135 
38.57421875 -0.027817862652455 -0.027804083410274 
38.623046875 -0.027882740942232 -0.027868426373061 
38.671875 -0.027947816929782 -0.027933220505929 
38.720703125 -0.028013069733106 -0.027998694523376 
38.76953125 -0.028078768778414 -0.028065027210914 
38.818359375 -0.028145213610287 -0.028132008453667 
38.8671875 -0.028212122553896 -0.028199518106476 
38.916015625 -0.028279809358992 -0.028267544263144 
38.96484375 -0.028347777102226 -0.028336305287212 
39.013671875 -0.028416339577916 -0.02840552595012 
39.0625 -0.02848557943048 -0.028475412274929 
39.111328125 -0.028555741304672 -0.028545865695605 
39.16015625 -0.028626407645788 -0.028617541137464 
39.208984375 -0.02869757659164 -0.028690148632904 
39.2578125 -0.0287697103754 -0.028763492041207 
39.306640625 -0.028842733386909 -0.028837194843845 
39.35546875 -0.028916584042918 -0.028911515951222 
39.404296875 -0.02899190224889 -0.028986470137397 
39.453125 -0.029067838854644 -0.029062311837606 
39.501953125 -0.029144358574058 -0.029139157845975 
39.55078125 -0.029222073925894 -0.029216558971484 
39.599609375 -0.029300050090114 -0.029294148980171 
39.6484375 -0.029378931190649 -0.02937282465814 
39.697265625 -0.029458700086479 -0.029452224530587 
39.74609375 -0.029539062135655 -0.029532229187225 
39.794921875 -0.029620569485587 -0.029612855323421 
39.84375 -0.029702247200476 -0.029694167412799 
39.892578125 -0.029784713626441 -0.029776659378058 
39.94140625 -0.029868168589473 -0.029860241427286 
39.990234375 -0.029952373711467 -0.029944163210757 
40.0390625 -0.030037676300026 -0.03002935862628 
40.087890625 -0.030123704725156 -0.030115665772655 
40.13671875 -0.030210744345823 -0.03020273879315 
40.185546875 -0.030298480122156 -0.030290818675439 
40.234375 -0.030386745246005 -0.030379541006596 
40.283203125 -0.030475702094009 -0.03046913068215 
40.33203125 -0.030566164152788 -0.030559858709694 
40.380859375 -0.030657936533771 -0.030651138319854 
40.4296875 -0.030751123581922 -0.030743283745323 
40.478515625 -0.030844941021087 -0.030836610561892 
40.52734375 -0.030939502445335 -0.03093102702428 
40.576171875 -0.031035029748864 -0.031026618625674 
40.625 -0.031131723512772 -0.031123503994877 
40.673828125 -0.031229376347028 -0.031221995575379 
40.72265625 -0.031328079264767 -0.031321684112754 
40.771484375 -0.031428103767439 -0.031422515474787 
40.8203125 -0.031529281465282 -0.031524220850315 
40.869140625 -0.031631782115255 -0.031626523157911 
40.91796875 -0.031735229870719 -0.031729452659874 
40.966796875 -0.031840006839502 -0.031833133686405 
41.015625 -0.0319457583239 -0.031937590350026 
41.064453125 -0.032052418065405 -0.032043913083953 
41.11328125 -0.032160712226641 -0.032151958166651 
41.162109375 -0.032270287355914 -0.032261439670492 
41.2109375 -0.032380782617565 -0.032372170442613 
41.259765625 -0.032492428048727 -0.032484205977198 
41.30859375 -0.032605249529524 -0.032596920564856 
41.357421875 -0.032719332846 -0.032711164442389 
41.40625 -0.032834901850947 -0.032826943759119 
41.455078125 -0.032952125938209 -0.032943851248547 
41.50390625 -0.033070936287913 -0.033062347348505 
41.552734375 -0.033190837870507 -0.033182069300665 
41.6015625 -0.033311924545615 -0.033303267960036 
41.650390625 -0.033434614394992 -0.03342591394744 
41.69921875 -0.033559236856263 -0.033549972619767 
41.748046875 -0.033685322922111 -0.033675581128364 
41.796875 -0.033812585003716 -0.033802742805392 
41.845703125 -0.033941249582426 -0.033931571152607 
41.89453125 -0.034071426566697 -0.034061468879599 
41.943359375 -0.034203149385462 -0.034192742284517 
41.9921875 -0.034336780485319 -0.03432558816985 
42.041015625 -0.034471987043617 -0.034459860824654 
42.08984375 -0.034608458976209 -0.034595919553794 
42.138671875 -0.0347461967649 -0.034734189391202 
42.1875 -0.034885714677444 -0.034874441792795 
42.236328125 -0.035027110906071 -0.035016578640239 
42.28515625 -0.035170382879983 -0.035160677498538 
42.333984375 -0.035315818212553 -0.035306555824491 
42.3828125 -0.03546262610098 -0.035453957643085 
42.431640625 -0.035611298825415 -0.035602592002874 
42.48046875 -0.035762305320304 -0.035752913907459 
42.529296875 -0.035915416308399 -0.035905322970507 
42.578125 -0.036070622976695 -0.036059851222035 
42.626953125 -0.036228116646043 -0.036216545102434 
42.67578125 -0.03638781528025 -0.036375812042138 
42.724609375 -0.036549291769688 -0.036537429517693 
42.7734375 -0.036712697268172 -0.03670104354444 
42.822265625 -0.036878116059484 -0.036866654244363 
42.87109375 -0.037044851136784 -0.03703416369251 
42.919921875 -0.037213640828782 -0.037203605438208 
42.96875 -0.037385146812767 -0.037375306995955 
43.017578125 -0.037559382452059 -0.037549444042156 
43.06640625 -0.037736354426215 -0.037726011449081 
43.115234375 -0.037916289974078 -0.037905774823003 
43.1640625 -0.038099050115534 -0.038087860257519 
43.212890625 -0.038283899516841 -0.038272069336813 
43.26171875 -0.038471064136502 -0.038458586972752 
43.310546875 -0.038661070759417 -0.038647771237493 
43.359375 -0.038853338598528 -0.038840211873207 
43.408203125 -0.039048418138009 -0.039035754719748 
43.45703125 -0.03924621982128 -0.039233886069496 
43.505859375 -0.03944681634664 -0.039435110468162 
43.5546875 -0.039650791430972 -0.039639294545282 
43.603515625 -0.039857500473317 -0.039846769683777 
43.65234375 -0.040066781805081 -0.04005726448122 
43.701171875 -0.040279033534489 -0.040270263054254 
43.75 -0.040494112400324 -0.040485645735089 
43.798828125 -0.040712585731626 -0.040703747798716 
43.84765625 -0.040934549650274 -0.040925600341666 
43.896484375 -0.041159411400372 -0.04115088505398 
43.9453125 -0.041387196651044 -0.041379464464057 
43.994140625 -0.041618465128295 -0.041611532020966 
44.04296875 -0.04185380739068 -0.041847100582459 
44.091796875 -0.042093213448197 -0.042086366726267 
44.140625 -0.042336638195707 -0.042329006639079 
44.189453125 -0.04258434790006 -0.04257560053361 
44.23828125 -0.042836742807253 -0.04282674900503 
44.287109375 -0.043093065046719 -0.043082425827834 
44.3359375 -0.043353160689207 -0.043342384264179 
44.384765625 -0.04361716886342 -0.043606737954292 
44.43359375 -0.043885892207413 -0.043874998972797 
44.482421875 -0.044159205914639 -0.04414783736911 
44.53125 -0.04443762751805 -0.044425498645069 
44.580078125 -0.044720435131694 -0.044708287610206 
44.62890625 -0.045007275448597 -0.044995734078043 
44.677734375 -0.045298548987034 -0.04528797037608 
44.7265625 -0.04559468684522 -0.045585229828248 
44.775390625 -0.045896238558498 -0.045887417877566 
44.82421875 -0.04620376803598 -0.046194800310332 
44.873046875 -0.046516205852868 -0.046507694967659 
44.921875 -0.046834459740239 -0.046825351062125 
44.970703125 -0.047157829160028 -0.047148378744623 
45.01953125 -0.04748662584268 -0.047476964894031 
45.068359375 -0.047820662681829 -0.047811475761364 
45.1171875 -0.048161236168767 -0.048152338088357 
45.166015625 -0.048507952715568 -0.048499667409033 
45.21484375 -0.048861304099091 -0.048853463831165 
45.263671875 -0.049221370430814 -0.049213118976013 
45.3125 -0.049587863754368 -0.04957983650354 
45.361328125 -0.049961852418278 -0.049953538566228 
45.41015625 -0.050343013393103 -0.050334496173946 
45.458984375 -0.050731842168489 -0.050723201466326 
45.5078125 -0.051128815336142 -0.051120102426125 
45.556640625 -0.051533874543111 -0.051524580356613 
45.60546875 -0.051946570887253 -0.051937130686724 
45.654296875 -0.052367351815178 -0.052358218657105 
45.703125 -0.052797112535131 -0.052788158666431 
45.751953125 -0.053236659058484 -0.053226730612664 
45.80078125 -0.053685591732233 -0.0536742321259 
45.849609375 -0.05414398998289 -0.05413102831892 
45.8984375 -0.054611977332797 -0.05459788208907 
45.947265625 -0.055089390831313 -0.055075771453062 
45.99609375 -0.055577545570713 -0.055564506325254 
46.044921875 -0.0560767717202 -0.05606442789076 
46.09375 -0.05658775361826 -0.056575305138949 
46.142578125 -0.057109882805094 -0.057097189301771 
46.19140625 -0.057644157582445 -0.057630450563011 
46.240234375 -0.058190401626121 -0.058176866884537 
46.2890625 -0.058750229106295 -0.058736330907095 
46.337890625 -0.059323932169946 -0.059308646595127 
46.38671875 -0.059911665871994 -0.059895495859791 
46.435546875 -0.060513419448796 -0.060496510954295 
46.484375 -0.061129157508333 -0.061112154579973 
46.533203125 -0.061759227468201 -0.061743213918419 
46.58203125 -0.062404885937269 -0.062389669365132 
46.630859375 -0.063067527726218 -0.063052941745127 
46.6796875 -0.063747144992931 -0.06373313567434 
46.728515625 -0.064444009402337 -0.064431543585101 
46.77734375 -0.065158944885013 -0.065148553668962 
46.826171875 -0.065892849080967 -0.065884341043386 
46.875 -0.066646785348212 -0.066639816893826 
46.923828125 -0.067422747677824 -0.067415856952039 
46.97265625 -0.068221296603554 -0.068213887539628 
47.021484375 -0.069042367619375 -0.069034775461773 
47.0703125 -0.069887648695897 -0.069879073938978 
47.119140625 -0.070757528800527 -0.070747754061358 
47.16796875 -0.071652320645683 -0.071642116392297 
47.216796875 -0.072574631126372 -0.072564239659698 
47.265625 -0.073525916640335 -0.073514504241132 
47.314453125 -0.074506444543943 -0.074494709932537 
47.36328125 -0.075518467222082 -0.075506366509842 
47.412109375 -0.076563474019963 -0.076550604885199 
47.4609375 -0.0776425287645 -0.077629167869247 
47.509765625 -0.078757151107197 -0.07874403696303 
47.55859375 -0.079910698826609 -0.079897647156372 
47.607421875 -0.081104747957454 -0.081091200534729 
47.65625 -0.082341647094665 -0.082327401116913 
47.705078125 -0.083622898118278 -0.083606999920448 
47.75390625 -0.084950863865402 -0.084934307125991 
47.802734375 -0.08632865543558 -0.086311662151218 
47.8515625 -0.087758823068441 -0.087742546318339 
47.900390625 -0.089244109468439 -0.08923013386385 
47.94921875 -0.090788721047943 -0.090776644376149 
47.998046875 -0.092396358803398 -0.09238525408847 
48.046875 -0.094070925412268 -0.09405972539065 
48.095703125 -0.095816381051236 -0.095805119171644 
48.14453125 -0.097638290008831 -0.097627159792353 
48.193359375 -0.099541373783666 -0.099529508762714 
48.2421875 -0.10153148940122 -0.10151886733397 
48.291015625 -0.10361338504899 -0.10360133326239 
48.33984375 -0.10579591823736 -0.10578345268212 
48.388671875 -0.10808611317498 -0.10807253402416 
48.4375 -0.11049162950707 -0.11047696269873 
48.486328125 -0.11302243586343 -0.11300677782239 
48.53515625 -0.11568914687322 -0.11567098354016 
48.583984375 -0.11850138220618 -0.11848071155705 
48.6328125 -0.12147230364815 -0.12144901394984 
48.681640625 -0.12461655040559 -0.12458975727642 
48.73046875 -0.12794907145428 -0.12791939650694 
48.779296875 -0.13148728181008 -0.13145404642444 
48.828125 -0.13525182309897 -0.13521575932205 
48.876953125 -0.13926569237873 -0.13922665920532 
48.92578125 -0.14355364657075 -0.14351260542057 
48.974609375 -0.14814453479056 -0.14810265013958 
49.0234375 -0.15307268745715 -0.15303181214449 
49.072265625 -0.1583783297128 -0.1583373318602 
49.12109375 -0.16410522518839 -0.16406427577235 
49.169921875 -0.17030728275328 -0.17026460650033 
49.21875 -0.17704335705494 -0.17699754646104 
49.267578125 -0.18438276573242 -0.1843348688575 
49.31640625 -0.19240948742241 -0.19235923119777 
49.365234375 -0.20122473611775 -0.20117359647948 
49.4140625 -0.21094565469116 -0.21089546984344 
49.462890625 -0.22171289139071 -0.22166380128566 
49.51171875 -0.23369434621657 -0.2336450032651 
49.560546875 -0.24709392383041 -0.24704009506222 
49.609375 -0.26215978062496 -0.26209902751897 
49.658203125 -0.27919707473811 -0.2791295442246 
49.70703125 -0.29857724679208 -0.2985021240161 
49.755859375 -0.3207647028726 -0.32067853332622 
49.8046875 -0.34633313815293 -0.34623355472583 
49.853515625 -0.37600344287002 -0.37588801343498 
49.90234375 -0.41068878856015 -0.41055533195417 
49.951171875 -0.45154794225438 -0.45139368483357 
50 -0.50008604775973 -0.49991395189137 
