   0.0000000e+00  -4.9991395e-01
   4.8828125e-02  -4.5139369e-01
   9.7656250e-02  -4.1055533e-01
   1.4648438e-01  -3.7588801e-01
   1.9531250e-01  -3.4623356e-01
   2.4414062e-01  -3.2067853e-01
   2.9296875e-01  -2.9850212e-01
   3.4179688e-01  -2.7912954e-01
   3.9062500e-01  -2.6209903e-01
   4.3945312e-01  -2.4704010e-01
   4.8828125e-01  -2.3364500e-01
   5.3710938e-01  -2.2166380e-01
   5.8593750e-01  -2.1089547e-01
   6.3476562e-01  -2.0117360e-01
   6.8359375e-01  -1.9235923e-01
   7.3242188e-01  -1.8433487e-01
   7.8125000e-01  -1.7699755e-01
   8.3007812e-01  -1.7026461e-01
   8.7890625e-01  -1.6406428e-01
   9.2773438e-01  -1.5833733e-01
   9.7656250e-01  -1.5303181e-01
   1.0253906e+00  -1.4810265e-01
   1.0742188e+00  -1.4351261e-01
   1.1230469e+00  -1.3922666e-01
   1.1718750e+00  -1.3521576e-01
   1.2207031e+00  -1.3145405e-01
   1.2695312e+00  -1.2791940e-01
   1.3183594e+00  -1.2458976e-01
   1.3671875e+00  -1.2144901e-01
   1.4160156e+00  -1.1848071e-01
   1.4648438e+00  -1.1567098e-01
   1.5136719e+00  -1.1300678e-01
   1.5625000e+00  -1.1047696e-01
   1.6113281e+00  -1.0807253e-01
   1.6601562e+00  -1.0578345e-01
   1.7089844e+00  -1.0360133e-01
   1.7578125e+00  -1.0151887e-01
   1.8066406e+00  -9.9529510e-02
   1.8554688e+00  -9.7627161e-02
   1.9042969e+00  -9.5805120e-02
   1.9531250e+00  -9.4059726e-02
   2.0019531e+00  -9.2385255e-02
   2.0507812e+00  -9.0776645e-02
   2.0996094e+00  -8.9230135e-02
   2.1484375e+00  -8.7742547e-02
   2.1972656e+00  -8.6311663e-02
   2.2460938e+00  -8.4934308e-02
   2.2949219e+00  -8.3607001e-02
   2.3437500e+00  -8.2327402e-02
   2.3925781e+00  -8.1091201e-02
   2.4414062e+00  -7.9897648e-02
   2.4902344e+00  -7.8744038e-02
   2.5390625e+00  -7.7629169e-02
   2.5878906e+00  -7.6550606e-02
   2.6367188e+00  -7.5506367e-02
   2.6855469e+00  -7.4494711e-02
   2.7343750e+00  -7.3514505e-02
   2.7832031e+00  -7.2564241e-02
   2.8320312e+00  -7.1642117e-02
   2.8808594e+00  -7.0747755e-02
   2.9296875e+00  -6.9879075e-02
   2.9785156e+00  -6.9034776e-02
   3.0273438e+00  -6.8213888e-02
   3.0761719e+00  -6.7415858e-02
   3.1250000e+00  -6.6639818e-02
   3.1738281e+00  -6.5884342e-02
   3.2226562e+00  -6.5148555e-02
   3.2714844e+00  -6.4431545e-02
   3.3203125e+00  -6.3733137e-02
   3.3691406e+00  -6.3052943e-02
   3.4179688e+00  -6.2389670e-02
   3.4667969e+00  -6.1743215e-02
   3.5156250e+00  -6.1112156e-02
   3.5644531e+00  -6.0496512e-02
   3.6132812e+00  -5.9895497e-02
   3.6621094e+00  -5.9308648e-02
   3.7109375e+00  -5.8736332e-02
   3.7597656e+00  -5.8176868e-02
   3.8085938e+00  -5.7630452e-02
   3.8574219e+00  -5.7097190e-02
   3.9062500e+00  -5.6575306e-02
   3.9550781e+00  -5.6064429e-02
   4.0039062e+00  -5.5564507e-02
   4.0527344e+00  -5.5075772e-02
   4.1015625e+00  -5.4597883e-02
   4.1503906e+00  -5.4131029e-02
   4.1992188e+00  -5.3674233e-02
   4.2480469e+00  -5.3226732e-02
   4.2968750e+00  -5.2788160e-02
   4.3457031e+00  -5.2358220e-02
   4.3945312e+00  -5.1937132e-02
   4.4433594e+00  -5.1524581e-02
   4.4921875e+00  -5.1120103e-02
   4.5410156e+00  -5.0723202e-02
   4.5898438e+00  -5.0334497e-02
   4.6386719e+00  -4.9953539e-02
   4.6875000e+00  -4.9579837e-02
   4.7363281e+00  -4.9213120e-02
   4.7851562e+00  -4.8853465e-02
   4.8339844e+00  -4.8499668e-02
   4.8828125e+00  -4.8152339e-02
   4.9316406e+00  -4.7811477e-02
   4.9804688e+00  -4.7476966e-02
   5.0292969e+00  -4.7148380e-02
   5.0781250e+00  -4.6825352e-02
   5.1269531e+00  -4.6507696e-02
   5.1757812e+00  -4.6194801e-02
   5.2246094e+00  -4.5887419e-02
   5.2734375e+00  -4.5585231e-02
   5.3222656e+00  -4.5287971e-02
   5.3710938e+00  -4.4995735e-02
   5.4199219e+00  -4.4708289e-02
   5.4687500e+00  -4.4425500e-02
   5.5175781e+00  -4.4147838e-02
   5.5664062e+00  -4.3875000e-02
   5.6152344e+00  -4.3606739e-02
   5.6640625e+00  -4.3342385e-02
   5.7128906e+00  -4.3082427e-02
   5.7617188e+00  -4.2826750e-02
   5.8105469e+00  -4.2575601e-02
   5.8593750e+00  -4.2329008e-02
   5.9082031e+00  -4.2086368e-02
   5.9570312e+00  -4.1847101e-02
   6.0058594e+00  -4.1611533e-02
   6.0546875e+00  -4.1379465e-02
   6.1035156e+00  -4.1150886e-02
   6.1523438e+00  -4.0925601e-02
   6.2011719e+00  -4.0703749e-02
   6.2500000e+00  -4.0485647e-02
   6.2988281e+00  -4.0270264e-02
   6.3476562e+00  -4.0057265e-02
   6.3964844e+00  -3.9846771e-02
   6.4453125e+00  -3.9639295e-02
   6.4941406e+00  -3.9435111e-02
   6.5429688e+00  -3.9233887e-02
   6.5917969e+00  -3.9035756e-02
   6.6406250e+00  -3.8840213e-02
   6.6894531e+00  -3.8647772e-02
   6.7382812e+00  -3.8458588e-02
   6.7871094e+00  -3.8272070e-02
   6.8359375e+00  -3.8087861e-02
   6.8847656e+00  -3.7905776e-02
   6.9335938e+00  -3.7726012e-02
   6.9824219e+00  -3.7549445e-02
   7.0312500e+00  -3.7375308e-02
   7.0800781e+00  -3.7203606e-02
   7.1289062e+00  -3.7034165e-02
   7.1777344e+00  -3.6866655e-02
   7.2265625e+00  -3.6701044e-02
   7.2753906e+00  -3.6537430e-02
   7.3242188e+00  -3.6375813e-02
   7.3730469e+00  -3.6216546e-02
   7.4218750e+00  -3.6059852e-02
   7.4707031e+00  -3.5905324e-02
   7.5195312e+00  -3.5752915e-02
   7.5683594e+00  -3.5602593e-02
   7.6171875e+00  -3.5453958e-02
   7.6660156e+00  -3.5306557e-02
   7.7148438e+00  -3.5160678e-02
   7.7636719e+00  -3.5016579e-02
   7.8125000e+00  -3.4874443e-02
   7.8613281e+00  -3.4734190e-02
   7.9101562e+00  -3.4595920e-02
   7.9589844e+00  -3.4459862e-02
   8.0078125e+00  -3.4325589e-02
   8.0566406e+00  -3.4192743e-02
   8.1054688e+00  -3.4061470e-02
   8.1542969e+00  -3.3931572e-02
   8.2031250e+00  -3.3802744e-02
   8.2519531e+00  -3.3675582e-02
   8.3007812e+00  -3.3549973e-02
   8.3496094e+00  -3.3425915e-02
   8.3984375e+00  -3.3303269e-02
   8.4472656e+00  -3.3182070e-02
   8.4960938e+00  -3.3062348e-02
   8.5449219e+00  -3.2943852e-02
   8.5937500e+00  -3.2826945e-02
   8.6425781e+00  -3.2711165e-02
   8.6914062e+00  -3.2596921e-02
   8.7402344e+00  -3.2484207e-02
   8.7890625e+00  -3.2372171e-02
   8.8378906e+00  -3.2261440e-02
   8.8867188e+00  -3.2151959e-02
   8.9355469e+00  -3.2043914e-02
   8.9843750e+00  -3.1937591e-02
   9.0332031e+00  -3.1833134e-02
   9.0820312e+00  -3.1729453e-02
   9.1308594e+00  -3.1626524e-02
   9.1796875e+00  -3.1524222e-02
   9.2285156e+00  -3.1422516e-02
   9.2773438e+00  -3.1321685e-02
   9.3261719e+00  -3.1221996e-02
   9.3750000e+00  -3.1123505e-02
   9.4238281e+00  -3.1026619e-02
   9.4726562e+00  -3.0931028e-02
   9.5214844e+00  -3.0836611e-02
   9.5703125e+00  -3.0743285e-02
   9.6191406e+00  -3.0651139e-02
   9.6679688e+00  -3.0559859e-02
   9.7167969e+00  -3.0469131e-02
   9.7656250e+00  -3.0379542e-02
   9.8144531e+00  -3.0290819e-02
   9.8632812e+00  -3.0202740e-02
   9.9121094e+00  -3.0115667e-02
   9.9609375e+00  -3.0029359e-02
   1.0009766e+01  -2.9944164e-02
   1.0058594e+01  -2.9860242e-02
   1.0107422e+01  -2.9776660e-02
   1.0156250e+01  -2.9694168e-02
   1.0205078e+01  -2.9612856e-02
   1.0253906e+01  -2.9532230e-02
   1.0302734e+01  -2.9452225e-02
   1.0351562e+01  -2.9372825e-02
   1.0400391e+01  -2.9294150e-02
   1.0449219e+01  -2.9216560e-02
   1.0498047e+01  -2.9139159e-02
   1.0546875e+01  -2.9062313e-02
   1.0595703e+01  -2.8986471e-02
   1.0644531e+01  -2.8911517e-02
   1.0693359e+01  -2.8837196e-02
   1.0742188e+01  -2.8763493e-02
   1.0791016e+01  -2.8690149e-02
   1.0839844e+01  -2.8617542e-02
   1.0888672e+01  -2.8545866e-02
   1.0937500e+01  -2.8475413e-02
   1.0986328e+01  -2.8405527e-02
   1.1035156e+01  -2.8336306e-02
   1.1083984e+01  -2.8267545e-02
   1.1132812e+01  -2.8199519e-02
   1.1181641e+01  -2.8132009e-02
   1.1230469e+01  -2.8065028e-02
   1.1279297e+01  -2.7998695e-02
   1.1328125e+01  -2.7933221e-02
   1.1376953e+01  -2.7868427e-02
   1.1425781e+01  -2.7804084e-02
   1.1474609e+01  -2.7740528e-02
   1.1523438e+01  -2.7677585e-02
   1.1572266e+01  -2.7615471e-02
   1.1621094e+01  -2.7554209e-02
   1.1669922e+01  -2.7493331e-02
   1.1718750e+01  -2.7432955e-02
   1.1767578e+01  -2.7373139e-02
   1.1816406e+01  -2.7314104e-02
   1.1865234e+01  -2.7255866e-02
   1.1914062e+01  -2.7198255e-02
   1.1962891e+01  -2.7141058e-02
   1.2011719e+01  -2.7084304e-02
   1.2060547e+01  -2.7027867e-02
   1.2109375e+01  -2.6971872e-02
   1.2158203e+01  -2.6916155e-02
   1.2207031e+01  -2.6861137e-02
   1.2255859e+01  -2.6806398e-02
   1.2304688e+01  -2.6752152e-02
   1.2353516e+01  -2.6698799e-02
   1.2402344e+01  -2.6645663e-02
   1.2451172e+01  -2.6593162e-02
   1.2500000e+01  -2.6541446e-02
   1.2548828e+01  -2.6490297e-02
   1.2597656e+01  -2.6439441e-02
   1.2646484e+01  -2.6389049e-02
   1.2695312e+01  -2.6339079e-02
   1.2744141e+01  -2.6289129e-02
   1.2792969e+01  -2.6239539e-02
   1.2841797e+01  -2.6190600e-02
   1.2890625e+01  -2.6141965e-02
   1.2939453e+01  -2.6093492e-02
   1.2988281e+01  -2.6045036e-02
   1.3037109e+01  -2.5996801e-02
   1.3085938e+01  -2.5948885e-02
   1.3134766e+01  -2.5901643e-02
   1.3183594e+01  -2.5855267e-02
   1.3232422e+01  -2.5809679e-02
   1.3281250e+01  -2.5764626e-02
   1.3330078e+01  -2.5720184e-02
   1.3378906e+01  -2.5676289e-02
   1.3427734e+01  -2.5632720e-02
   1.3476562e+01  -2.5589673e-02
   1.3525391e+01  -2.5547264e-02
   1.3574219e+01  -2.5505051e-02
   1.3623047e+01  -2.5462476e-02
   1.3671875e+01  -2.5420049e-02
   1.3720703e+01  -2.5378149e-02
   1.3769531e+01  -2.5336752e-02
   1.3818359e+01  -2.5295588e-02
   1.3867188e+01  -2.5254952e-02
   1.3916016e+01  -2.5214547e-02
   1.3964844e+01  -2.5174433e-02
   1.4013672e+01  -2.5134783e-02
   1.4062500e+01  -2.5095803e-02
   1.4111328e+01  -2.5056835e-02
   1.4160156e+01  -2.5017975e-02
   1.4208984e+01  -2.4979318e-02
   1.4257812e+01  -2.4941200e-02
   1.4306641e+01  -2.4903155e-02
   1.4355469e+01  -2.4865425e-02
   1.4404297e+01  -2.4828390e-02
   1.4453125e+01  -2.4791807e-02
   1.4501953e+01  -2.4755345e-02
   1.4550781e+01  -2.4719380e-02
   1.4599609e+01  -2.4683759e-02
   1.4648438e+01  -2.4648573e-02
   1.4697266e+01  -2.4613889e-02
   1.4746094e+01  -2.4579170e-02
   1.4794922e+01  -2.4544565e-02
   1.4843750e+01  -2.4510570e-02
   1.4892578e+01  -2.4476954e-02
   1.4941406e+01  -2.4443876e-02
   1.4990234e+01  -2.4411399e-02
   1.5039062e+01  -2.4378824e-02
   1.5087891e+01  -2.4345936e-02
   1.5136719e+01  -2.4313161e-02
   1.5185547e+01  -2.4280758e-02
   1.5234375e+01  -2.4248627e-02
   1.5283203e+01  -2.4216871e-02
   1.5332031e+01  -2.4185434e-02
   1.5380859e+01  -2.4154329e-02
   1.5429688e+01  -2.4123730e-02
   1.5478516e+01  -2.4093339e-02
   1.5527344e+01  -2.4063329e-02
   1.5576172e+01  -2.4033325e-02
   1.5625000e+01  -2.4003619e-02
   1.5673828e+01  -2.3974224e-02
   1.5722656e+01  -2.3944968e-02
   1.5771484e+01  -2.3916237e-02
   1.5820312e+01  -2.3887414e-02
   1.5869141e+01  -2.3859027e-02
   1.5917969e+01  -2.3830787e-02
   1.5966797e+01  -2.3802745e-02
   1.6015625e+01  -2.3775067e-02
   1.6064453e+01  -2.3747866e-02
   1.6113281e+01  -2.3720825e-02
   1.6162109e+01  -2.3693833e-02
   1.6210938e+01  -2.3666932e-02
   1.6259766e+01  -2.3640305e-02
   1.6308594e+01  -2.3613970e-02
   1.6357422e+01  -2.3587864e-02
   1.6406250e+01  -2.3562064e-02
   1.6455078e+01  -2.3536213e-02
   1.6503906e+01  -2.3510390e-02
   1.6552734e+01  -2.3485001e-02
   1.6601562e+01  -2.3460022e-02
   1.6650391e+01  -2.3435524e-02
   1.6699219e+01  -2.3411736e-02
   1.6748047e+01  -2.3387930e-02
   1.6796875e+01  -2.3364363e-02
   1.6845703e+01  -2.3340829e-02
   1.6894531e+01  -2.3317120e-02
   1.6943359e+01  -2.3293709e-02
   1.6992188e+01  -2.3270640e-02
   1.7041016e+01  -2.3247505e-02
   1.7089844e+01  -2.3224712e-02
   1.7138672e+01  -2.3202335e-02
   1.7187500e+01  -2.3180163e-02
   1.7236328e+01  -2.3158367e-02
   1.7285156e+01  -2.3136566e-02
   1.7333984e+01  -2.3114908e-02
   1.7382812e+01  -2.3093280e-02
   1.7431641e+01  -2.3072089e-02
   1.7480469e+01  -2.3051219e-02
   1.7529297e+01  -2.3030570e-02
   1.7578125e+01  -2.3009934e-02
   1.7626953e+01  -2.2989666e-02
   1.7675781e+01  -2.2969491e-02
   1.7724609e+01  -2.2949337e-02
   1.7773438e+01  -2.2929067e-02
   1.7822266e+01  -2.2909322e-02
   1.7871094e+01  -2.2890034e-02
   1.7919922e+01  -2.2871326e-02
   1.7968750e+01  -2.2852468e-02
   1.8017578e+01  -2.2833466e-02
   1.8066406e+01  -2.2814009e-02
   1.8115234e+01  -2.2794804e-02
   1.8164062e+01  -2.2775908e-02
   1.8212891e+01  -2.2757427e-02
   1.8261719e+01  -2.2739118e-02
   1.8310547e+01  -2.2721115e-02
   1.8359375e+01  -2.2703409e-02
   1.8408203e+01  -2.2685958e-02
   1.8457031e+01  -2.2668966e-02
   1.8505859e+01  -2.2652034e-02
   1.8554688e+01  -2.2634889e-02
   1.8603516e+01  -2.2618373e-02
   1.8652344e+01  -2.2602194e-02
   1.8701172e+01  -2.2586001e-02
   1.8750000e+01  -2.2569916e-02
   1.8798828e+01  -2.2553959e-02
   1.8847656e+01  -2.2538023e-02
   1.8896484e+01  -2.2522186e-02
   1.8945312e+01  -2.2506240e-02
   1.8994141e+01  -2.2490337e-02
   1.9042969e+01  -2.2474422e-02
   1.9091797e+01  -2.2458992e-02
   1.9140625e+01  -2.2443617e-02
   1.9189453e+01  -2.2428294e-02
   1.9238281e+01  -2.2413162e-02
   1.9287109e+01  -2.2397952e-02
   1.9335938e+01  -2.2383078e-02
   1.9384766e+01  -2.2368967e-02
   1.9433594e+01  -2.2355146e-02
   1.9482422e+01  -2.2341600e-02
   1.9531250e+01  -2.2328186e-02
   1.9580078e+01  -2.2315144e-02
   1.9628906e+01  -2.2301923e-02
   1.9677734e+01  -2.2288609e-02
   1.9726562e+01  -2.2275317e-02
   1.9775391e+01  -2.2262122e-02
   1.9824219e+01  -2.2249024e-02
   1.9873047e+01  -2.2235705e-02
   1.9921875e+01  -2.2222497e-02
   1.9970703e+01  -2.2209279e-02
   2.0019531e+01  -2.2196274e-02
   2.0068359e+01  -2.2183885e-02
   2.0117188e+01  -2.2171397e-02
   2.0166016e+01  -2.2159045e-02
   2.0214844e+01  -2.2146539e-02
   2.0263672e+01  -2.2133894e-02
   2.0312500e+01  -2.2121667e-02
   2.0361328e+01  -2.2109932e-02
   2.0410156e+01  -2.2098452e-02
   2.0458984e+01  -2.2087224e-02
   2.0507812e+01  -2.2076024e-02
   2.0556641e+01  -2.2065154e-02
   2.0605469e+01  -2.2054427e-02
   2.0654297e+01  -2.2043672e-02
   2.0703125e+01  -2.2033134e-02
   2.0751953e+01  -2.2022404e-02
   2.0800781e+01  -2.2011819e-02
   2.0849609e+01  -2.2001473e-02
   2.0898438e+01  -2.1991282e-02
   2.0947266e+01  -2.1981321e-02
   2.0996094e+01  -2.1971355e-02
   2.1044922e+01  -2.1961263e-02
   2.1093750e+01  -2.1951117e-02
   2.1142578e+01  -2.1941366e-02
   2.1191406e+01  -2.1932106e-02
   2.1240234e+01  -2.1922772e-02
   2.1289062e+01  -2.1913689e-02
   2.1337891e+01  -2.1904898e-02
   2.1386719e+01  -2.1896168e-02
   2.1435547e+01  -2.1887111e-02
   2.1484375e+01  -2.1878413e-02
   2.1533203e+01  -2.1870126e-02
   2.1582031e+01  -2.1861995e-02
   2.1630859e+01  -2.1854081e-02
   2.1679688e+01  -2.1846380e-02
   2.1728516e+01  -2.1838847e-02
   2.1777344e+01  -2.1831377e-02
   2.1826172e+01  -2.1823755e-02
   2.1875000e+01  -2.1816138e-02
   2.1923828e+01  -2.1808949e-02
   2.1972656e+01  -2.1801942e-02
   2.2021484e+01  -2.1795137e-02
   2.2070312e+01  -2.1788665e-02
   2.2119141e+01  -2.1782397e-02
   2.2167969e+01  -2.1776267e-02
   2.2216797e+01  -2.1769896e-02
   2.2265625e+01  -2.1763743e-02
   2.2314453e+01  -2.1757967e-02
   2.2363281e+01  -2.1752021e-02
   2.2412109e+01  -2.1745995e-02
   2.2460938e+01  -2.1740221e-02
   2.2509766e+01  -2.1734429e-02
   2.2558594e+01  -2.1728696e-02
   2.2607422e+01  -2.1722892e-02
   2.2656250e+01  -2.1717412e-02
   2.2705078e+01  -2.1712333e-02
   2.2753906e+01  -2.1707539e-02
   2.2802734e+01  -2.1702647e-02
   2.2851562e+01  -2.1697497e-02
   2.2900391e+01  -2.1692337e-02
   2.2949219e+01  -2.1687069e-02
   2.2998047e+01  -2.1682081e-02
   2.3046875e+01  -2.1677281e-02
   2.3095703e+01  -2.1672694e-02
   2.3144531e+01  -2.1667937e-02
   2.3193359e+01  -2.1663205e-02
   2.3242188e+01  -2.1658763e-02
   2.3291016e+01  -2.1654626e-02
   2.3339844e+01  -2.1650598e-02
   2.3388672e+01  -2.1646750e-02
   2.3437500e+01  -2.1643040e-02
   2.3486328e+01  -2.1639332e-02
   2.3535156e+01  -2.1635643e-02
   2.3583984e+01  -2.1632308e-02
   2.3632812e+01  -2.1629144e-02
   2.3681641e+01  -2.1626582e-02
   2.3730469e+01  -2.1624479e-02
   2.3779297e+01  -2.1622507e-02
   2.3828125e+01  -2.1620369e-02
   2.3876953e+01  -2.1618218e-02
   2.3925781e+01  -2.1615934e-02
   2.3974609e+01  -2.1613576e-02
   2.4023438e+01  -2.1611203e-02
   2.4072266e+01  -2.1608906e-02
   2.4121094e+01  -2.1607094e-02
   2.4169922e+01  -2.1605570e-02
   2.4218750e+01  -2.1603934e-02
   2.4267578e+01  -2.1602220e-02
   2.4316406e+01  -2.1600669e-02
   2.4365234e+01  -2.1599122e-02
   2.4414062e+01  -2.1597916e-02
   2.4462891e+01  -2.1596848e-02
   2.4511719e+01  -2.1595721e-02
   2.4560547e+01  -2.1594829e-02
   2.4609375e+01  -2.1594265e-02
   2.4658203e+01  -2.1593912e-02
   2.4707031e+01  -2.1593668e-02
   2.4755859e+01  -2.1593134e-02
   2.4804688e+01  -2.1592598e-02
   2.4853516e+01  -2.1592405e-02
   2.4902344e+01  -2.1591807e-02
   2.4951172e+01  -2.1591034e-02
   2.5000000e+01  -2.1590555e-02
   2.5048828e+01  -2.1589906e-02
   2.5097656e+01  -2.1589090e-02
   2.5146484e+01  -2.1588823e-02
   2.5195312e+01  -2.1588659e-02
   2.5244141e+01  -2.1588818e-02
   2.5292969e+01  -2.1589412e-02
   2.5341797e+01  -2.1590119e-02
   2.5390625e+01  -2.1590925e-02
   2.5439453e+01  -2.1591866e-02
   2.5488281e+01  -2.1592799e-02
   2.5537109e+01  -2.1593327e-02
   2.5585938e+01  -2.1594074e-02
   2.5634766e+01  -2.1595504e-02
   2.5683594e+01  -2.1597082e-02
   2.5732422e+01  -2.1598700e-02
   2.5781250e+01  -2.1600302e-02
   2.5830078e+01  -2.1602271e-02
   2.5878906e+01  -2.1604521e-02
   2.5927734e+01  -2.1607063e-02
   2.5976562e+01  -2.1609951e-02
   2.6025391e+01  -2.1612820e-02
   2.6074219e+01  -2.1615655e-02
   2.6123047e+01  -2.1618632e-02
   2.6171875e+01  -2.1621572e-02
   2.6220703e+01  -2.1624267e-02
   2.6269531e+01  -2.1626932e-02
   2.6318359e+01  -2.1629523e-02
   2.6367188e+01  -2.1632180e-02
   2.6416016e+01  -2.1635253e-02
   2.6464844e+01  -2.1638571e-02
   2.6513672e+01  -2.1642220e-02
   2.6562500e+01  -2.1646185e-02
   2.6611328e+01  -2.1650074e-02
   2.6660156e+01  -2.1654038e-02
   2.6708984e+01  -2.1658202e-02
   2.6757812e+01  -2.1662481e-02
   2.6806641e+01  -2.1666726e-02
   2.6855469e+01  -2.1671214e-02
   2.6904297e+01  -2.1676135e-02
   2.6953125e+01  -2.1681024e-02
   2.7001953e+01  -2.1685816e-02
   2.7050781e+01  -2.1690577e-02
   2.7099609e+01  -2.1695514e-02
   2.7148438e+01  -2.1700694e-02
   2.7197266e+01  -2.1706030e-02
   2.7246094e+01  -2.1711399e-02
   2.7294922e+01  -2.1716863e-02
   2.7343750e+01  -2.1722740e-02
   2.7392578e+01  -2.1728664e-02
   2.7441406e+01  -2.1734438e-02
   2.7490234e+01  -2.1740126e-02
   2.7539062e+01  -2.1745611e-02
   2.7587891e+01  -2.1751429e-02
   2.7636719e+01  -2.1757371e-02
   2.7685547e+01  -2.1763414e-02
   2.7734375e+01  -2.1769625e-02
   2.7783203e+01  -2.1775655e-02
   2.7832031e+01  -2.1782048e-02
   2.7880859e+01  -2.1788689e-02
   2.7929688e+01  -2.1795439e-02
   2.7978516e+01  -2.1802229e-02
   2.8027344e+01  -2.1809296e-02
   2.8076172e+01  -2.1816700e-02
   2.8125000e+01  -2.1824057e-02
   2.8173828e+01  -2.1831477e-02
   2.8222656e+01  -2.1839008e-02
   2.8271484e+01  -2.1846653e-02
   2.8320312e+01  -2.1854365e-02
   2.8369141e+01  -2.1862102e-02
   2.8417969e+01  -2.1870068e-02
   2.8466797e+01  -2.1877929e-02
   2.8515625e+01  -2.1886038e-02
   2.8564453e+01  -2.1894341e-02
   2.8613281e+01  -2.1902814e-02
   2.8662109e+01  -2.1911253e-02
   2.8710938e+01  -2.1919932e-02
   2.8759766e+01  -2.1928672e-02
   2.8808594e+01  -2.1937541e-02
   2.8857422e+01  -2.1946410e-02
   2.8906250e+01  -2.1955242e-02
   2.8955078e+01  -2.1964408e-02
   2.9003906e+01  -2.1973938e-02
   2.9052734e+01  -2.1983490e-02
   2.9101562e+01  -2.1993436e-02
   2.9150391e+01  -2.2003675e-02
   2.9199219e+01  -2.2014049e-02
   2.9248047e+01  -2.2024516e-02
   2.9296875e+01  -2.2035223e-02
   2.9345703e+01  -2.2046084e-02
   2.9394531e+01  -2.2056964e-02
   2.9443359e+01  -2.2067647e-02
   2.9492188e+01  -2.2078751e-02
   2.9541016e+01  -2.2090197e-02
   2.9589844e+01  -2.2101754e-02
   2.9638672e+01  -2.2113195e-02
   2.9687500e+01  -2.2124589e-02
   2.9736328e+01  -2.2136065e-02
   2.9785156e+01  -2.2147551e-02
   2.9833984e+01  -2.2159030e-02
   2.9882812e+01  -2.2170678e-02
   2.9931641e+01  -2.2182798e-02
   2.9980469e+01  -2.2195258e-02
   3.0029297e+01  -2.2207788e-02
   3.0078125e+01  -2.2220346e-02
   3.0126953e+01  -2.2233256e-02
   3.0175781e+01  -2.2246368e-02
   3.0224609e+01  -2.2259560e-02
   3.0273438e+01  -2.2272712e-02
   3.0322266e+01  -2.2285999e-02
   3.0371094e+01  -2.2299547e-02
   3.0419922e+01  -2.2313615e-02
   3.0468750e+01  -2.2327825e-02
   3.0517578e+01  -2.2342084e-02
   3.0566406e+01  -2.2356534e-02
   3.0615234e+01  -2.2370905e-02
   3.0664062e+01  -2.2385262e-02
   3.0712891e+01  -2.2399694e-02
   3.0761719e+01  -2.2414341e-02
   3.0810547e+01  -2.2428946e-02
   3.0859375e+01  -2.2443999e-02
   3.0908203e+01  -2.2459201e-02
   3.0957031e+01  -2.2474888e-02
   3.1005859e+01  -2.2490753e-02
   3.1054688e+01  -2.2506808e-02
   3.1103516e+01  -2.2523083e-02
   3.1152344e+01  -2.2539214e-02
   3.1201172e+01  -2.2555520e-02
   3.1250000e+01  -2.2571818e-02
   3.1298828e+01  -2.2587930e-02
   3.1347656e+01  -2.2604461e-02
   3.1396484e+01  -2.2621409e-02
   3.1445312e+01  -2.2638870e-02
   3.1494141e+01  -2.2656315e-02
   3.1542969e+01  -2.2673671e-02
   3.1591797e+01  -2.2691006e-02
   3.1640625e+01  -2.2708665e-02
   3.1689453e+01  -2.2726451e-02
   3.1738281e+01  -2.2744609e-02
   3.1787109e+01  -2.2762926e-02
   3.1835938e+01  -2.2781363e-02
   3.1884766e+01  -2.2799810e-02
   3.1933594e+01  -2.2818283e-02
   3.1982422e+01  -2.2837344e-02
   3.2031250e+01  -2.2856560e-02
   3.2080078e+01  -2.2875984e-02
   3.2128906e+01  -2.2895126e-02
   3.2177734e+01  -2.2914673e-02
   3.2226562e+01  -2.2934231e-02
   3.2275391e+01  -2.2953827e-02
   3.2324219e+01  -2.2973760e-02
   3.2373047e+01  -2.2993916e-02
   3.2421875e+01  -2.3014390e-02
   3.2470703e+01  -2.3034940e-02
   3.2519531e+01  -2.3055998e-02
   3.2568359e+01  -2.3077123e-02
   3.2617188e+01  -2.3098384e-02
   3.2666016e+01  -2.3119896e-02
   3.2714844e+01  -2.3141833e-02
   3.2763672e+01  -2.3164237e-02
   3.2812500e+01  -2.3186959e-02
   3.2861328e+01  -2.3209560e-02
   3.2910156e+01  -2.3231997e-02
   3.2958984e+01  -2.3254542e-02
   3.3007812e+01  -2.3277253e-02
   3.3056641e+01  -2.3300318e-02
   3.3105469e+01  -2.3323721e-02
   3.3154297e+01  -2.3347220e-02
   3.3203125e+01  -2.3370735e-02
   3.3251953e+01  -2.3394271e-02
   3.3300781e+01  -2.3418075e-02
   3.3349609e+01  -2.3442347e-02
   3.3398438e+01  -2.3466961e-02
   3.3447266e+01  -2.3491996e-02
   3.3496094e+01  -2.3517084e-02
   3.3544922e+01  -2.3542768e-02
   3.3593750e+01  -2.3568633e-02
   3.3642578e+01  -2.3594213e-02
   3.3691406e+01  -2.3619842e-02
   3.3740234e+01  -2.3645853e-02
   3.3789062e+01  -2.3672031e-02
   3.3837891e+01  -2.3698339e-02
   3.3886719e+01  -2.3725016e-02
   3.3935547e+01  -2.3752344e-02
   3.3984375e+01  -2.3780175e-02
   3.4033203e+01  -2.3808063e-02
   3.4082031e+01  -2.3835886e-02
   3.4130859e+01  -2.3863654e-02
   3.4179688e+01  -2.3891663e-02
   3.4228516e+01  -2.3919967e-02
   3.4277344e+01  -2.3948729e-02
   3.4326172e+01  -2.3978057e-02
   3.4375000e+01  -2.4007871e-02
   3.4423828e+01  -2.4037878e-02
   3.4472656e+01  -2.4067716e-02
   3.4521484e+01  -2.4098070e-02
   3.4570312e+01  -2.4128894e-02
   3.4619141e+01  -2.4159498e-02
   3.4667969e+01  -2.4190593e-02
   3.4716797e+01  -2.4222237e-02
   3.4765625e+01  -2.4254364e-02
   3.4814453e+01  -2.4286661e-02
   3.4863281e+01  -2.4319432e-02
   3.4912109e+01  -2.4352339e-02
   3.4960938e+01  -2.4385155e-02
   3.5009766e+01  -2.4418134e-02
   3.5058594e+01  -2.4451621e-02
   3.5107422e+01  -2.4485285e-02
   3.5156250e+01  -2.4519095e-02
   3.5205078e+01  -2.4553225e-02
   3.5253906e+01  -2.4587733e-02
   3.5302734e+01  -2.4622457e-02
   3.5351562e+01  -2.4657670e-02
   3.5400391e+01  -2.4692541e-02
   3.5449219e+01  -2.4727814e-02
   3.5498047e+01  -2.4763119e-02
   3.5546875e+01  -2.4798704e-02
   3.5595703e+01  -2.4834999e-02
   3.5644531e+01  -2.4871700e-02
   3.5693359e+01  -2.4908972e-02
   3.5742188e+01  -2.4946962e-02
   3.5791016e+01  -2.4985258e-02
   3.5839844e+01  -2.5023528e-02
   3.5888672e+01  -2.5061860e-02
   3.5937500e+01  -2.5100045e-02
   3.5986328e+01  -2.5138676e-02
   3.6035156e+01  -2.5177655e-02
   3.6083984e+01  -2.5217340e-02
   3.6132812e+01  -2.5257716e-02
   3.6181641e+01  -2.5298571e-02
   3.6230469e+01  -2.5340048e-02
   3.6279297e+01  -2.5382148e-02
   3.6328125e+01  -2.5424431e-02
   3.6376953e+01  -2.5467085e-02
   3.6425781e+01  -2.5509912e-02
   3.6474609e+01  -2.5552889e-02
   3.6523438e+01  -2.5596417e-02
   3.6572266e+01  -2.5640258e-02
   3.6621094e+01  -2.5684276e-02
   3.6669922e+01  -2.5728524e-02
   3.6718750e+01  -2.5773048e-02
   3.6767578e+01  -2.5817506e-02
   3.6816406e+01  -2.5863159e-02
   3.6865234e+01  -2.5909661e-02
   3.6914062e+01  -2.5956589e-02
   3.6962891e+01  -2.6003864e-02
   3.7011719e+01  -2.6050883e-02
   3.7060547e+01  -2.6098531e-02
   3.7109375e+01  -2.6146664e-02
   3.7158203e+01  -2.6195476e-02
   3.7207031e+01  -2.6244705e-02
   3.7255859e+01  -2.6294235e-02
   3.7304688e+01  -2.6344188e-02
   3.7353516e+01  -2.6394298e-02
   3.7402344e+01  -2.6444454e-02
   3.7451172e+01  -2.6494746e-02
   3.7500000e+01  -2.6545521e-02
   3.7548828e+01  -2.6597015e-02
   3.7597656e+01  -2.6649609e-02
   3.7646484e+01  -2.6702731e-02
   3.7695312e+01  -2.6756258e-02
   3.7744141e+01  -2.6810088e-02
   3.7792969e+01  -2.6864341e-02
   3.7841797e+01  -2.6919298e-02
   3.7890625e+01  -2.6975012e-02
   3.7939453e+01  -2.7031276e-02
   3.7988281e+01  -2.7088016e-02
   3.8037109e+01  -2.7145375e-02
   3.8085938e+01  -2.7203102e-02
   3.8134766e+01  -2.7261249e-02
   3.8183594e+01  -2.7320156e-02
   3.8232422e+01  -2.7379693e-02
   3.8281250e+01  -2.7439793e-02
   3.8330078e+01  -2.7500479e-02
   3.8378906e+01  -2.7562050e-02
   3.8427734e+01  -2.7624758e-02
   3.8476562e+01  -2.7688403e-02
   3.8525391e+01  -2.7752903e-02
   3.8574219e+01  -2.7817863e-02
   3.8623047e+01  -2.7882741e-02
   3.8671875e+01  -2.7947817e-02
   3.8720703e+01  -2.8013070e-02
   3.8769531e+01  -2.8078769e-02
   3.8818359e+01  -2.8145214e-02
   3.8867188e+01  -2.8212123e-02
   3.8916016e+01  -2.8279809e-02
   3.8964844e+01  -2.8347777e-02
   3.9013672e+01  -2.8416340e-02
   3.9062500e+01  -2.8485579e-02
   3.9111328e+01  -2.8555741e-02
   3.9160156e+01  -2.8626408e-02
   3.9208984e+01  -2.8697577e-02
   3.9257812e+01  -2.8769710e-02
   3.9306641e+01  -2.8842733e-02
   3.9355469e+01  -2.8916584e-02
   3.9404297e+01  -2.8991902e-02
   3.9453125e+01  -2.9067839e-02
   3.9501953e+01  -2.9144359e-02
   3.9550781e+01  -2.9222074e-02
   3.9599609e+01  -2.9300050e-02
   3.9648438e+01  -2.9378931e-02
   3.9697266e+01  -2.9458700e-02
   3.9746094e+01  -2.9539062e-02
   3.9794922e+01  -2.9620569e-02
   3.9843750e+01  -2.9702247e-02
   3.9892578e+01  -2.9784714e-02
   3.9941406e+01  -2.9868169e-02
   3.9990234e+01  -2.9952374e-02
   4.0039062e+01  -3.0037676e-02
   4.0087891e+01  -3.0123705e-02
   4.0136719e+01  -3.0210744e-02
   4.0185547e+01  -3.0298480e-02
   4.0234375e+01  -3.0386745e-02
   4.0283203e+01  -3.0475702e-02
   4.0332031e+01  -3.0566164e-02
   4.0380859e+01  -3.0657937e-02
   4.0429688e+01  -3.0751124e-02
   4.0478516e+01  -3.0844941e-02
   4.0527344e+01  -3.0939502e-02
   4.0576172e+01  -3.1035030e-02
   4.0625000e+01  -3.1131724e-02
   4.0673828e+01  -3.1229376e-02
   4.0722656e+01  -3.1328079e-02
   4.0771484e+01  -3.1428104e-02
   4.0820312e+01  -3.1529281e-02
   4.0869141e+01  -3.1631782e-02
   4.0917969e+01  -3.1735230e-02
   4.0966797e+01  -3.1840007e-02
   4.1015625e+01  -3.1945758e-02
   4.1064453e+01  -3.2052418e-02
   4.1113281e+01  -3.2160712e-02
   4.1162109e+01  -3.2270287e-02
   4.1210938e+01  -3.2380783e-02
   4.1259766e+01  -3.2492428e-02
   4.1308594e+01  -3.2605250e-02
   4.1357422e+01  -3.2719333e-02
   4.1406250e+01  -3.2834902e-02
   4.1455078e+01  -3.2952126e-02
   4.1503906e+01  -3.3070936e-02
   4.1552734e+01  -3.3190838e-02
   4.1601562e+01  -3.3311925e-02
   4.1650391e+01  -3.3434614e-02
   4.1699219e+01  -3.3559237e-02
   4.1748047e+01  -3.3685323e-02
   4.1796875e+01  -3.3812585e-02
   4.1845703e+01  -3.3941250e-02
   4.1894531e+01  -3.4071427e-02
   4.1943359e+01  -3.4203149e-02
   4.1992188e+01  -3.4336780e-02
   4.2041016e+01  -3.4471987e-02
   4.2089844e+01  -3.4608459e-02
   4.2138672e+01  -3.4746197e-02
   4.2187500e+01  -3.4885715e-02
   4.2236328e+01  -3.5027111e-02
   4.2285156e+01  -3.5170383e-02
   4.2333984e+01  -3.5315818e-02
   4.2382812e+01  -3.5462626e-02
   4.2431641e+01  -3.5611299e-02
   4.2480469e+01  -3.5762305e-02
   4.2529297e+01  -3.5915416e-02
   4.2578125e+01  -3.6070623e-02
   4.2626953e+01  -3.6228117e-02
   4.2675781e+01  -3.6387815e-02
   4.2724609e+01  -3.6549292e-02
   4.2773438e+01  -3.6712697e-02
   4.2822266e+01  -3.6878116e-02
   4.2871094e+01  -3.7044851e-02
   4.2919922e+01  -3.7213641e-02
   4.2968750e+01  -3.7385147e-02
   4.3017578e+01  -3.7559382e-02
   4.3066406e+01  -3.7736354e-02
   4.3115234e+01  -3.7916290e-02
   4.3164062e+01  -3.8099050e-02
   4.3212891e+01  -3.8283900e-02
   4.3261719e+01  -3.8471064e-02
   4.3310547e+01  -3.8661071e-02
   4.3359375e+01  -3.8853339e-02
   4.3408203e+01  -3.9048418e-02
   4.3457031e+01  -3.9246220e-02
   4.3505859e+01  -3.9446816e-02
   4.3554688e+01  -3.9650791e-02
   4.3603516e+01  -3.9857500e-02
   4.3652344e+01  -4.0066782e-02
   4.3701172e+01  -4.0279034e-02
   4.3750000e+01  -4.0494112e-02
   4.3798828e+01  -4.0712586e-02
   4.3847656e+01  -4.0934550e-02
   4.3896484e+01  -4.1159411e-02
   4.3945312e+01  -4.1387197e-02
   4.3994141e+01  -4.1618465e-02
   4.4042969e+01  -4.1853807e-02
   4.4091797e+01  -4.2093213e-02
   4.4140625e+01  -4.2336638e-02
   4.4189453e+01  -4.2584348e-02
   4.4238281e+01  -4.2836743e-02
   4.4287109e+01  -4.3093065e-02
   4.4335938e+01  -4.3353161e-02
   4.4384766e+01  -4.3617169e-02
   4.4433594e+01  -4.3885892e-02
   4.4482422e+01  -4.4159206e-02
   4.4531250e+01  -4.4437628e-02
   4.4580078e+01  -4.4720435e-02
   4.4628906e+01  -4.5007275e-02
   4.4677734e+01  -4.5298549e-02
   4.4726562e+01  -4.5594687e-02
   4.4775391e+01  -4.5896239e-02
   4.4824219e+01  -4.6203768e-02
   4.4873047e+01  -4.6516206e-02
   4.4921875e+01  -4.6834460e-02
   4.4970703e+01  -4.7157829e-02
   4.5019531e+01  -4.7486626e-02
   4.5068359e+01  -4.7820663e-02
   4.5117188e+01  -4.8161236e-02
   4.5166016e+01  -4.8507953e-02
   4.5214844e+01  -4.8861304e-02
   4.5263672e+01  -4.9221370e-02
   4.5312500e+01  -4.9587864e-02
   4.5361328e+01  -4.9961852e-02
   4.5410156e+01  -5.0343013e-02
   4.5458984e+01  -5.0731842e-02
   4.5507812e+01  -5.1128815e-02
   4.5556641e+01  -5.1533875e-02
   4.5605469e+01  -5.1946571e-02
   4.5654297e+01  -5.2367352e-02
   4.5703125e+01  -5.2797113e-02
   4.5751953e+01  -5.3236659e-02
   4.5800781e+01  -5.3685592e-02
   4.5849609e+01  -5.4143990e-02
   4.5898438e+01  -5.4611977e-02
   4.5947266e+01  -5.5089391e-02
   4.5996094e+01  -5.5577546e-02
   4.6044922e+01  -5.6076772e-02
   4.6093750e+01  -5.6587754e-02
   4.6142578e+01  -5.7109883e-02
   4.6191406e+01  -5.7644158e-02
   4.6240234e+01  -5.8190402e-02
   4.6289062e+01  -5.8750229e-02
   4.6337891e+01  -5.9323932e-02
   4.6386719e+01  -5.9911666e-02
   4.6435547e+01  -6.0513419e-02
   4.6484375e+01  -6.1129158e-02
   4.6533203e+01  -6.1759227e-02
   4.6582031e+01  -6.2404886e-02
   4.6630859e+01  -6.3067528e-02
   4.6679688e+01  -6.3747145e-02
   4.6728516e+01  -6.4444009e-02
   4.6777344e+01  -6.5158945e-02
   4.6826172e+01  -6.5892849e-02
   4.6875000e+01  -6.6646785e-02
   4.6923828e+01  -6.7422748e-02
   4.6972656e+01  -6.8221297e-02
   4.7021484e+01  -6.9042368e-02
   4.7070312e+01  -6.9887649e-02
   4.7119141e+01  -7.0757529e-02
   4.7167969e+01  -7.1652321e-02
   4.7216797e+01  -7.2574631e-02
   4.7265625e+01  -7.3525917e-02
   4.7314453e+01  -7.4506445e-02
   4.7363281e+01  -7.5518467e-02
   4.7412109e+01  -7.6563474e-02
   4.7460938e+01  -7.7642529e-02
   4.7509766e+01  -7.8757151e-02
   4.7558594e+01  -7.9910699e-02
   4.7607422e+01  -8.1104748e-02
   4.7656250e+01  -8.2341647e-02
   4.7705078e+01  -8.3622898e-02
   4.7753906e+01  -8.4950864e-02
   4.7802734e+01  -8.6328655e-02
   4.7851562e+01  -8.7758823e-02
   4.7900391e+01  -8.9244109e-02
   4.7949219e+01  -9.0788721e-02
   4.7998047e+01  -9.2396359e-02
   4.8046875e+01  -9.4070925e-02
   4.8095703e+01  -9.5816381e-02
   4.8144531e+01  -9.7638290e-02
   4.8193359e+01  -9.9541374e-02
   4.8242188e+01  -1.0153149e-01
   4.8291016e+01  -1.0361339e-01
   4.8339844e+01  -1.0579592e-01
   4.8388672e+01  -1.0808611e-01
   4.8437500e+01  -1.1049163e-01
   4.8486328e+01  -1.1302244e-01
   4.8535156e+01  -1.1568915e-01
   4.8583984e+01  -1.1850138e-01
   4.8632812e+01  -1.2147230e-01
   4.8681641e+01  -1.2461655e-01
   4.8730469e+01  -1.2794907e-01
   4.8779297e+01  -1.3148728e-01
   4.8828125e+01  -1.3525182e-01
   4.8876953e+01  -1.3926569e-01
   4.8925781e+01  -1.4355365e-01
   4.8974609e+01  -1.4814453e-01
   4.9023438e+01  -1.5307269e-01
   4.9072266e+01  -1.5837833e-01
   4.9121094e+01  -1.6410523e-01
   4.9169922e+01  -1.7030728e-01
   4.9218750e+01  -1.7704336e-01
   4.9267578e+01  -1.8438277e-01
   4.9316406e+01  -1.9240949e-01
   4.9365234e+01  -2.0122474e-01
   4.9414062e+01  -2.1094565e-01
   4.9462891e+01  -2.2171289e-01
   4.9511719e+01  -2.3369435e-01
   4.9560547e+01  -2.4709392e-01
   4.9609375e+01  -2.6215978e-01
   4.9658203e+01  -2.7919707e-01
   4.9707031e+01  -2.9857725e-01
   4.9755859e+01  -3.2076470e-01
   4.9804688e+01  -3.4633314e-01
   4.9853516e+01  -3.7600344e-01
   4.9902344e+01  -4.1068879e-01
   4.9951172e+01  -4.5154794e-01
   5.0000000e+01  -5.0008605e-01
