   0.0000000e+00  -2.0000000e+00
   2.4414062e-02  -1.7918364e+00
   4.8828125e-02  -1.6068923e+00
   7.3242187e-02  -1.4452372e+00
   9.7656250e-02  -1.2987466e+00
   1.2207031e-01  -1.1766535e+00
   1.4648437e-01  -1.0626338e+00
   1.7089844e-01  -9.6501145e-01
   1.9531250e-01  -8.7491067e-01
   2.1972656e-01  -7.9873433e-01
   2.4414062e-01  -7.2748630e-01
   2.6855469e-01  -6.6656318e-01
   2.9296875e-01  -6.1001887e-01
   3.1738281e-01  -5.6002613e-01
   3.4179687e-01  -5.1290571e-01
   3.6621094e-01  -4.7427013e-01
   3.9062500e-01  -4.3777469e-01
   4.1503906e-01  -4.0283348e-01
   4.3945312e-01  -3.7252134e-01
   4.6386719e-01  -3.4383204e-01
   4.8828125e-01  -3.1919803e-01
   5.1269531e-01  -2.9754701e-01
   5.3710937e-01  -2.7655579e-01
   5.6152344e-01  -2.5798572e-01
   5.8593750e-01  -2.4078711e-01
   6.1035156e-01  -2.2691488e-01
   6.3476562e-01  -2.1029762e-01
   6.5917969e-01  -1.9830898e-01
   6.8359375e-01  -1.8591198e-01
   7.0800781e-01  -1.7388354e-01
   7.3242187e-01  -1.6221679e-01
   7.5683594e-01  -1.5264332e-01
   7.8125000e-01  -1.4480058e-01
   8.0566406e-01  -1.3552767e-01
   8.3007812e-01  -1.2820915e-01
   8.5449219e-01  -1.2295056e-01
   8.7890625e-01  -1.1477710e-01
   9.0332031e-01  -1.1066962e-01
   9.2773437e-01  -1.0290711e-01
   9.5214844e-01  -9.7975732e-02
   9.7656250e-01  -9.3530275e-02
   1.0009766e+00  -8.9452045e-02
   1.0253906e+00  -8.4310642e-02
   1.0498047e+00  -8.0776612e-02
   1.0742187e+00  -7.6097512e-02
   1.0986328e+00  -7.2977715e-02
   1.1230469e+00  -7.0186675e-02
   1.1474609e+00  -6.6313198e-02
   1.1718750e+00  -6.3769212e-02
   1.1962891e+00  -6.2334984e-02
   1.2207031e+00  -5.8117097e-02
   1.2451172e+00  -5.6495833e-02
   1.2695312e+00  -5.2466521e-02
   1.2939453e+00  -5.2164674e-02
   1.3183594e+00  -4.9497521e-02
   1.3427734e+00  -4.7491854e-02
   1.3671875e+00  -4.5790930e-02
   1.3916016e+00  -4.4519666e-02
   1.4160156e+00  -4.1900137e-02
   1.4404297e+00  -4.1276707e-02
   1.4648437e+00  -3.8757716e-02
   1.4892578e+00  -3.7683100e-02
   1.5136719e+00  -3.6913397e-02
   1.5380859e+00  -3.5682522e-02
   1.5625000e+00  -3.4577460e-02
   1.5869141e+00  -3.2997491e-02
   1.6113281e+00  -3.1526279e-02
   1.6357422e+00  -3.1126890e-02
   1.6601562e+00  -2.9698753e-02
   1.6845703e+00  -2.8939062e-02
   1.7089844e+00  -2.8325063e-02
   1.7333984e+00  -2.7094895e-02
   1.7578125e+00  -2.6007026e-02
   1.7822266e+00  -2.5071885e-02
   1.8066406e+00  -2.4695310e-02
   1.8310547e+00  -2.4978568e-02
   1.8554687e+00  -2.2230315e-02
   1.8798828e+00  -2.2859961e-02
   1.9042969e+00  -2.2516917e-02
   1.9287109e+00  -2.1315479e-02
   1.9531250e+00  -2.0476115e-02
   1.9775391e+00  -2.0267938e-02
   2.0019531e+00  -1.9236938e-02
   2.0263672e+00  -1.9046625e-02
   2.0507812e+00  -1.8674237e-02
   2.0751953e+00  -1.7661116e-02
   2.0996094e+00  -1.7864261e-02
   2.1240234e+00  -1.7281296e-02
   2.1484375e+00  -1.6913576e-02
   2.1728516e+00  -1.6339765e-02
   2.1972656e+00  -1.6114593e-02
   2.2216797e+00  -1.5931182e-02
   2.2460937e+00  -1.5374784e-02
   2.2705078e+00  -1.4595780e-02
   2.2949219e+00  -1.4728746e-02
   2.3193359e+00  -1.4440451e-02
   2.3437500e+00  -1.2941778e-02
   2.3681641e+00  -1.3758485e-02
   2.3925781e+00  -1.3597305e-02
   2.4169922e+00  -1.3097077e-02
   2.4414062e+00  -1.2451953e-02
   2.4658203e+00  -1.2833332e-02
   2.4902344e+00  -1.2667834e-02
   2.5146484e+00  -1.1802146e-02
   2.5390625e+00  -1.1549900e-02
   2.5634766e+00  -1.1123259e-02
   2.5878906e+00  -1.1058869e-02
   2.6123047e+00  -1.0910556e-02
   2.6367187e+00  -1.0613946e-02
   2.6611328e+00  -1.0568824e-02
   2.6855469e+00  -1.0568909e-02
   2.7099609e+00  -9.7799787e-03
   2.7343750e+00  -9.8568323e-03
   2.7587891e+00  -9.5496102e-03
   2.7832031e+00  -9.3517417e-03
   2.8076172e+00  -9.7633932e-03
   2.8320312e+00  -9.1926886e-03
   2.8564453e+00  -9.1000530e-03
   2.8808594e+00  -8.2310852e-03
   2.9052734e+00  -8.2094348e-03
   2.9296875e+00  -8.2812242e-03
   2.9541016e+00  -8.3647296e-03
   2.9785156e+00  -8.1404506e-03
   3.0029297e+00  -7.9300186e-03
   3.0273437e+00  -7.8053529e-03
   3.0517578e+00  -7.6839365e-03
   3.0761719e+00  -7.5505232e-03
   3.1005859e+00  -8.2791354e-03
   3.1250000e+00  -7.1881945e-03
   3.1494141e+00  -7.1625797e-03
   3.1738281e+00  -7.0106056e-03
   3.1982422e+00  -6.6859268e-03
   3.2226562e+00  -6.5254842e-03
   3.2470703e+00  -6.7688362e-03
   3.2714844e+00  -6.4977916e-03
   3.2958984e+00  -6.2707273e-03
   3.3203125e+00  -6.2706556e-03
   3.3447266e+00  -6.5724388e-03
   3.3691406e+00  -5.7281762e-03
   3.3935547e+00  -6.2406923e-03
   3.4179687e+00  -6.3242876e-03
   3.4423828e+00  -5.8921997e-03
   3.4667969e+00  -5.3519353e-03
   3.4912109e+00  -5.8690825e-03
   3.5156250e+00  -5.3386404e-03
   3.5400391e+00  -5.2677725e-03
   3.5644531e+00  -5.2477893e-03
   3.5888672e+00  -5.3960158e-03
   3.6132812e+00  -5.0721342e-03
   3.6376953e+00  -5.4865742e-03
   3.6621094e+00  -5.5444035e-03
   3.6865234e+00  -5.2456824e-03
   3.7109375e+00  -4.8412511e-03
   3.7353516e+00  -5.4183181e-03
   3.7597656e+00  -5.0570939e-03
   3.7841797e+00  -5.1077023e-03
   3.8085937e+00  -4.7475114e-03
   3.8330078e+00  -4.9243502e-03
   3.8574219e+00  -4.4352162e-03
   3.8818359e+00  -4.5590029e-03
   3.9062500e+00  -4.1434352e-03
   3.9306641e+00  -4.4765140e-03
   3.9550781e+00  -4.5360458e-03
   3.9794922e+00  -4.5717062e-03
   4.0039062e+00  -4.1701479e-03
   4.0283203e+00  -4.8892294e-03
   4.0527344e+00  -4.1453458e-03
   4.0771484e+00  -4.2281080e-03
   4.1015625e+00  -4.2005772e-03
   4.1259766e+00  -4.0023441e-03
   4.1503906e+00  -3.9076208e-03
   4.1748047e+00  -4.1729170e-03
   4.1992187e+00  -3.7788008e-03
   4.2236328e+00  -3.6178891e-03
   4.2480469e+00  -3.8227145e-03
   4.2724609e+00  -3.8638314e-03
   4.2968750e+00  -3.6257010e-03
   4.3212891e+00  -4.1820731e-03
   4.3457031e+00  -3.2620037e-03
   4.3701172e+00  -4.1281613e-03
   4.3945312e+00  -3.1941770e-03
   4.4189453e+00  -3.3791760e-03
   4.4433594e+00  -3.3683700e-03
   4.4677734e+00  -3.1374234e-03
   4.4921875e+00  -3.2307803e-03
   4.5166016e+00  -3.6109908e-03
   4.5410156e+00  -3.5299443e-03
   4.5654297e+00  -3.2626054e-03
   4.5898437e+00  -3.4472371e-03
   4.6142578e+00  -3.0564550e-03
   4.6386719e+00  -3.0795574e-03
   4.6630859e+00  -3.1260971e-03
   4.6875000e+00  -3.2288662e-03
   4.7119141e+00  -2.9180779e-03
   4.7363281e+00  -2.9513521e-03
   4.7607422e+00  -2.8197745e-03
   4.7851562e+00  -2.7556175e-03
   4.8095703e+00  -2.5414743e-03
   4.8339844e+00  -2.9078877e-03
   4.8583984e+00  -3.0745105e-03
   4.8828125e+00  -2.5139243e-03
   4.9072266e+00  -2.8259886e-03
   4.9316406e+00  -2.7854241e-03
   4.9560547e+00  -2.9265947e-03
   4.9804687e+00  -2.1520059e-03
   5.0048828e+00  -2.4607202e-03
   5.0292969e+00  -2.5139003e-03
   5.0537109e+00  -2.2120850e-03
   5.0781250e+00  -2.4302677e-03
   5.1025391e+00  -2.1945089e-03
   5.1269531e+00  -2.4688202e-03
   5.1513672e+00  -2.3098564e-03
   5.1757812e+00  -2.2027237e-03
   5.2001953e+00  -2.5735910e-03
   5.2246094e+00  -2.5750193e-03
   5.2490234e+00  -2.3828590e-03
   5.2734375e+00  -2.4001634e-03
   5.2978516e+00  -2.2246907e-03
   5.3222656e+00  -2.3068109e-03
   5.3466797e+00  -2.2410900e-03
   5.3710937e+00  -2.1452185e-03
   5.3955078e+00  -2.0116152e-03
   5.4199219e+00  -2.1738807e-03
   5.4443359e+00  -1.8247178e-03
   5.4687500e+00  -2.2037782e-03
   5.4931641e+00  -2.7336719e-03
   5.5175781e+00  -2.0213175e-03
   5.5419922e+00  -2.5506814e-03
   5.5664062e+00  -2.1772836e-03
   5.5908203e+00  -1.8927920e-03
   5.6152344e+00  -2.2335668e-03
   5.6396484e+00  -2.0386750e-03
   5.6640625e+00  -2.0592915e-03
   5.6884766e+00  -1.9958288e-03
   5.7128906e+00  -1.8168074e-03
   5.7373047e+00  -2.3281801e-03
   5.7617187e+00  -1.7944193e-03
   5.7861328e+00  -2.4062855e-03
   5.8105469e+00  -2.2494168e-03
   5.8349609e+00  -2.2392507e-03
   5.8593750e+00  -1.9592517e-03
   5.8837891e+00  -2.0741008e-03
   5.9082031e+00  -1.7592660e-03
   5.9326172e+00  -1.8962705e-03
   5.9570312e+00  -1.9038153e-03
   5.9814453e+00  -2.1229289e-03
   6.0058594e+00  -1.8903846e-03
   6.0302734e+00  -1.7312657e-03
   6.0546875e+00  -1.7878642e-03
   6.0791016e+00  -1.7846358e-03
   6.1035156e+00  -1.5824696e-03
   6.1279297e+00  -1.4275921e-03
   6.1523437e+00  -1.7677861e-03
   6.1767578e+00  -1.5197126e-03
   6.2011719e+00  -2.0998999e-03
   6.2255859e+00  -1.5888161e-03
   6.2500000e+00  -1.7921190e-03
   6.2744141e+00  -1.1148522e-03
   6.2988281e+00  -1.4929067e-03
   6.3232422e+00  -1.4056019e-03
   6.3476562e+00  -1.4145510e-03
   6.3720703e+00  -1.5151058e-03
   6.3964844e+00  -1.4703425e-03
   6.4208984e+00  -1.4384473e-03
   6.4453125e+00  -1.6108670e-03
   6.4697266e+00  -1.6523196e-03
   6.4941406e+00  -1.7755466e-03
   6.5185547e+00  -1.4376808e-03
   6.5429687e+00  -1.6900729e-03
   6.5673828e+00  -1.4756376e-03
   6.5917969e+00  -1.2857105e-03
   6.6162109e+00  -1.6835776e-03
   6.6406250e+00  -1.5276486e-03
   6.6650391e+00  -1.6154683e-03
   6.6894531e+00  -1.4112847e-03
   6.7138672e+00  -1.5459295e-03
   6.7382812e+00  -1.4903949e-03
   6.7626953e+00  -1.5012332e-03
   6.7871094e+00  -1.2069676e-03
   6.8115234e+00  -1.3037384e-03
   6.8359375e+00  -1.1757172e-03
   6.8603516e+00  -1.2371057e-03
   6.8847656e+00  -1.3904898e-03
   6.9091797e+00  -1.7058127e-03
   6.9335937e+00  -1.7062861e-03
   6.9580078e+00  -1.5627821e-03
   6.9824219e+00  -1.3184962e-03
   7.0068359e+00  -1.5396335e-03
   7.0312500e+00  -1.4146509e-03
   7.0556641e+00  -1.4135925e-03
   7.0800781e+00  -1.4070656e-03
   7.1044922e+00  -1.3772919e-03
   7.1289062e+00  -1.1839158e-03
   7.1533203e+00  -9.7167407e-04
   7.1777344e+00  -9.6011241e-04
   7.2021484e+00  -1.0933980e-03
   7.2265625e+00  -1.3937987e-03
   7.2509766e+00  -8.9658428e-04
   7.2753906e+00  -1.3207444e-03
   7.2998047e+00  -1.1540506e-03
   7.3242187e+00  -1.1627266e-03
   7.3486328e+00  -1.3738135e-03
   7.3730469e+00  -1.2654212e-03
   7.3974609e+00  -1.5489041e-03
   7.4218750e+00  -1.2592573e-03
   7.4462891e+00  -1.1022953e-03
   7.4707031e+00  -1.3523251e-03
   7.4951172e+00  -1.1782861e-03
   7.5195312e+00  -1.3637113e-03
   7.5439453e+00  -1.0606452e-03
   7.5683594e+00  -1.1902754e-03
   7.5927734e+00  -1.3735606e-03
   7.6171875e+00  -6.9942784e-04
   7.6416016e+00  -1.1429683e-03
   7.6660156e+00  -9.1488985e-04
   7.6904297e+00  -8.3650354e-04
   7.7148437e+00  -1.2587492e-03
   7.7392578e+00  -1.4205637e-03
   7.7636719e+00  -9.3337740e-04
   7.7880859e+00  -1.3054877e-03
   7.8125000e+00  -9.1182855e-04
   7.8369141e+00  -1.4156594e-03
   7.8613281e+00  -1.0641625e-03
   7.8857422e+00  -1.0179732e-03
   7.9101562e+00  -1.2315516e-03
   7.9345703e+00  -8.6589640e-04
   7.9589844e+00  -1.1351535e-03
   7.9833984e+00  -8.2427011e-04
   8.0078125e+00  -9.6029142e-04
   8.0322266e+00  -1.1151535e-03
   8.0566406e+00  -1.1763099e-03
   8.0810547e+00  -8.6055898e-04
   8.1054687e+00  -1.0119732e-03
   8.1298828e+00  -9.4994925e-04
   8.1542969e+00  -6.5557866e-04
   8.1787109e+00  -1.1984563e-03
   8.2031250e+00  -9.4037467e-04
   8.2275391e+00  -8.8453349e-04
   8.2519531e+00  -9.6540579e-04
   8.2763672e+00  -8.4994312e-04
   8.3007812e+00  -1.0408055e-03
   8.3251953e+00  -9.8254008e-04
   8.3496094e+00  -1.2120469e-03
   8.3740234e+00  -8.5082866e-04
   8.3984375e+00  -9.6939719e-04
   8.4228516e+00  -1.1845260e-03
   8.4472656e+00  -6.1129137e-04
   8.4716797e+00  -1.1660953e-03
   8.4960937e+00  -7.1709232e-04
   8.5205078e+00  -7.0467098e-04
   8.5449219e+00  -1.1640621e-03
   8.5693359e+00  -1.1141199e-03
   8.5937500e+00  -7.7537062e-04
   8.6181641e+00  -1.0100900e-03
   8.6425781e+00  -9.7014999e-04
   8.6669922e+00  -9.9398928e-04
   8.6914062e+00  -9.7907399e-04
   8.7158203e+00  -7.9763060e-04
   8.7402344e+00  -6.5653021e-04
   8.7646484e+00  -7.4990038e-04
   8.7890625e+00  -9.2528621e-04
   8.8134766e+00  -8.7849089e-04
   8.8378906e+00  -5.9628704e-04
   8.8623047e+00  -1.0630442e-03
   8.8867187e+00  -8.1911364e-04
   8.9111328e+00  -9.5150013e-04
   8.9355469e+00  -1.1076754e-03
   8.9599609e+00  -1.0639180e-03
   8.9843750e+00  -1.0311116e-03
   9.0087891e+00  -5.7718813e-04
   9.0332031e+00  -7.3674319e-04
   9.0576172e+00  -7.0541327e-04
   9.0820312e+00  -7.5224066e-04
   9.1064453e+00  -8.3604872e-04
   9.1308594e+00  -5.4830771e-04
   9.1552734e+00  -6.0386804e-04
   9.1796875e+00  -8.5454636e-04
   9.2041016e+00  -6.0715830e-04
   9.2285156e+00  -7.6518430e-04
   9.2529297e+00  -8.3071937e-04
   9.2773437e+00  -8.3801111e-04
   9.3017578e+00  -8.9172357e-04
   9.3261719e+00  -5.6529969e-04
   9.3505859e+00  -1.1232604e-03
   9.3750000e+00  -7.8291153e-04
   9.3994141e+00  -7.8945989e-04
   9.4238281e+00  -8.9788815e-04
   9.4482422e+00  -8.2357081e-04
   9.4726562e+00  -7.1563654e-04
   9.4970703e+00  -8.2262495e-04
   9.5214844e+00  -6.9711005e-04
   9.5458984e+00  -6.0965308e-04
   9.5703125e+00  -6.3581321e-04
   9.5947266e+00  -9.0657811e-04
   9.6191406e+00  -6.5835357e-04
   9.6435547e+00  -9.7227103e-04
   9.6679687e+00  -4.8402195e-04
   9.6923828e+00  -8.1663518e-04
   9.7167969e+00  -9.1519101e-04
   9.7412109e+00  -8.7314661e-04
   9.7656250e+00  -6.0854998e-04
   9.7900391e+00  -3.9078567e-04
   9.8144531e+00  -6.0647316e-04
   9.8388672e+00  -5.5901652e-04
   9.8632812e+00  -6.1015227e-04
   9.8876953e+00  -8.1243457e-04
   9.9121094e+00  -6.3524426e-04
   9.9365234e+00  -5.7484602e-04
   9.9609375e+00  -6.4561939e-04
   9.9853516e+00  -8.2925003e-04
   1.0009766e+01  -7.8649110e-04
   1.0034180e+01  -8.1497733e-04
   1.0058594e+01  -1.8889276e-04
   1.0083008e+01  -7.5578382e-04
   1.0107422e+01  -7.6005382e-04
   1.0131836e+01  -6.7025039e-04
   1.0156250e+01  -7.4846973e-04
   1.0180664e+01  -6.5074057e-04
   1.0205078e+01  -4.3559504e-04
   1.0229492e+01  -2.4977048e-04
   1.0253906e+01  -8.8539749e-04
   1.0278320e+01  -6.4764007e-04
   1.0302734e+01  -6.3403830e-04
   1.0327148e+01  -1.5785031e-04
   1.0351562e+01  -9.0586516e-04
   1.0375977e+01  -5.4122879e-04
   1.0400391e+01  -8.5677511e-04
   1.0424805e+01  -6.0606935e-04
   1.0449219e+01  -8.0898699e-05
   1.0473633e+01  -6.1267994e-04
   1.0498047e+01  -5.5433965e-04
   1.0522461e+01  -9.3386400e-04
   1.0546875e+01  -5.4417169e-04
   1.0571289e+01  -4.6702618e-04
   1.0595703e+01  -6.3303093e-04
   1.0620117e+01  -7.1469229e-04
   1.0644531e+01  -7.4963219e-04
   1.0668945e+01  -7.7239855e-04
   1.0693359e+01  -5.3062768e-04
   1.0717773e+01  -5.5667149e-04
   1.0742187e+01  -4.5340363e-04
   1.0766602e+01  -7.3764017e-04
   1.0791016e+01  -6.7841540e-04
   1.0815430e+01  -5.4597770e-04
   1.0839844e+01  -5.4357035e-04
   1.0864258e+01  -7.2274886e-04
   1.0888672e+01  -6.5100379e-04
   1.0913086e+01  -5.9728467e-04
   1.0937500e+01  -6.7005057e-04
   1.0961914e+01  -4.6873201e-04
   1.0986328e+01  -6.3794335e-04
   1.1010742e+01  -5.2306720e-04
   1.1035156e+01  -4.9247532e-04
   1.1059570e+01  -4.7905090e-04
   1.1083984e+01  -4.1752255e-04
   1.1108398e+01  -6.0908120e-04
   1.1132812e+01  -5.8017724e-04
   1.1157227e+01  -4.2618913e-04
   1.1181641e+01  -5.4136650e-04
   1.1206055e+01  -3.9757256e-04
   1.1230469e+01  -7.2877890e-04
   1.1254883e+01  -4.3629661e-04
   1.1279297e+01  -6.8061429e-04
   1.1303711e+01  -4.0907578e-04
   1.1328125e+01  -4.8582845e-04
   1.1352539e+01  -4.0631544e-04
   1.1376953e+01  -5.2442190e-04
   1.1401367e+01  -1.8612142e-04
   1.1425781e+01  -5.8944954e-04
   1.1450195e+01  -3.6822655e-04
   1.1474609e+01  -4.8973427e-04
   1.1499023e+01  -6.9002417e-04
   1.1523437e+01  -5.8683242e-04
   1.1547852e+01  -7.4641849e-04
   1.1572266e+01  -6.8102859e-04
   1.1596680e+01  -6.4010944e-04
   1.1621094e+01  -6.2381326e-04
   1.1645508e+01  -6.2320399e-04
   1.1669922e+01  -6.9284619e-04
   1.1694336e+01  -4.1696267e-04
   1.1718750e+01  -5.8830466e-04
   1.1743164e+01  -5.8986702e-04
   1.1767578e+01  -6.4530287e-04
   1.1791992e+01  -4.8035360e-04
   1.1816406e+01  -6.8434501e-04
   1.1840820e+01  -5.7333656e-04
   1.1865234e+01  -7.1941459e-04
   1.1889648e+01  -3.8224672e-04
   1.1914062e+01  -4.9720486e-04
   1.1938477e+01  -4.9221836e-04
   1.1962891e+01  -4.0321941e-04
   1.1987305e+01  -5.2735320e-04
   1.2011719e+01  -4.8618409e-04
   1.2036133e+01  -4.5550988e-04
   1.2060547e+01  -4.2665773e-04
   1.2084961e+01  -6.1482544e-04
   1.2109375e+01  -3.3936316e-04
   1.2133789e+01  -5.1148754e-04
   1.2158203e+01  -6.3695613e-04
   1.2182617e+01  -6.3132434e-04
   1.2207031e+01  -4.5684899e-04
   1.2231445e+01  -3.9449808e-04
   1.2255859e+01  -5.2866066e-04
   1.2280273e+01  -4.5873546e-04
   1.2304687e+01  -5.0410378e-04
   1.2329102e+01  -6.7044929e-04
   1.2353516e+01  -2.9631462e-04
   1.2377930e+01  -3.2792643e-04
   1.2402344e+01  -5.4766712e-04
   1.2426758e+01  -6.9335609e-04
   1.2451172e+01  -5.9369340e-04
   1.2475586e+01  -8.4636675e-04
   1.2500000e+01  -3.0760538e-04
   1.2524414e+01  -6.7045160e-04
   1.2548828e+01  -3.5442472e-04
   1.2573242e+01  -3.1941162e-04
   1.2597656e+01  -4.4380891e-04
   1.2622070e+01  -3.2517107e-04
   1.2646484e+01  -3.9186899e-04
   1.2670898e+01  -2.6765945e-04
   1.2695312e+01  -2.9741866e-04
   1.2719727e+01  -2.2410117e-04
   1.2744141e+01  -4.6502520e-04
   1.2768555e+01  -4.8061408e-04
   1.2792969e+01  -4.2722323e-04
   1.2817383e+01  -4.3466951e-04
   1.2841797e+01  -3.1013564e-04
   1.2866211e+01  -4.8524731e-04
   1.2890625e+01  -5.3505950e-04
   1.2915039e+01  -1.7136382e-04
   1.2939453e+01  -3.4222504e-04
   1.2963867e+01  -5.2978105e-04
   1.2988281e+01  -4.7729319e-04
   1.3012695e+01  -2.7983557e-04
   1.3037109e+01  -1.7957522e-04
   1.3061523e+01  -3.9458700e-04
   1.3085937e+01  -5.1427589e-04
   1.3110352e+01  -5.3399790e-04
   1.3134766e+01  -6.3410124e-04
   1.3159180e+01  -4.1504570e-04
   1.3183594e+01  -6.8173312e-04
   1.3208008e+01  -7.4177447e-04
   1.3232422e+01  -7.5857239e-04
   1.3256836e+01  -3.9517418e-04
   1.3281250e+01  -2.7960542e-04
   1.3305664e+01  -5.7897886e-04
   1.3330078e+01  -3.3193786e-04
   1.3354492e+01  -5.6525106e-04
   1.3378906e+01  -2.2573901e-04
   1.3403320e+01  -5.1773174e-04
   1.3427734e+01  -3.1599992e-04
   1.3452148e+01  -5.1558831e-04
   1.3476562e+01  -3.3383568e-04
   1.3500977e+01  -6.7853592e-04
   1.3525391e+01  -2.0596122e-04
   1.3549805e+01  -5.7448468e-04
   1.3574219e+01   4.7954039e-05
   1.3598633e+01  -2.8726684e-04
   1.3623047e+01  -4.1026464e-04
   1.3647461e+01  -2.1583794e-04
   1.3671875e+01  -6.0154717e-04
   1.3696289e+01  -4.1992207e-04
   1.3720703e+01  -3.5922809e-04
   1.3745117e+01  -4.6259597e-04
   1.3769531e+01  -4.5624179e-04
   1.3793945e+01  -4.2206890e-04
   1.3818359e+01  -5.6962167e-04
   1.3842773e+01  -5.2603860e-04
   1.3867187e+01  -3.9960962e-04
   1.3891602e+01  -3.5852316e-04
   1.3916016e+01  -3.5441542e-04
   1.3940430e+01  -8.4936845e-04
   1.3964844e+01  -2.8919520e-04
   1.3989258e+01  -6.0224977e-04
   1.4013672e+01  -5.2301612e-04
   1.4038086e+01  -2.9908106e-04
   1.4062500e+01  -4.8150436e-04
   1.4086914e+01  -1.8235713e-04
   1.4111328e+01  -2.7150849e-04
   1.4135742e+01  -2.3205958e-04
   1.4160156e+01  -3.7179019e-04
   1.4184570e+01  -2.7865117e-04
   1.4208984e+01  -3.5586784e-04
   1.4233398e+01  -4.8046843e-04
   1.4257812e+01  -2.4490344e-04
   1.4282227e+01  -3.6880641e-04
   1.4306641e+01  -4.7328330e-04
   1.4331055e+01  -6.5879740e-04
   1.4355469e+01  -3.8614776e-04
   1.4379883e+01  -7.0582007e-04
   1.4404297e+01  -3.7106070e-04
   1.4428711e+01  -3.3360407e-04
   1.4453125e+01  -5.6454884e-04
   1.4477539e+01  -3.3774031e-04
   1.4501953e+01  -4.6370173e-04
   1.4526367e+01  -4.4663259e-04
   1.4550781e+01  -2.5024278e-04
   1.4575195e+01  -3.6511442e-04
   1.4599609e+01  -3.6428391e-04
   1.4624023e+01  -6.4984907e-04
   1.4648437e+01  -8.3645666e-05
   1.4672852e+01  -2.5357216e-04
   1.4697266e+01  -3.6551373e-04
   1.4721680e+01  -4.2183976e-04
   1.4746094e+01  -2.3112819e-04
   1.4770508e+01  -3.3647398e-04
   1.4794922e+01  -5.4702347e-04
   1.4819336e+01  -4.3891775e-04
   1.4843750e+01  -3.8927194e-04
   1.4868164e+01  -3.3335416e-04
   1.4892578e+01  -5.0864396e-04
   1.4916992e+01  -2.2564816e-04
   1.4941406e+01  -4.6806106e-04
   1.4965820e+01  -4.7659654e-04
   1.4990234e+01  -2.9244482e-04
   1.5014648e+01  -2.3306421e-04
   1.5039062e+01  -1.6031322e-04
   1.5063477e+01  -2.5434968e-04
   1.5087891e+01  -2.0183349e-04
   1.5112305e+01  -3.1897492e-04
   1.5136719e+01  -2.9304880e-04
   1.5161133e+01  -5.1818632e-04
   1.5185547e+01  -2.9595653e-04
   1.5209961e+01  -5.2643676e-04
   1.5234375e+01  -3.5100914e-04
   1.5258789e+01  -2.6293365e-04
   1.5283203e+01  -5.1505085e-04
   1.5307617e+01  -4.8615600e-04
   1.5332031e+01  -3.1550265e-04
   1.5356445e+01  -6.6342759e-04
   1.5380859e+01  -5.1106376e-04
   1.5405273e+01  -2.8738420e-04
   1.5429687e+01  -1.7238746e-04
   1.5454102e+01  -3.7831454e-04
   1.5478516e+01  -4.8661874e-04
   1.5502930e+01  -4.6972828e-04
   1.5527344e+01  -4.2655483e-04
   1.5551758e+01  -1.8443521e-04
   1.5576172e+01  -3.8174740e-04
   1.5600586e+01  -2.2223921e-04
   1.5625000e+01  -4.0171538e-04
   1.5649414e+01  -4.8861254e-04
   1.5673828e+01  -1.6871230e-04
   1.5698242e+01  -7.0196357e-04
   1.5722656e+01  -5.4375781e-04
   1.5747070e+01  -2.5833357e-04
   1.5771484e+01  -2.7337763e-04
   1.5795898e+01  -5.1893455e-04
   1.5820312e+01  -4.7958773e-04
   1.5844727e+01  -2.0827377e-04
   1.5869141e+01  -4.4261041e-04
   1.5893555e+01  -2.8556586e-04
   1.5917969e+01  -2.5019975e-04
   1.5942383e+01  -3.2579664e-04
   1.5966797e+01  -3.7613151e-04
   1.5991211e+01  -1.9362763e-04
   1.6015625e+01  -4.6505423e-04
   1.6040039e+01  -3.6470055e-04
   1.6064453e+01  -3.9806124e-04
   1.6088867e+01  -4.0966143e-04
   1.6113281e+01  -3.7833495e-04
   1.6137695e+01  -4.4046659e-04
   1.6162109e+01  -3.3739735e-04
   1.6186523e+01  -2.8020028e-04
   1.6210937e+01  -3.6700693e-04
   1.6235352e+01  -3.4883038e-04
   1.6259766e+01  -3.0887696e-04
   1.6284180e+01  -4.1764113e-04
   1.6308594e+01  -3.4901457e-04
   1.6333008e+01  -4.0075128e-04
   1.6357422e+01  -3.4616445e-04
   1.6381836e+01  -2.1024533e-04
   1.6406250e+01  -1.3548442e-04
   1.6430664e+01  -1.7580810e-04
   1.6455078e+01  -3.2097770e-04
   1.6479492e+01  -3.3692169e-04
   1.6503906e+01  -5.7041831e-04
   1.6528320e+01  -4.4212009e-04
   1.6552734e+01  -2.5586025e-04
   1.6577148e+01  -3.8639185e-04
   1.6601562e+01  -5.1840476e-04
   1.6625977e+01  -3.7993402e-04
   1.6650391e+01  -4.8471800e-04
   1.6674805e+01  -5.6185648e-04
   1.6699219e+01  -2.5390049e-04
   1.6723633e+01  -2.7183629e-04
   1.6748047e+01  -3.0370190e-04
   1.6772461e+01  -5.2247436e-04
   1.6796875e+01  -1.9296203e-04
   1.6821289e+01  -5.6197835e-05
   1.6845703e+01  -2.7543484e-04
   1.6870117e+01  -2.0016885e-04
   1.6894531e+01  -2.3732570e-04
   1.6918945e+01  -5.6938776e-04
   1.6943359e+01  -3.3104902e-04
   1.6967773e+01  -2.8860807e-04
   1.6992187e+01  -2.1292878e-04
   1.7016602e+01  -4.2860245e-04
   1.7041016e+01  -3.8100227e-04
   1.7065430e+01  -1.7377522e-04
   1.7089844e+01  -5.1157355e-04
   1.7114258e+01  -2.1337705e-04
   1.7138672e+01  -2.4973478e-04
   1.7163086e+01  -2.2567730e-04
   1.7187500e+01  -2.2256262e-04
   1.7211914e+01  -4.6505791e-04
   1.7236328e+01  -2.3733075e-04
   1.7260742e+01  -2.5295740e-04
   1.7285156e+01  -3.1582545e-04
   1.7309570e+01  -5.9469343e-04
   1.7333984e+01  -1.6215201e-04
   1.7358398e+01  -3.7727955e-04
   1.7382812e+01  -4.0143726e-04
   1.7407227e+01  -3.7430641e-04
   1.7431641e+01  -4.5180356e-04
   1.7456055e+01  -8.5129130e-05
   1.7480469e+01  -3.3056474e-04
   1.7504883e+01  -4.2648212e-04
   1.7529297e+01  -4.2416520e-04
   1.7553711e+01  -1.2232488e-04
   1.7578125e+01  -3.5964565e-04
   1.7602539e+01  -4.7152850e-04
   1.7626953e+01  -2.1750021e-04
   1.7651367e+01  -3.3577420e-04
   1.7675781e+01  -2.6306423e-04
   1.7700195e+01  -2.5448649e-04
   1.7724609e+01  -2.7994944e-04
   1.7749023e+01  -2.7113293e-04
   1.7773437e+01  -3.5542144e-04
   1.7797852e+01  -4.0927902e-04
   1.7822266e+01  -2.4353141e-04
   1.7846680e+01  -3.4916432e-04
   1.7871094e+01  -5.7949544e-04
   1.7895508e+01  -2.8498538e-04
   1.7919922e+01  -5.6249473e-05
   1.7944336e+01  -1.4977486e-05
   1.7968750e+01  -4.5384485e-04
   1.7993164e+01  -6.5463348e-05
   1.8017578e+01  -8.3553717e-05
   1.8041992e+01  -3.0593647e-04
   1.8066406e+01  -4.9258695e-04
   1.8090820e+01  -3.5447644e-04
   1.8115234e+01  -2.3356260e-04
   1.8139648e+01  -3.0748831e-04
   1.8164062e+01  -4.1562318e-04
   1.8188477e+01  -1.4483449e-04
   1.8212891e+01  -3.2643435e-04
   1.8237305e+01  -3.5129392e-04
   1.8261719e+01  -2.7776598e-04
   1.8286133e+01  -3.7319860e-04
   1.8310547e+01  -3.9313359e-04
   1.8334961e+01  -3.3526013e-04
   1.8359375e+01  -2.5463841e-04
   1.8383789e+01  -3.4307397e-04
   1.8408203e+01  -4.6961295e-04
   1.8432617e+01  -3.0340427e-04
   1.8457031e+01  -2.8116061e-04
   1.8481445e+01  -3.1760278e-05
   1.8505859e+01  -1.9134198e-04
   1.8530273e+01  -1.7988497e-04
   1.8554687e+01  -3.6218412e-04
   1.8579102e+01  -4.9934911e-04
   1.8603516e+01  -3.7405760e-04
   1.8627930e+01  -3.5644125e-04
   1.8652344e+01  -2.6498265e-04
   1.8676758e+01  -3.0074177e-04
   1.8701172e+01  -4.0156050e-04
   1.8725586e+01  -2.3318391e-04
   1.8750000e+01  -2.0811618e-04
   1.8774414e+01  -1.2398903e-04
   1.8798828e+01  -2.3461546e-04
   1.8823242e+01  -2.2780580e-04
   1.8847656e+01  -4.4569701e-04
   1.8872070e+01   1.1732537e-05
   1.8896484e+01  -1.2004849e-04
   1.8920898e+01  -3.3397341e-04
   1.8945312e+01  -2.9445409e-04
   1.8969727e+01  -1.4455998e-04
   1.8994141e+01  -3.4343435e-04
   1.9018555e+01  -1.6810662e-04
   1.9042969e+01  -5.0362518e-04
   1.9067383e+01  -2.8443890e-04
   1.9091797e+01  -3.9955543e-04
   1.9116211e+01  -2.5773738e-04
   1.9140625e+01  -2.7649275e-04
   1.9165039e+01  -2.2182010e-04
   1.9189453e+01  -4.4312195e-04
   1.9213867e+01  -3.7580209e-04
   1.9238281e+01  -6.2707426e-05
   1.9262695e+01  -2.4062116e-04
   1.9287109e+01  -2.4126572e-04
   1.9311523e+01  -6.6088012e-04
   1.9335937e+01  -2.1402330e-04
   1.9360352e+01  -5.1432722e-04
   1.9384766e+01  -1.7057705e-04
   1.9409180e+01  -2.5958834e-04
   1.9433594e+01  -2.7004690e-04
   1.9458008e+01  -2.6055806e-04
   1.9482422e+01  -2.9350754e-04
   1.9506836e+01  -2.9717935e-04
   1.9531250e+01  -3.8850980e-04
   1.9555664e+01  -1.7741973e-04
   1.9580078e+01  -2.2234397e-04
   1.9604492e+01  -1.9875430e-04
   1.9628906e+01  -2.6766472e-04
   1.9653320e+01  -5.0570239e-04
   1.9677734e+01  -1.1706907e-04
   1.9702148e+01  -3.3695997e-04
   1.9726562e+01  -1.7422699e-04
   1.9750977e+01  -3.6617159e-04
   1.9775391e+01  -1.6856804e-04
   1.9799805e+01  -1.9838546e-04
   1.9824219e+01  -7.1257563e-05
   1.9848633e+01  -3.5270092e-04
   1.9873047e+01  -2.6975115e-04
   1.9897461e+01  -2.3442480e-04
   1.9921875e+01  -3.0725143e-04
   1.9946289e+01  -3.0870804e-04
   1.9970703e+01  -2.1402560e-04
   1.9995117e+01  -3.0198502e-04
   2.0019531e+01  -4.3683346e-04
   2.0043945e+01  -3.2110766e-04
   2.0068359e+01  -2.0003057e-04
   2.0092773e+01  -3.1603429e-04
   2.0117187e+01  -3.8254817e-04
   2.0141602e+01  -3.3745636e-04
   2.0166016e+01  -1.6675810e-04
   2.0190430e+01  -1.8716226e-04
   2.0214844e+01  -1.2998528e-04
   2.0239258e+01  -2.7487875e-04
   2.0263672e+01  -2.9128521e-04
   2.0288086e+01  -3.9146925e-04
   2.0312500e+01  -3.0828457e-04
   2.0336914e+01  -3.7303730e-04
   2.0361328e+01  -1.4292984e-04
   2.0385742e+01  -3.6990626e-04
   2.0410156e+01  -2.7182984e-04
   2.0434570e+01  -1.0246342e-04
   2.0458984e+01  -2.8726514e-04
   2.0483398e+01  -3.3246571e-04
   2.0507812e+01  -3.6076123e-04
   2.0532227e+01  -4.1790109e-04
   2.0556641e+01  -3.9081071e-04
   2.0581055e+01  -2.2009682e-04
   2.0605469e+01   5.6684714e-06
   2.0629883e+01  -4.3746007e-04
   2.0654297e+01  -2.7845333e-04
   2.0678711e+01  -1.5167089e-04
   2.0703125e+01  -8.5409161e-05
   2.0727539e+01  -5.1907295e-04
   2.0751953e+01  -2.1108037e-04
   2.0776367e+01  -2.9325994e-04
   2.0800781e+01  -3.3002644e-04
   2.0825195e+01  -2.7914349e-04
   2.0849609e+01  -1.9448453e-04
   2.0874023e+01  -4.9560938e-04
   2.0898437e+01  -2.2889051e-04
   2.0922852e+01  -4.2264712e-04
   2.0947266e+01  -2.8396460e-04
   2.0971680e+01  -2.9416561e-04
   2.0996094e+01  -1.8003032e-04
   2.1020508e+01  -1.8223479e-04
   2.1044922e+01  -2.4960235e-04
   2.1069336e+01  -5.1331173e-04
   2.1093750e+01  -3.8556218e-04
   2.1118164e+01  -2.7672001e-04
   2.1142578e+01  -4.8462138e-04
   2.1166992e+01  -1.1599368e-04
   2.1191406e+01  -2.1982759e-04
   2.1215820e+01  -2.7845335e-04
   2.1240234e+01  -3.3923067e-04
   2.1264648e+01  -3.1253673e-04
   2.1289062e+01  -2.0898636e-04
   2.1313477e+01  -4.6727042e-04
   2.1337891e+01  -2.6507706e-04
   2.1362305e+01  -1.8992129e-04
   2.1386719e+01  -9.1005214e-05
   2.1411133e+01  -1.8273417e-04
   2.1435547e+01  -4.6468666e-04
   2.1459961e+01  -2.8723985e-04
   2.1484375e+01  -3.9065583e-04
   2.1508789e+01  -3.5597325e-04
   2.1533203e+01  -2.9516033e-04
   2.1557617e+01  -2.9160950e-04
   2.1582031e+01  -2.7458825e-04
   2.1606445e+01  -1.4531417e-04
   2.1630859e+01  -3.6830264e-04
   2.1655273e+01  -4.1601017e-04
   2.1679687e+01  -1.2506368e-04
   2.1704102e+01  -3.4743562e-04
   2.1728516e+01  -1.8533221e-04
   2.1752930e+01  -2.8360011e-04
   2.1777344e+01  -9.1025848e-05
   2.1801758e+01  -3.6277591e-04
   2.1826172e+01  -1.1061283e-04
   2.1850586e+01  -3.7330352e-04
   2.1875000e+01  -2.9081174e-04
   2.1899414e+01  -3.7178437e-04
   2.1923828e+01  -1.6416614e-04
   2.1948242e+01  -2.6723007e-04
   2.1972656e+01  -4.2640013e-04
   2.1997070e+01  -2.5356238e-04
   2.2021484e+01  -4.4734446e-04
   2.2045898e+01  -2.8835629e-04
   2.2070312e+01  -1.7073367e-04
   2.2094727e+01  -4.2159818e-04
   2.2119141e+01  -2.8295270e-04
   2.2143555e+01  -1.0941584e-04
   2.2167969e+01  -2.2089240e-04
   2.2192383e+01  -2.9975146e-04
   2.2216797e+01  -3.3763186e-04
   2.2241211e+01  -3.9120776e-04
   2.2265625e+01  -9.5078370e-05
   2.2290039e+01  -3.7332261e-04
   2.2314453e+01  -1.8408170e-04
   2.2338867e+01  -6.0401168e-05
   2.2363281e+01  -3.2401070e-04
   2.2387695e+01  -1.2217658e-04
   2.2412109e+01  -3.1720319e-04
   2.2436523e+01  -3.4975387e-04
   2.2460937e+01  -2.5652682e-04
   2.2485352e+01  -1.7191417e-04
   2.2509766e+01  -2.0580750e-04
   2.2534180e+01  -5.8562686e-05
   2.2558594e+01  -1.6955045e-04
   2.2583008e+01  -2.2710037e-04
   2.2607422e+01  -2.2286388e-04
   2.2631836e+01  -2.4345088e-04
   2.2656250e+01  -2.8749661e-04
   2.2680664e+01  -3.3504956e-04
   2.2705078e+01  -3.9668259e-04
   2.2729492e+01  -2.7459794e-04
   2.2753906e+01  -1.4072508e-04
   2.2778320e+01  -1.9942019e-04
   2.2802734e+01  -1.1981983e-05
   2.2827148e+01  -3.2290755e-04
   2.2851562e+01  -1.4798569e-04
   2.2875977e+01  -2.6774144e-04
   2.2900391e+01  -3.0845619e-04
   2.2924805e+01  -2.2349149e-05
   2.2949219e+01  -3.8299328e-04
   2.2973633e+01  -4.1767687e-04
   2.2998047e+01  -1.4017258e-04
   2.3022461e+01  -1.8339006e-04
   2.3046875e+01  -3.5900629e-04
   2.3071289e+01  -5.7234836e-05
   2.3095703e+01  -5.1512586e-05
   2.3120117e+01  -4.4082011e-04
   2.3144531e+01  -2.2230001e-04
   2.3168945e+01  -3.3419334e-04
   2.3193359e+01  -3.6497950e-04
   2.3217773e+01  -2.5959096e-04
   2.3242187e+01  -2.7143868e-04
   2.3266602e+01  -2.8894585e-04
   2.3291016e+01  -1.6476982e-04
   2.3315430e+01  -4.1719424e-04
   2.3339844e+01  -2.4700871e-04
   2.3364258e+01  -2.8644387e-04
   2.3388672e+01  -2.5123861e-04
   2.3413086e+01  -2.8048261e-04
   2.3437500e+01  -1.6375088e-04
   2.3461914e+01  -1.8831985e-04
   2.3486328e+01  -3.7445660e-04
   2.3510742e+01  -2.5608506e-04
   2.3535156e+01  -5.3915842e-04
   2.3559570e+01  -1.9858246e-04
   2.3583984e+01  -3.4384021e-04
   2.3608398e+01  -3.6348414e-04
   2.3632812e+01  -4.6653737e-04
   2.3657227e+01  -5.1180234e-04
   2.3681641e+01  -2.5360410e-04
   2.3706055e+01  -3.0947438e-04
   2.3730469e+01  -1.6107707e-04
   2.3754883e+01  -2.7583135e-04
   2.3779297e+01  -1.4914785e-04
   2.3803711e+01  -9.1053753e-05
   2.3828125e+01  -2.3609750e-04
   2.3852539e+01  -7.3879355e-05
   2.3876953e+01  -5.1302239e-05
   2.3901367e+01  -4.7512643e-04
   2.3925781e+01  -1.2848312e-04
   2.3950195e+01  -1.4874714e-04
   2.3974609e+01  -2.3385603e-04
   2.3999023e+01  -2.0162296e-04
   2.4023437e+01  -2.0015178e-04
   2.4047852e+01  -2.8895764e-04
   2.4072266e+01  -3.9273767e-04
   2.4096680e+01  -5.2366731e-04
   2.4121094e+01  -3.5685158e-04
   2.4145508e+01  -1.4250724e-04
   2.4169922e+01  -2.9703951e-04
   2.4194336e+01  -2.8381610e-04
   2.4218750e+01  -3.0849762e-04
   2.4243164e+01  -2.1935136e-04
   2.4267578e+01  -3.2109555e-04
   2.4291992e+01  -1.4065572e-04
   2.4316406e+01  -2.7491612e-04
   2.4340820e+01  -2.0108240e-04
   2.4365234e+01  -4.2787582e-04
   2.4389648e+01  -2.4803715e-04
   2.4414062e+01  -4.3063835e-04
   2.4438477e+01  -4.7930065e-04
   2.4462891e+01  -1.2050974e-04
   2.4487305e+01  -2.2556685e-04
   2.4511719e+01  -1.8422977e-04
   2.4536133e+01  -8.1416676e-05
   2.4560547e+01  -4.0210515e-04
   2.4584961e+01  -2.3333865e-04
   2.4609375e+01  -3.2770324e-04
   2.4633789e+01  -2.1342939e-04
   2.4658203e+01  -2.4830789e-04
   2.4682617e+01  -2.7161333e-04
   2.4707031e+01  -4.5229404e-05
   2.4731445e+01  -2.2807622e-04
   2.4755859e+01  -3.4809207e-04
   2.4780273e+01  -2.4471320e-04
   2.4804687e+01  -4.8409104e-04
   2.4829102e+01  -1.9167473e-04
   2.4853516e+01   4.4886953e-05
   2.4877930e+01  -3.1687212e-04
   2.4902344e+01  -3.4633770e-04
   2.4926758e+01  -9.5961140e-05
   2.4951172e+01  -3.5539983e-04
   2.4975586e+01  -7.5780735e-05
   2.5000000e+01  -1.2972049e-04
   2.5024414e+01  -7.5780736e-05
   2.5048828e+01  -3.5539983e-04
   2.5073242e+01  -9.5961142e-05
   2.5097656e+01  -3.4633770e-04
   2.5122070e+01  -3.1687212e-04
   2.5146484e+01   4.4886957e-05
   2.5170898e+01  -1.9167473e-04
   2.5195312e+01  -4.8409104e-04
   2.5219727e+01  -2.4471320e-04
   2.5244141e+01  -3.4809207e-04
   2.5268555e+01  -2.2807621e-04
   2.5292969e+01  -4.5229405e-05
   2.5317383e+01  -2.7161333e-04
   2.5341797e+01  -2.4830789e-04
   2.5366211e+01  -2.1342939e-04
   2.5390625e+01  -3.2770324e-04
   2.5415039e+01  -2.3333865e-04
   2.5439453e+01  -4.0210515e-04
   2.5463867e+01  -8.1416670e-05
   2.5488281e+01  -1.8422977e-04
   2.5512695e+01  -2.2556686e-04
   2.5537109e+01  -1.2050974e-04
   2.5561523e+01  -4.7930065e-04
   2.5585937e+01  -4.3063834e-04
   2.5610352e+01  -2.4803715e-04
   2.5634766e+01  -4.2787582e-04
   2.5659180e+01  -2.0108240e-04
   2.5683594e+01  -2.7491612e-04
   2.5708008e+01  -1.4065571e-04
   2.5732422e+01  -3.2109555e-04
   2.5756836e+01  -2.1935136e-04
   2.5781250e+01  -3.0849762e-04
   2.5805664e+01  -2.8381610e-04
   2.5830078e+01  -2.9703951e-04
   2.5854492e+01  -1.4250724e-04
   2.5878906e+01  -3.5685157e-04
   2.5903320e+01  -5.2366730e-04
   2.5927734e+01  -3.9273767e-04
   2.5952148e+01  -2.8895764e-04
   2.5976562e+01  -2.0015178e-04
   2.6000977e+01  -2.0162297e-04
   2.6025391e+01  -2.3385603e-04
   2.6049805e+01  -1.4874714e-04
   2.6074219e+01  -1.2848311e-04
   2.6098633e+01  -4.7512642e-04
   2.6123047e+01  -5.1302243e-05
   2.6147461e+01  -7.3879352e-05
   2.6171875e+01  -2.3609750e-04
   2.6196289e+01  -9.1053753e-05
   2.6220703e+01  -1.4914784e-04
   2.6245117e+01  -2.7583135e-04
   2.6269531e+01  -1.6107706e-04
   2.6293945e+01  -3.0947438e-04
   2.6318359e+01  -2.5360410e-04
   2.6342773e+01  -5.1180235e-04
   2.6367187e+01  -4.6653737e-04
   2.6391602e+01  -3.6348414e-04
   2.6416016e+01  -3.4384021e-04
   2.6440430e+01  -1.9858246e-04
   2.6464844e+01  -5.3915841e-04
   2.6489258e+01  -2.5608506e-04
   2.6513672e+01  -3.7445660e-04
   2.6538086e+01  -1.8831985e-04
   2.6562500e+01  -1.6375088e-04
   2.6586914e+01  -2.8048261e-04
   2.6611328e+01  -2.5123861e-04
   2.6635742e+01  -2.8644387e-04
   2.6660156e+01  -2.4700871e-04
   2.6684570e+01  -4.1719424e-04
   2.6708984e+01  -1.6476982e-04
   2.6733398e+01  -2.8894585e-04
   2.6757812e+01  -2.7143868e-04
   2.6782227e+01  -2.5959096e-04
   2.6806641e+01  -3.6497950e-04
   2.6831055e+01  -3.3419334e-04
   2.6855469e+01  -2.2230001e-04
   2.6879883e+01  -4.4082011e-04
   2.6904297e+01  -5.1512584e-05
   2.6928711e+01  -5.7234834e-05
   2.6953125e+01  -3.5900629e-04
   2.6977539e+01  -1.8339006e-04
   2.7001953e+01  -1.4017258e-04
   2.7026367e+01  -4.1767687e-04
   2.7050781e+01  -3.8299327e-04
   2.7075195e+01  -2.2349150e-05
   2.7099609e+01  -3.0845619e-04
   2.7124023e+01  -2.6774143e-04
   2.7148437e+01  -1.4798568e-04
   2.7172852e+01  -3.2290755e-04
   2.7197266e+01  -1.1981983e-05
   2.7221680e+01  -1.9942019e-04
   2.7246094e+01  -1.4072508e-04
   2.7270508e+01  -2.7459794e-04
   2.7294922e+01  -3.9668259e-04
   2.7319336e+01  -3.3504956e-04
   2.7343750e+01  -2.8749661e-04
   2.7368164e+01  -2.4345088e-04
   2.7392578e+01  -2.2286389e-04
   2.7416992e+01  -2.2710037e-04
   2.7441406e+01  -1.6955045e-04
   2.7465820e+01  -5.8562686e-05
   2.7490234e+01  -2.0580749e-04
   2.7514648e+01  -1.7191417e-04
   2.7539062e+01  -2.5652682e-04
   2.7563477e+01  -3.4975387e-04
   2.7587891e+01  -3.1720319e-04
   2.7612305e+01  -1.2217658e-04
   2.7636719e+01  -3.2401070e-04
   2.7661133e+01  -6.0401165e-05
   2.7685547e+01  -1.8408170e-04
   2.7709961e+01  -3.7332260e-04
   2.7734375e+01  -9.5078368e-05
   2.7758789e+01  -3.9120775e-04
   2.7783203e+01  -3.3763186e-04
   2.7807617e+01  -2.9975146e-04
   2.7832031e+01  -2.2089240e-04
   2.7856445e+01  -1.0941584e-04
   2.7880859e+01  -2.8295269e-04
   2.7905273e+01  -4.2159817e-04
   2.7929687e+01  -1.7073367e-04
   2.7954102e+01  -2.8835629e-04
   2.7978516e+01  -4.4734446e-04
   2.8002930e+01  -2.5356237e-04
   2.8027344e+01  -4.2640013e-04
   2.8051758e+01  -2.6723007e-04
   2.8076172e+01  -1.6416614e-04
   2.8100586e+01  -3.7178436e-04
   2.8125000e+01  -2.9081174e-04
   2.8149414e+01  -3.7330352e-04
   2.8173828e+01  -1.1061283e-04
   2.8198242e+01  -3.6277591e-04
   2.8222656e+01  -9.1025846e-05
   2.8247070e+01  -2.8360011e-04
   2.8271484e+01  -1.8533221e-04
   2.8295898e+01  -3.4743562e-04
   2.8320312e+01  -1.2506368e-04
   2.8344727e+01  -4.1601017e-04
   2.8369141e+01  -3.6830264e-04
   2.8393555e+01  -1.4531417e-04
   2.8417969e+01  -2.7458825e-04
   2.8442383e+01  -2.9160949e-04
   2.8466797e+01  -2.9516033e-04
   2.8491211e+01  -3.5597324e-04
   2.8515625e+01  -3.9065583e-04
   2.8540039e+01  -2.8723985e-04
   2.8564453e+01  -4.6468665e-04
   2.8588867e+01  -1.8273417e-04
   2.8613281e+01  -9.1005215e-05
   2.8637695e+01  -1.8992129e-04
   2.8662109e+01  -2.6507706e-04
   2.8686523e+01  -4.6727042e-04
   2.8710937e+01  -2.0898636e-04
   2.8735352e+01  -3.1253673e-04
   2.8759766e+01  -3.3923066e-04
   2.8784180e+01  -2.7845335e-04
   2.8808594e+01  -2.1982759e-04
   2.8833008e+01  -1.1599368e-04
   2.8857422e+01  -4.8462138e-04
   2.8881836e+01  -2.7672001e-04
   2.8906250e+01  -3.8556218e-04
   2.8930664e+01  -5.1331173e-04
   2.8955078e+01  -2.4960235e-04
   2.8979492e+01  -1.8223479e-04
   2.9003906e+01  -1.8003031e-04
   2.9028320e+01  -2.9416560e-04
   2.9052734e+01  -2.8396460e-04
   2.9077148e+01  -4.2264712e-04
   2.9101562e+01  -2.2889051e-04
   2.9125977e+01  -4.9560937e-04
   2.9150391e+01  -1.9448452e-04
   2.9174805e+01  -2.7914349e-04
   2.9199219e+01  -3.3002644e-04
   2.9223633e+01  -2.9325993e-04
   2.9248047e+01  -2.1108037e-04
   2.9272461e+01  -5.1907294e-04
   2.9296875e+01  -8.5409155e-05
   2.9321289e+01  -1.5167089e-04
   2.9345703e+01  -2.7845333e-04
   2.9370117e+01  -4.3746006e-04
   2.9394531e+01   5.6684700e-06
   2.9418945e+01  -2.2009682e-04
   2.9443359e+01  -3.9081070e-04
   2.9467773e+01  -4.1790108e-04
   2.9492187e+01  -3.6076123e-04
   2.9516602e+01  -3.3246571e-04
   2.9541016e+01  -2.8726514e-04
   2.9565430e+01  -1.0246342e-04
   2.9589844e+01  -2.7182984e-04
   2.9614258e+01  -3.6990626e-04
   2.9638672e+01  -1.4292983e-04
   2.9663086e+01  -3.7303729e-04
   2.9687500e+01  -3.0828457e-04
   2.9711914e+01  -3.9146924e-04
   2.9736328e+01  -2.9128521e-04
   2.9760742e+01  -2.7487874e-04
   2.9785156e+01  -1.2998528e-04
   2.9809570e+01  -1.8716225e-04
   2.9833984e+01  -1.6675810e-04
   2.9858398e+01  -3.3745635e-04
   2.9882812e+01  -3.8254817e-04
   2.9907227e+01  -3.1603429e-04
   2.9931641e+01  -2.0003057e-04
   2.9956055e+01  -3.2110766e-04
   2.9980469e+01  -4.3683345e-04
   3.0004883e+01  -3.0198501e-04
   3.0029297e+01  -2.1402559e-04
   3.0053711e+01  -3.0870804e-04
   3.0078125e+01  -3.0725143e-04
   3.0102539e+01  -2.3442479e-04
   3.0126953e+01  -2.6975114e-04
   3.0151367e+01  -3.5270091e-04
   3.0175781e+01  -7.1257559e-05
   3.0200195e+01  -1.9838546e-04
   3.0224609e+01  -1.6856804e-04
   3.0249023e+01  -3.6617159e-04
   3.0273437e+01  -1.7422699e-04
   3.0297852e+01  -3.3695997e-04
   3.0322266e+01  -1.1706907e-04
   3.0346680e+01  -5.0570238e-04
   3.0371094e+01  -2.6766472e-04
   3.0395508e+01  -1.9875429e-04
   3.0419922e+01  -2.2234397e-04
   3.0444336e+01  -1.7741972e-04
   3.0468750e+01  -3.8850979e-04
   3.0493164e+01  -2.9717935e-04
   3.0517578e+01  -2.9350754e-04
   3.0541992e+01  -2.6055806e-04
   3.0566406e+01  -2.7004690e-04
   3.0590820e+01  -2.5958833e-04
   3.0615234e+01  -1.7057705e-04
   3.0639648e+01  -5.1432721e-04
   3.0664062e+01  -2.1402330e-04
   3.0688477e+01  -6.6088011e-04
   3.0712891e+01  -2.4126572e-04
   3.0737305e+01  -2.4062116e-04
   3.0761719e+01  -6.2707423e-05
   3.0786133e+01  -3.7580208e-04
   3.0810547e+01  -4.4312194e-04
   3.0834961e+01  -2.2182009e-04
   3.0859375e+01  -2.7649274e-04
   3.0883789e+01  -2.5773738e-04
   3.0908203e+01  -3.9955542e-04
   3.0932617e+01  -2.8443889e-04
   3.0957031e+01  -5.0362517e-04
   3.0981445e+01  -1.6810662e-04
   3.1005859e+01  -3.4343434e-04
   3.1030273e+01  -1.4455997e-04
   3.1054687e+01  -2.9445409e-04
   3.1079102e+01  -3.3397341e-04
   3.1103516e+01  -1.2004849e-04
   3.1127930e+01   1.1732533e-05
   3.1152344e+01  -4.4569700e-04
   3.1176758e+01  -2.2780580e-04
   3.1201172e+01  -2.3461545e-04
   3.1225586e+01  -1.2398903e-04
   3.1250000e+01  -2.0811617e-04
   3.1274414e+01  -2.3318390e-04
   3.1298828e+01  -4.0156050e-04
   3.1323242e+01  -3.0074177e-04
   3.1347656e+01  -2.6498264e-04
   3.1372070e+01  -3.5644125e-04
   3.1396484e+01  -3.7405759e-04
   3.1420898e+01  -4.9934910e-04
   3.1445312e+01  -3.6218411e-04
   3.1469727e+01  -1.7988497e-04
   3.1494141e+01  -1.9134198e-04
   3.1518555e+01  -3.1760275e-05
   3.1542969e+01  -2.8116061e-04
   3.1567383e+01  -3.0340427e-04
   3.1591797e+01  -4.6961294e-04
   3.1616211e+01  -3.4307396e-04
   3.1640625e+01  -2.5463841e-04
   3.1665039e+01  -3.3526012e-04
   3.1689453e+01  -3.9313358e-04
   3.1713867e+01  -3.7319859e-04
   3.1738281e+01  -2.7776598e-04
   3.1762695e+01  -3.5129391e-04
   3.1787109e+01  -3.2643435e-04
   3.1811523e+01  -1.4483448e-04
   3.1835937e+01  -4.1562317e-04
   3.1860352e+01  -3.0748831e-04
   3.1884766e+01  -2.3356259e-04
   3.1909180e+01  -3.5447643e-04
   3.1933594e+01  -4.9258694e-04
   3.1958008e+01  -3.0593647e-04
   3.1982422e+01  -8.3553714e-05
   3.2006836e+01  -6.5463352e-05
   3.2031250e+01  -4.5384485e-04
   3.2055664e+01  -1.4977484e-05
   3.2080078e+01  -5.6249471e-05
   3.2104492e+01  -2.8498537e-04
   3.2128906e+01  -5.7949542e-04
   3.2153320e+01  -3.4916432e-04
   3.2177734e+01  -2.4353141e-04
   3.2202148e+01  -4.0927902e-04
   3.2226562e+01  -3.5542143e-04
   3.2250977e+01  -2.7113292e-04
   3.2275391e+01  -2.7994944e-04
   3.2299805e+01  -2.5448648e-04
   3.2324219e+01  -2.6306423e-04
   3.2348633e+01  -3.3577419e-04
   3.2373047e+01  -2.1750021e-04
   3.2397461e+01  -4.7152849e-04
   3.2421875e+01  -3.5964565e-04
   3.2446289e+01  -1.2232488e-04
   3.2470703e+01  -4.2416519e-04
   3.2495117e+01  -4.2648211e-04
   3.2519531e+01  -3.3056473e-04
   3.2543945e+01  -8.5129129e-05
   3.2568359e+01  -4.5180355e-04
   3.2592773e+01  -3.7430640e-04
   3.2617187e+01  -4.0143725e-04
   3.2641602e+01  -3.7727954e-04
   3.2666016e+01  -1.6215200e-04
   3.2690430e+01  -5.9469342e-04
   3.2714844e+01  -3.1582544e-04
   3.2739258e+01  -2.5295740e-04
   3.2763672e+01  -2.3733074e-04
   3.2788086e+01  -4.6505790e-04
   3.2812500e+01  -2.2256262e-04
   3.2836914e+01  -2.2567729e-04
   3.2861328e+01  -2.4973478e-04
   3.2885742e+01  -2.1337704e-04
   3.2910156e+01  -5.1157354e-04
   3.2934570e+01  -1.7377522e-04
   3.2958984e+01  -3.8100226e-04
   3.2983398e+01  -4.2860244e-04
   3.3007812e+01  -2.1292878e-04
   3.3032227e+01  -2.8860806e-04
   3.3056641e+01  -3.3104901e-04
   3.3081055e+01  -5.6938775e-04
   3.3105469e+01  -2.3732569e-04
   3.3129883e+01  -2.0016885e-04
   3.3154297e+01  -2.7543483e-04
   3.3178711e+01  -5.6197834e-05
   3.3203125e+01  -1.9296202e-04
   3.3227539e+01  -5.2247434e-04
   3.3251953e+01  -3.0370189e-04
   3.3276367e+01  -2.7183629e-04
   3.3300781e+01  -2.5390048e-04
   3.3325195e+01  -5.6185646e-04
   3.3349609e+01  -4.8471798e-04
   3.3374023e+01  -3.7993401e-04
   3.3398437e+01  -5.1840475e-04
   3.3422852e+01  -3.8639184e-04
   3.3447266e+01  -2.5586025e-04
   3.3471680e+01  -4.4212009e-04
   3.3496094e+01  -5.7041830e-04
   3.3520508e+01  -3.3692168e-04
   3.3544922e+01  -3.2097770e-04
   3.3569336e+01  -1.7580810e-04
   3.3593750e+01  -1.3548441e-04
   3.3618164e+01  -2.1024532e-04
   3.3642578e+01  -3.4616444e-04
   3.3666992e+01  -4.0075127e-04
   3.3691406e+01  -3.4901456e-04
   3.3715820e+01  -4.1764112e-04
   3.3740234e+01  -3.0887695e-04
   3.3764648e+01  -3.4883038e-04
   3.3789062e+01  -3.6700693e-04
   3.3813477e+01  -2.8020027e-04
   3.3837891e+01  -3.3739734e-04
   3.3862305e+01  -4.4046658e-04
   3.3886719e+01  -3.7833494e-04
   3.3911133e+01  -4.0966141e-04
   3.3935547e+01  -3.9806124e-04
   3.3959961e+01  -3.6470055e-04
   3.3984375e+01  -4.6505422e-04
   3.4008789e+01  -1.9362763e-04
   3.4033203e+01  -3.7613151e-04
   3.4057617e+01  -3.2579663e-04
   3.4082031e+01  -2.5019975e-04
   3.4106445e+01  -2.8556585e-04
   3.4130859e+01  -4.4261040e-04
   3.4155273e+01  -2.0827377e-04
   3.4179687e+01  -4.7958772e-04
   3.4204102e+01  -5.1893454e-04
   3.4228516e+01  -2.7337762e-04
   3.4252930e+01  -2.5833356e-04
   3.4277344e+01  -5.4375780e-04
   3.4301758e+01  -7.0196356e-04
   3.4326172e+01  -1.6871230e-04
   3.4350586e+01  -4.8861252e-04
   3.4375000e+01  -4.0171537e-04
   3.4399414e+01  -2.2223920e-04
   3.4423828e+01  -3.8174739e-04
   3.4448242e+01  -1.8443521e-04
   3.4472656e+01  -4.2655482e-04
   3.4497070e+01  -4.6972827e-04
   3.4521484e+01  -4.8661873e-04
   3.4545898e+01  -3.7831453e-04
   3.4570312e+01  -1.7238745e-04
   3.4594727e+01  -2.8738418e-04
   3.4619141e+01  -5.1106376e-04
   3.4643555e+01  -6.6342757e-04
   3.4667969e+01  -3.1550264e-04
   3.4692383e+01  -4.8615599e-04
   3.4716797e+01  -5.1505084e-04
   3.4741211e+01  -2.6293364e-04
   3.4765625e+01  -3.5100914e-04
   3.4790039e+01  -5.2643675e-04
   3.4814453e+01  -2.9595652e-04
   3.4838867e+01  -5.1818631e-04
   3.4863281e+01  -2.9304879e-04
   3.4887695e+01  -3.1897491e-04
   3.4912109e+01  -2.0183349e-04
   3.4936523e+01  -2.5434967e-04
   3.4960937e+01  -1.6031321e-04
   3.4985352e+01  -2.3306420e-04
   3.5009766e+01  -2.9244481e-04
   3.5034180e+01  -4.7659653e-04
   3.5058594e+01  -4.6806104e-04
   3.5083008e+01  -2.2564815e-04
   3.5107422e+01  -5.0864394e-04
   3.5131836e+01  -3.3335415e-04
   3.5156250e+01  -3.8927193e-04
   3.5180664e+01  -4.3891775e-04
   3.5205078e+01  -5.4702345e-04
   3.5229492e+01  -3.3647397e-04
   3.5253906e+01  -2.3112818e-04
   3.5278320e+01  -4.2183974e-04
   3.5302734e+01  -3.6551372e-04
   3.5327148e+01  -2.5357216e-04
   3.5351562e+01  -8.3645665e-05
   3.5375977e+01  -6.4984905e-04
   3.5400391e+01  -3.6428390e-04
   3.5424805e+01  -3.6511441e-04
   3.5449219e+01  -2.5024278e-04
   3.5473633e+01  -4.4663258e-04
   3.5498047e+01  -4.6370172e-04
   3.5522461e+01  -3.3774030e-04
   3.5546875e+01  -5.6454882e-04
   3.5571289e+01  -3.3360405e-04
   3.5595703e+01  -3.7106069e-04
   3.5620117e+01  -7.0582005e-04
   3.5644531e+01  -3.8614775e-04
   3.5668945e+01  -6.5879738e-04
   3.5693359e+01  -4.7328329e-04
   3.5717773e+01  -3.6880640e-04
   3.5742187e+01  -2.4490344e-04
   3.5766602e+01  -4.8046841e-04
   3.5791016e+01  -3.5586783e-04
   3.5815430e+01  -2.7865116e-04
   3.5839844e+01  -3.7179018e-04
   3.5864258e+01  -2.3205957e-04
   3.5888672e+01  -2.7150849e-04
   3.5913086e+01  -1.8235713e-04
   3.5937500e+01  -4.8150435e-04
   3.5961914e+01  -2.9908105e-04
   3.5986328e+01  -5.2301611e-04
   3.6010742e+01  -6.0224975e-04
   3.6035156e+01  -2.8919520e-04
   3.6059570e+01  -8.4936843e-04
   3.6083984e+01  -3.5441541e-04
   3.6108398e+01  -3.5852315e-04
   3.6132812e+01  -3.9960961e-04
   3.6157227e+01  -5.2603860e-04
   3.6181641e+01  -5.6962166e-04
   3.6206055e+01  -4.2206889e-04
   3.6230469e+01  -4.5624178e-04
   3.6254883e+01  -4.6259596e-04
   3.6279297e+01  -3.5922808e-04
   3.6303711e+01  -4.1992206e-04
   3.6328125e+01  -6.0154716e-04
   3.6352539e+01  -2.1583794e-04
   3.6376953e+01  -4.1026462e-04
   3.6401367e+01  -2.8726684e-04
   3.6425781e+01   4.7954037e-05
   3.6450195e+01  -5.7448466e-04
   3.6474609e+01  -2.0596121e-04
   3.6499023e+01  -6.7853591e-04
   3.6523437e+01  -3.3383567e-04
   3.6547852e+01  -5.1558829e-04
   3.6572266e+01  -3.1599991e-04
   3.6596680e+01  -5.1773173e-04
   3.6621094e+01  -2.2573900e-04
   3.6645508e+01  -5.6525105e-04
   3.6669922e+01  -3.3193785e-04
   3.6694336e+01  -5.7897885e-04
   3.6718750e+01  -2.7960541e-04
   3.6743164e+01  -3.9517417e-04
   3.6767578e+01  -7.5857238e-04
   3.6791992e+01  -7.4177445e-04
   3.6816406e+01  -6.8173310e-04
   3.6840820e+01  -4.1504569e-04
   3.6865234e+01  -6.3410123e-04
   3.6889648e+01  -5.3399789e-04
   3.6914062e+01  -5.1427587e-04
   3.6938477e+01  -3.9458699e-04
   3.6962891e+01  -1.7957521e-04
   3.6987305e+01  -2.7983557e-04
   3.7011719e+01  -4.7729318e-04
   3.7036133e+01  -5.2978102e-04
   3.7060547e+01  -3.4222503e-04
   3.7084961e+01  -1.7136381e-04
   3.7109375e+01  -5.3505949e-04
   3.7133789e+01  -4.8524730e-04
   3.7158203e+01  -3.1013563e-04
   3.7182617e+01  -4.3466949e-04
   3.7207031e+01  -4.2722321e-04
   3.7231445e+01  -4.8061407e-04
   3.7255859e+01  -4.6502519e-04
   3.7280273e+01  -2.2410116e-04
   3.7304687e+01  -2.9741865e-04
   3.7329102e+01  -2.6765944e-04
   3.7353516e+01  -3.9186898e-04
   3.7377930e+01  -3.2517106e-04
   3.7402344e+01  -4.4380890e-04
   3.7426758e+01  -3.1941161e-04
   3.7451172e+01  -3.5442471e-04
   3.7475586e+01  -6.7045159e-04
   3.7500000e+01  -3.0760537e-04
   3.7524414e+01  -8.4636672e-04
   3.7548828e+01  -5.9369338e-04
   3.7573242e+01  -6.9335608e-04
   3.7597656e+01  -5.4766710e-04
   3.7622070e+01  -3.2792642e-04
   3.7646484e+01  -2.9631461e-04
   3.7670898e+01  -6.7044928e-04
   3.7695312e+01  -5.0410376e-04
   3.7719727e+01  -4.5873545e-04
   3.7744141e+01  -5.2866065e-04
   3.7768555e+01  -3.9449807e-04
   3.7792969e+01  -4.5684897e-04
   3.7817383e+01  -6.3132433e-04
   3.7841797e+01  -6.3695611e-04
   3.7866211e+01  -5.1148753e-04
   3.7890625e+01  -3.3936315e-04
   3.7915039e+01  -6.1482542e-04
   3.7939453e+01  -4.2665771e-04
   3.7963867e+01  -4.5550986e-04
   3.7988281e+01  -4.8618408e-04
   3.8012695e+01  -5.2735318e-04
   3.8037109e+01  -4.0321940e-04
   3.8061523e+01  -4.9221835e-04
   3.8085937e+01  -4.9720484e-04
   3.8110352e+01  -3.8224671e-04
   3.8134766e+01  -7.1941456e-04
   3.8159180e+01  -5.7333655e-04
   3.8183594e+01  -6.8434499e-04
   3.8208008e+01  -4.8035358e-04
   3.8232422e+01  -6.4530285e-04
   3.8256836e+01  -5.8986701e-04
   3.8281250e+01  -5.8830465e-04
   3.8305664e+01  -4.1696266e-04
   3.8330078e+01  -6.9284616e-04
   3.8354492e+01  -6.2320397e-04
   3.8378906e+01  -6.2381325e-04
   3.8403320e+01  -6.4010943e-04
   3.8427734e+01  -6.8102857e-04
   3.8452148e+01  -7.4641847e-04
   3.8476562e+01  -5.8683241e-04
   3.8500977e+01  -6.9002415e-04
   3.8525391e+01  -4.8973426e-04
   3.8549805e+01  -3.6822654e-04
   3.8574219e+01  -5.8944952e-04
   3.8598633e+01  -1.8612141e-04
   3.8623047e+01  -5.2442189e-04
   3.8647461e+01  -4.0631544e-04
   3.8671875e+01  -4.8582843e-04
   3.8696289e+01  -4.0907577e-04
   3.8720703e+01  -6.8061427e-04
   3.8745117e+01  -4.3629660e-04
   3.8769531e+01  -7.2877888e-04
   3.8793945e+01  -3.9757254e-04
   3.8818359e+01  -5.4136649e-04
   3.8842773e+01  -4.2618912e-04
   3.8867187e+01  -5.8017722e-04
   3.8891602e+01  -6.0908118e-04
   3.8916016e+01  -4.1752254e-04
   3.8940430e+01  -4.7905089e-04
   3.8964844e+01  -4.9247531e-04
   3.8989258e+01  -5.2306718e-04
   3.9013672e+01  -6.3794333e-04
   3.9038086e+01  -4.6873200e-04
   3.9062500e+01  -6.7005056e-04
   3.9086914e+01  -5.9728465e-04
   3.9111328e+01  -6.5100377e-04
   3.9135742e+01  -7.2274884e-04
   3.9160156e+01  -5.4357034e-04
   3.9184570e+01  -5.4597768e-04
   3.9208984e+01  -6.7841538e-04
   3.9233398e+01  -7.3764015e-04
   3.9257812e+01  -4.5340362e-04
   3.9282227e+01  -5.5667147e-04
   3.9306641e+01  -5.3062767e-04
   3.9331055e+01  -7.7239853e-04
   3.9355469e+01  -7.4963217e-04
   3.9379883e+01  -7.1469227e-04
   3.9404297e+01  -6.3303091e-04
   3.9428711e+01  -4.6702616e-04
   3.9453125e+01  -5.4417167e-04
   3.9477539e+01  -9.3386398e-04
   3.9501953e+01  -5.5433963e-04
   3.9526367e+01  -6.1267993e-04
   3.9550781e+01  -8.0898690e-05
   3.9575195e+01  -6.0606933e-04
   3.9599609e+01  -8.5677509e-04
   3.9624023e+01  -5.4122877e-04
   3.9648437e+01  -9.0586513e-04
   3.9672852e+01  -1.5785029e-04
   3.9697266e+01  -6.3403828e-04
   3.9721680e+01  -6.4764004e-04
   3.9746094e+01  -8.8539746e-04
   3.9770508e+01  -2.4977047e-04
   3.9794922e+01  -4.3559502e-04
   3.9819336e+01  -6.5074055e-04
   3.9843750e+01  -7.4846970e-04
   3.9868164e+01  -6.7025037e-04
   3.9892578e+01  -7.6005380e-04
   3.9916992e+01  -7.5578380e-04
   3.9941406e+01  -1.8889275e-04
   3.9965820e+01  -8.1497731e-04
   3.9990234e+01  -7.8649108e-04
   4.0014648e+01  -8.2925001e-04
   4.0039062e+01  -6.4561937e-04
   4.0063477e+01  -5.7484601e-04
   4.0087891e+01  -6.3524425e-04
   4.0112305e+01  -8.1243455e-04
   4.0136719e+01  -6.1015225e-04
   4.0161133e+01  -5.5901650e-04
   4.0185547e+01  -6.0647314e-04
   4.0209961e+01  -3.9078566e-04
   4.0234375e+01  -6.0854996e-04
   4.0258789e+01  -8.7314658e-04
   4.0283203e+01  -9.1519098e-04
   4.0307617e+01  -8.1663516e-04
   4.0332031e+01  -4.8402193e-04
   4.0356445e+01  -9.7227100e-04
   4.0380859e+01  -6.5835355e-04
   4.0405273e+01  -9.0657809e-04
   4.0429687e+01  -6.3581319e-04
   4.0454102e+01  -6.0965307e-04
   4.0478516e+01  -6.9711003e-04
   4.0502930e+01  -8.2262493e-04
   4.0527344e+01  -7.1563652e-04
   4.0551758e+01  -8.2357079e-04
   4.0576172e+01  -8.9788813e-04
   4.0600586e+01  -7.8945987e-04
   4.0625000e+01  -7.8291151e-04
   4.0649414e+01  -1.1232604e-03
   4.0673828e+01  -5.6529967e-04
   4.0698242e+01  -8.9172354e-04
   4.0722656e+01  -8.3801108e-04
   4.0747070e+01  -8.3071935e-04
   4.0771484e+01  -7.6518428e-04
   4.0795898e+01  -6.0715828e-04
   4.0820312e+01  -8.5454633e-04
   4.0844727e+01  -6.0386802e-04
   4.0869141e+01  -5.4830769e-04
   4.0893555e+01  -8.3604870e-04
   4.0917969e+01  -7.5224064e-04
   4.0942383e+01  -7.0541325e-04
   4.0966797e+01  -7.3674317e-04
   4.0991211e+01  -5.7718812e-04
   4.1015625e+01  -1.0311116e-03
   4.1040039e+01  -1.0639179e-03
   4.1064453e+01  -1.1076754e-03
   4.1088867e+01  -9.5150011e-04
   4.1113281e+01  -8.1911362e-04
   4.1137695e+01  -1.0630442e-03
   4.1162109e+01  -5.9628702e-04
   4.1186523e+01  -8.7849087e-04
   4.1210937e+01  -9.2528619e-04
   4.1235352e+01  -7.4990036e-04
   4.1259766e+01  -6.5653019e-04
   4.1284180e+01  -7.9763059e-04
   4.1308594e+01  -9.7907396e-04
   4.1333008e+01  -9.9398925e-04
   4.1357422e+01  -9.7014996e-04
   4.1381836e+01  -1.0100899e-03
   4.1406250e+01  -7.7537060e-04
   4.1430664e+01  -1.1141199e-03
   4.1455078e+01  -1.1640621e-03
   4.1479492e+01  -7.0467096e-04
   4.1503906e+01  -7.1709230e-04
   4.1528320e+01  -1.1660953e-03
   4.1552734e+01  -6.1129136e-04
   4.1577148e+01  -1.1845259e-03
   4.1601562e+01  -9.6939716e-04
   4.1625977e+01  -8.5082864e-04
   4.1650391e+01  -1.2120469e-03
   4.1674805e+01  -9.8254005e-04
   4.1699219e+01  -1.0408055e-03
   4.1723633e+01  -8.4994310e-04
   4.1748047e+01  -9.6540576e-04
   4.1772461e+01  -8.8453346e-04
   4.1796875e+01  -9.4037465e-04
   4.1821289e+01  -1.1984562e-03
   4.1845703e+01  -6.5557864e-04
   4.1870117e+01  -9.4994923e-04
   4.1894531e+01  -1.0119732e-03
   4.1918945e+01  -8.6055896e-04
   4.1943359e+01  -1.1763099e-03
   4.1967773e+01  -1.1151534e-03
   4.1992187e+01  -9.6029140e-04
   4.2016602e+01  -8.2427009e-04
   4.2041016e+01  -1.1351535e-03
   4.2065430e+01  -8.6589638e-04
   4.2089844e+01  -1.2315516e-03
   4.2114258e+01  -1.0179732e-03
   4.2138672e+01  -1.0641624e-03
   4.2163086e+01  -1.4156594e-03
   4.2187500e+01  -9.1182852e-04
   4.2211914e+01  -1.3054876e-03
   4.2236328e+01  -9.3337738e-04
   4.2260742e+01  -1.4205636e-03
   4.2285156e+01  -1.2587492e-03
   4.2309570e+01  -8.3650352e-04
   4.2333984e+01  -9.1488982e-04
   4.2358398e+01  -1.1429682e-03
   4.2382812e+01  -6.9942782e-04
   4.2407227e+01  -1.3735605e-03
   4.2431641e+01  -1.1902754e-03
   4.2456055e+01  -1.0606452e-03
   4.2480469e+01  -1.3637112e-03
   4.2504883e+01  -1.1782860e-03
   4.2529297e+01  -1.3523250e-03
   4.2553711e+01  -1.1022953e-03
   4.2578125e+01  -1.2592573e-03
   4.2602539e+01  -1.5489041e-03
   4.2626953e+01  -1.2654211e-03
   4.2651367e+01  -1.3738135e-03
   4.2675781e+01  -1.1627265e-03
   4.2700195e+01  -1.1540505e-03
   4.2724609e+01  -1.3207443e-03
   4.2749023e+01  -8.9658425e-04
   4.2773437e+01  -1.3937987e-03
   4.2797852e+01  -1.0933980e-03
   4.2822266e+01  -9.6011239e-04
   4.2846680e+01  -9.7167404e-04
   4.2871094e+01  -1.1839158e-03
   4.2895508e+01  -1.3772918e-03
   4.2919922e+01  -1.4070656e-03
   4.2944336e+01  -1.4135925e-03
   4.2968750e+01  -1.4146508e-03
   4.2993164e+01  -1.5396334e-03
   4.3017578e+01  -1.3184962e-03
   4.3041992e+01  -1.5627820e-03
   4.3066406e+01  -1.7062860e-03
   4.3090820e+01  -1.7058127e-03
   4.3115234e+01  -1.3904897e-03
   4.3139648e+01  -1.2371057e-03
   4.3164062e+01  -1.1757172e-03
   4.3188477e+01  -1.3037384e-03
   4.3212891e+01  -1.2069676e-03
   4.3237305e+01  -1.5012331e-03
   4.3261719e+01  -1.4903949e-03
   4.3286133e+01  -1.5459295e-03
   4.3310547e+01  -1.4112847e-03
   4.3334961e+01  -1.6154683e-03
   4.3359375e+01  -1.5276486e-03
   4.3383789e+01  -1.6835775e-03
   4.3408203e+01  -1.2857104e-03
   4.3432617e+01  -1.4756376e-03
   4.3457031e+01  -1.6900729e-03
   4.3481445e+01  -1.4376808e-03
   4.3505859e+01  -1.7755466e-03
   4.3530273e+01  -1.6523195e-03
   4.3554687e+01  -1.6108669e-03
   4.3579102e+01  -1.4384472e-03
   4.3603516e+01  -1.4703424e-03
   4.3627930e+01  -1.5151057e-03
   4.3652344e+01  -1.4145510e-03
   4.3676758e+01  -1.4056019e-03
   4.3701172e+01  -1.4929067e-03
   4.3725586e+01  -1.1148522e-03
   4.3750000e+01  -1.7921190e-03
   4.3774414e+01  -1.5888161e-03
   4.3798828e+01  -2.0998999e-03
   4.3823242e+01  -1.5197126e-03
   4.3847656e+01  -1.7677861e-03
   4.3872070e+01  -1.4275921e-03
   4.3896484e+01  -1.5824696e-03
   4.3920898e+01  -1.7846358e-03
   4.3945312e+01  -1.7878641e-03
   4.3969727e+01  -1.7312656e-03
   4.3994141e+01  -1.8903846e-03
   4.4018555e+01  -2.1229289e-03
   4.4042969e+01  -1.9038153e-03
   4.4067383e+01  -1.8962704e-03
   4.4091797e+01  -1.7592659e-03
   4.4116211e+01  -2.0741008e-03
   4.4140625e+01  -1.9592516e-03
   4.4165039e+01  -2.2392506e-03
   4.4189453e+01  -2.2494168e-03
   4.4213867e+01  -2.4062854e-03
   4.4238281e+01  -1.7944192e-03
   4.4262695e+01  -2.3281801e-03
   4.4287109e+01  -1.8168073e-03
   4.4311523e+01  -1.9958287e-03
   4.4335937e+01  -2.0592914e-03
   4.4360352e+01  -2.0386750e-03
   4.4384766e+01  -2.2335668e-03
   4.4409180e+01  -1.8927920e-03
   4.4433594e+01  -2.1772835e-03
   4.4458008e+01  -2.5506814e-03
   4.4482422e+01  -2.0213175e-03
   4.4506836e+01  -2.7336718e-03
   4.4531250e+01  -2.2037781e-03
   4.4555664e+01  -1.8247177e-03
   4.4580078e+01  -2.1738806e-03
   4.4604492e+01  -2.0116151e-03
   4.4628906e+01  -2.1452185e-03
   4.4653320e+01  -2.2410899e-03
   4.4677734e+01  -2.3068109e-03
   4.4702148e+01  -2.2246906e-03
   4.4726562e+01  -2.4001633e-03
   4.4750977e+01  -2.3828590e-03
   4.4775391e+01  -2.5750193e-03
   4.4799805e+01  -2.5735909e-03
   4.4824219e+01  -2.2027236e-03
   4.4848633e+01  -2.3098563e-03
   4.4873047e+01  -2.4688202e-03
   4.4897461e+01  -2.1945088e-03
   4.4921875e+01  -2.4302676e-03
   4.4946289e+01  -2.2120849e-03
   4.4970703e+01  -2.5139003e-03
   4.4995117e+01  -2.4607201e-03
   4.5019531e+01  -2.1520058e-03
   4.5043945e+01  -2.9265946e-03
   4.5068359e+01  -2.7854240e-03
   4.5092773e+01  -2.8259886e-03
   4.5117187e+01  -2.5139243e-03
   4.5141602e+01  -3.0745104e-03
   4.5166016e+01  -2.9078877e-03
   4.5190430e+01  -2.5414743e-03
   4.5214844e+01  -2.7556175e-03
   4.5239258e+01  -2.8197744e-03
   4.5263672e+01  -2.9513520e-03
   4.5288086e+01  -2.9180778e-03
   4.5312500e+01  -3.2288661e-03
   4.5336914e+01  -3.1260971e-03
   4.5361328e+01  -3.0795573e-03
   4.5385742e+01  -3.0564549e-03
   4.5410156e+01  -3.4472370e-03
   4.5434570e+01  -3.2626054e-03
   4.5458984e+01  -3.5299443e-03
   4.5483398e+01  -3.6109907e-03
   4.5507812e+01  -3.2307802e-03
   4.5532227e+01  -3.1374234e-03
   4.5556641e+01  -3.3683700e-03
   4.5581055e+01  -3.3791759e-03
   4.5605469e+01  -3.1941770e-03
   4.5629883e+01  -4.1281612e-03
   4.5654297e+01  -3.2620036e-03
   4.5678711e+01  -4.1820730e-03
   4.5703125e+01  -3.6257009e-03
   4.5727539e+01  -3.8638313e-03
   4.5751953e+01  -3.8227144e-03
   4.5776367e+01  -3.6178891e-03
   4.5800781e+01  -3.7788008e-03
   4.5825195e+01  -4.1729169e-03
   4.5849609e+01  -3.9076207e-03
   4.5874023e+01  -4.0023440e-03
   4.5898437e+01  -4.2005771e-03
   4.5922852e+01  -4.2281080e-03
   4.5947266e+01  -4.1453457e-03
   4.5971680e+01  -4.8892293e-03
   4.5996094e+01  -4.1701478e-03
   4.6020508e+01  -4.5717061e-03
   4.6044922e+01  -4.5360457e-03
   4.6069336e+01  -4.4765140e-03
   4.6093750e+01  -4.1434351e-03
   4.6118164e+01  -4.5590029e-03
   4.6142578e+01  -4.4352161e-03
   4.6166992e+01  -4.9243501e-03
   4.6191406e+01  -4.7475114e-03
   4.6215820e+01  -5.1077022e-03
   4.6240234e+01  -5.0570938e-03
   4.6264648e+01  -5.4183180e-03
   4.6289062e+01  -4.8412510e-03
   4.6313477e+01  -5.2456823e-03
   4.6337891e+01  -5.5444034e-03
   4.6362305e+01  -5.4865741e-03
   4.6386719e+01  -5.0721341e-03
   4.6411133e+01  -5.3960157e-03
   4.6435547e+01  -5.2477892e-03
   4.6459961e+01  -5.2677724e-03
   4.6484375e+01  -5.3386403e-03
   4.6508789e+01  -5.8690824e-03
   4.6533203e+01  -5.3519352e-03
   4.6557617e+01  -5.8921996e-03
   4.6582031e+01  -6.3242875e-03
   4.6606445e+01  -6.2406922e-03
   4.6630859e+01  -5.7281761e-03
   4.6655273e+01  -6.5724387e-03
   4.6679687e+01  -6.2706555e-03
   4.6704102e+01  -6.2707272e-03
   4.6728516e+01  -6.4977915e-03
   4.6752930e+01  -6.7688361e-03
   4.6777344e+01  -6.5254841e-03
   4.6801758e+01  -6.6859267e-03
   4.6826172e+01  -7.0106055e-03
   4.6850586e+01  -7.1625796e-03
   4.6875000e+01  -7.1881944e-03
   4.6899414e+01  -8.2791353e-03
   4.6923828e+01  -7.5505230e-03
   4.6948242e+01  -7.6839364e-03
   4.6972656e+01  -7.8053528e-03
   4.6997070e+01  -7.9300185e-03
   4.7021484e+01  -8.1404505e-03
   4.7045898e+01  -8.3647295e-03
   4.7070312e+01  -8.2812241e-03
   4.7094727e+01  -8.2094347e-03
   4.7119141e+01  -8.2310851e-03
   4.7143555e+01  -9.1000529e-03
   4.7167969e+01  -9.1926885e-03
   4.7192383e+01  -9.7633930e-03
   4.7216797e+01  -9.3517416e-03
   4.7241211e+01  -9.5496101e-03
   4.7265625e+01  -9.8568322e-03
   4.7290039e+01  -9.7799786e-03
   4.7314453e+01  -1.0568909e-02
   4.7338867e+01  -1.0568823e-02
   4.7363281e+01  -1.0613946e-02
   4.7387695e+01  -1.0910555e-02
   4.7412109e+01  -1.1058868e-02
   4.7436523e+01  -1.1123259e-02
   4.7460937e+01  -1.1549900e-02
   4.7485352e+01  -1.1802146e-02
   4.7509766e+01  -1.2667833e-02
   4.7534180e+01  -1.2833332e-02
   4.7558594e+01  -1.2451952e-02
   4.7583008e+01  -1.3097077e-02
   4.7607422e+01  -1.3597305e-02
   4.7631836e+01  -1.3758485e-02
   4.7656250e+01  -1.2941778e-02
   4.7680664e+01  -1.4440451e-02
   4.7705078e+01  -1.4728746e-02
   4.7729492e+01  -1.4595780e-02
   4.7753906e+01  -1.5374784e-02
   4.7778320e+01  -1.5931182e-02
   4.7802734e+01  -1.6114593e-02
   4.7827148e+01  -1.6339765e-02
   4.7851562e+01  -1.6913575e-02
   4.7875977e+01  -1.7281296e-02
   4.7900391e+01  -1.7864261e-02
   4.7924805e+01  -1.7661116e-02
   4.7949219e+01  -1.8674236e-02
   4.7973633e+01  -1.9046624e-02
   4.7998047e+01  -1.9236937e-02
   4.8022461e+01  -2.0267938e-02
   4.8046875e+01  -2.0476115e-02
   4.8071289e+01  -2.1315478e-02
   4.8095703e+01  -2.2516916e-02
   4.8120117e+01  -2.2859961e-02
   4.8144531e+01  -2.2230314e-02
   4.8168945e+01  -2.4978568e-02
   4.8193359e+01  -2.4695310e-02
   4.8217773e+01  -2.5071885e-02
   4.8242187e+01  -2.6007026e-02
   4.8266602e+01  -2.7094894e-02
   4.8291016e+01  -2.8325063e-02
   4.8315430e+01  -2.8939062e-02
   4.8339844e+01  -2.9698753e-02
   4.8364258e+01  -3.1126890e-02
   4.8388672e+01  -3.1526279e-02
   4.8413086e+01  -3.2997490e-02
   4.8437500e+01  -3.4577460e-02
   4.8461914e+01  -3.5682522e-02
   4.8486328e+01  -3.6913396e-02
   4.8510742e+01  -3.7683100e-02
   4.8535156e+01  -3.8757715e-02
   4.8559570e+01  -4.1276707e-02
   4.8583984e+01  -4.1900137e-02
   4.8608398e+01  -4.4519665e-02
   4.8632812e+01  -4.5790930e-02
   4.8657227e+01  -4.7491853e-02
   4.8681641e+01  -4.9497520e-02
   4.8706055e+01  -5.2164674e-02
   4.8730469e+01  -5.2466521e-02
   4.8754883e+01  -5.6495833e-02
   4.8779297e+01  -5.8117097e-02
   4.8803711e+01  -6.2334984e-02
   4.8828125e+01  -6.3769212e-02
   4.8852539e+01  -6.6313197e-02
   4.8876953e+01  -7.0186674e-02
   4.8901367e+01  -7.2977715e-02
   4.8925781e+01  -7.6097512e-02
   4.8950195e+01  -8.0776612e-02
   4.8974609e+01  -8.4310642e-02
   4.8999023e+01  -8.9452044e-02
   4.9023437e+01  -9.3530275e-02
   4.9047852e+01  -9.7975731e-02
   4.9072266e+01  -1.0290711e-01
   4.9096680e+01  -1.1066962e-01
   4.9121094e+01  -1.1477710e-01
   4.9145508e+01  -1.2295056e-01
   4.9169922e+01  -1.2820915e-01
   4.9194336e+01  -1.3552767e-01
   4.9218750e+01  -1.4480058e-01
   4.9243164e+01  -1.5264332e-01
   4.9267578e+01  -1.6221679e-01
   4.9291992e+01  -1.7388354e-01
   4.9316406e+01  -1.8591198e-01
   4.9340820e+01  -1.9830898e-01
   4.9365234e+01  -2.1029762e-01
   4.9389648e+01  -2.2691488e-01
   4.9414062e+01  -2.4078711e-01
   4.9438477e+01  -2.5798572e-01
   4.9462891e+01  -2.7655579e-01
   4.9487305e+01  -2.9754701e-01
   4.9511719e+01  -3.1919803e-01
   4.9536133e+01  -3.4383204e-01
   4.9560547e+01  -3.7252134e-01
   4.9584961e+01  -4.0283348e-01
   4.9609375e+01  -4.3777469e-01
   4.9633789e+01  -4.7427013e-01
   4.9658203e+01  -5.1290571e-01
   4.9682617e+01  -5.6002613e-01
   4.9707031e+01  -6.1001886e-01
   4.9731445e+01  -6.6656318e-01
   4.9755859e+01  -7.2748630e-01
   4.9780273e+01  -7.9873433e-01
   4.9804687e+01  -8.7491066e-01
   4.9829102e+01  -9.6501145e-01
   4.9853516e+01  -1.0626338e+00
   4.9877930e+01  -1.1766535e+00
   4.9902344e+01  -1.2987466e+00
   4.9926758e+01  -1.4452372e+00
   4.9951172e+01  -1.6068923e+00
   4.9975586e+01  -1.7918364e+00
   5.0000000e+01  -2.0000000e+00
