-0.49991395
-0.45139369
-0.41055533
-0.37588801
-0.34623356
-0.32067853
-0.29850212
-0.27912954
-0.26209903
-0.2470401
-0.233645
-0.2216638
-0.21089547
-0.2011736
-0.19235923
-0.18433487
-0.17699755
-0.17026461
-0.16406428
-0.15833733
-0.15303181
-0.14810265
-0.14351261
-0.13922666
-0.13521576
-0.13145405
-0.1279194
-0.12458976
-0.12144901
-0.11848071
-0.11567098
-0.11300678
-0.11047696
-0.10807253
-0.10578345
-0.10360133
-0.10151887
-0.09952951
-0.097627161
-0.09580512
-0.094059726
-0.092385255
-0.090776645
-0.089230135
-0.087742547
-0.086311663
-0.084934308
-0.083607001
-0.082327402
-0.081091201
-0.079897648
-0.078744038
-0.077629169
-0.076550606
-0.075506367
-0.074494711
-0.073514505
-0.072564241
-0.071642117
-0.070747755
-0.069879075
-0.069034776
-0.068213888
-0.067415858
-0.066639818
-0.065884342
-0.065148555
-0.064431545
-0.063733137
-0.063052943
-0.06238967
-0.061743215
-0.061112156
-0.060496512
-0.059895497
-0.059308648
-0.058736332
-0.058176868
-0.057630452
-0.05709719
-0.056575306
-0.056064429
-0.055564507
-0.055075772
-0.054597883
-0.054131029
-0.053674233
-0.053226732
-0.05278816
-0.05235822
-0.051937132
-0.051524581
-0.051120103
-0.050723202
-0.050334497
-0.049953539
-0.049579837
-0.04921312
-0.048853465
-0.048499668
-0.048152339
-0.047811477
-0.047476966
-0.04714838
-0.046825352
-0.046507696
-0.046194801
-0.045887419
-0.045585231
-0.045287971
-0.044995735
-0.044708289
-0.0444255
-0.044147838
-0.043875
-0.043606739
-0.043342385
-0.043082427
-0.04282675
-0.042575601
-0.042329008
-0.042086368
-0.041847101
-0.041611533
-0.041379465
-0.041150886
-0.040925601
-0.040703749
-0.040485647
-0.040270264
-0.040057265
-0.039846771
-0.039639295
-0.039435111
-0.039233887
-0.039035756
-0.038840213
-0.038647772
-0.038458588
-0.03827207
-0.038087861
-0.037905776
-0.037726012
-0.037549445
-0.037375308
-0.037203606
-0.037034165
-0.036866655
-0.036701044
-0.03653743
-0.036375813
-0.036216546
-0.036059852
-0.035905324
-0.035752915
-0.035602593
-0.035453958
-0.035306557
-0.035160678
-0.035016579
-0.034874443
-0.03473419
-0.03459592
-0.034459862
-0.034325589
-0.034192743
-0.03406147
-0.033931572
-0.033802744
-0.033675582
-0.033549973
-0.033425915
-0.033303269
-0.03318207
-0.033062348
-0.032943852
-0.032826945
-0.032711165
-0.032596921
-0.032484207
-0.032372171
-0.03226144
-0.032151959
-0.032043914
-0.031937591
-0.031833134
-0.031729453
-0.031626524
-0.031524222
-0.031422516
-0.031321685
-0.031221996
-0.031123505
-0.031026619
-0.030931028
-0.030836611
-0.030743285
-0.030651139
-0.030559859
-0.030469131
-0.030379542
-0.030290819
-0.03020274
-0.030115667
-0.030029359
-0.029944164
-0.029860242
-0.02977666
-0.029694168
-0.029612856
-0.02953223
-0.029452225
-0.029372825
-0.02929415
-0.02921656
-0.029139159
-0.029062313
-0.028986471
-0.028911517
-0.028837196
-0.028763493
-0.028690149
-0.028617542
-0.028545866
-0.028475413
-0.028405527
-0.028336306
-0.028267545
-0.028199519
-0.028132009
-0.028065028
-0.027998695
-0.027933221
-0.027868427
-0.027804084
-0.027740528
-0.027677585
-0.027615471
-0.027554209
-0.027493331
-0.027432955
-0.027373139
-0.027314104
-0.027255866
-0.027198255
-0.027141058
-0.027084304
-0.027027867
-0.026971872
-0.026916155
-0.026861137
-0.026806398
-0.026752152
-0.026698799
-0.026645663
-0.026593162
-0.026541446
-0.026490297
-0.026439441
-0.026389049
-0.026339079
-0.026289129
-0.026239539
-0.0261906
-0.026141965
-0.026093492
-0.026045036
-0.025996801
-0.025948885
-0.025901643
-0.025855267
-0.025809679
-0.025764626
-0.025720184
-0.025676289
-0.02563272
-0.025589673
-0.025547264
-0.025505051
-0.025462476
-0.025420049
-0.025378149
-0.025336752
-0.025295588
-0.025254952
-0.025214547
-0.025174433
-0.025134783
-0.025095803
-0.025056835
-0.025017975
-0.024979318
-0.0249412
-0.024903155
-0.024865425
-0.02482839
-0.024791807
-0.024755345
-0.02471938
-0.024683759
-0.024648573
-0.024613889
-0.02457917
-0.024544565
-0.02451057
-0.024476954
-0.024443876
-0.024411399
-0.024378824
-0.024345936
-0.024313161
-0.024280758
-0.024248627
-0.024216871
-0.024185434
-0.024154329
-0.02412373
-0.024093339
-0.024063329
-0.024033325
-0.024003619
-0.023974224
-0.023944968
-0.023916237
-0.023887414
-0.023859027
-0.023830787
-0.023802745
-0.023775067
-0.023747866
-0.023720825
-0.023693833
-0.023666932
-0.023640305
-0.02361397
-0.023587864
-0.023562064
-0.023536213
-0.02351039
-0.023485001
-0.023460022
-0.023435524
-0.023411736
-0.02338793
-0.023364363
-0.023340829
-0.02331712
-0.023293709
-0.02327064
-0.023247505
-0.023224712
-0.023202335
-0.023180163
-0.023158367
-0.023136566
-0.023114908
-0.02309328
-0.023072089
-0.023051219
-0.02303057
-0.023009934
-0.022989666
-0.022969491
-0.022949337
-0.022929067
-0.022909322
-0.022890034
-0.022871326
-0.022852468
-0.022833466
-0.022814009
-0.022794804
-0.022775908
-0.022757427
-0.022739118
-0.022721115
-0.022703409
-0.022685958
-0.022668966
-0.022652034
-0.022634889
-0.022618373
-0.022602194
-0.022586001
-0.022569916
-0.022553959
-0.022538023
-0.022522186
-0.02250624
-0.022490337
-0.022474422
-0.022458992
-0.022443617
-0.022428294
-0.022413162
-0.022397952
-0.022383078
-0.022368967
-0.022355146
-0.0223416
-0.022328186
-0.022315144
-0.022301923
-0.022288609
-0.022275317
-0.022262122
-0.022249024
-0.022235705
-0.022222497
-0.022209279
-0.022196274
-0.022183885
-0.022171397
-0.022159045
-0.022146539
-0.022133894
-0.022121667
-0.022109932
-0.022098452
-0.022087224
-0.022076024
-0.022065154
-0.022054427
-0.022043672
-0.022033134
-0.022022404
-0.022011819
-0.022001473
-0.021991282
-0.021981321
-0.021971355
-0.021961263
-0.021951117
-0.021941366
-0.021932106
-0.021922772
-0.021913689
-0.021904898
-0.021896168
-0.021887111
-0.021878413
-0.021870126
-0.021861995
-0.021854081
-0.02184638
-0.021838847
-0.021831377
-0.021823755
-0.021816138
-0.021808949
-0.021801942
-0.021795137
-0.021788665
-0.021782397
-0.021776267
-0.021769896
-0.021763743
-0.021757967
-0.021752021
-0.021745995
-0.021740221
-0.021734429
-0.021728696
-0.021722892
-0.021717412
-0.021712333
-0.021707539
-0.021702647
-0.021697497
-0.021692337
-0.021687069
-0.021682081
-0.021677281
-0.021672694
-0.021667937
-0.021663205
-0.021658763
-0.021654626
-0.021650598
-0.02164675
-0.02164304
-0.021639332
-0.021635643
-0.021632308
-0.021629144
-0.021626582
-0.021624479
-0.021622507
-0.021620369
-0.021618218
-0.021615934
-0.021613576
-0.021611203
-0.021608906
-0.021607094
-0.02160557
-0.021603934
-0.02160222
-0.021600669
-0.021599122
-0.021597916
-0.021596848
-0.021595721
-0.021594829
-0.021594265
-0.021593912
-0.021593668
-0.021593134
-0.021592598
-0.021592405
-0.021591807
-0.021591034
-0.021590555
-0.021589906
-0.02158909
-0.021588823
-0.021588659
-0.021588818
-0.021589412
-0.021590119
-0.021590925
-0.021591866
-0.021592799
-0.021593327
-0.021594074
-0.021595504
-0.021597082
-0.0215987
-0.021600302
-0.021602271
-0.021604521
-0.021607063
-0.021609951
-0.02161282
-0.021615655
-0.021618632
-0.021621572
-0.021624267
-0.021626932
-0.021629523
-0.02163218
-0.021635253
-0.021638571
-0.02164222
-0.021646185
-0.021650074
-0.021654038
-0.021658202
-0.021662481
-0.021666726
-0.021671214
-0.021676135
-0.021681024
-0.021685816
-0.021690577
-0.021695514
-0.021700694
-0.02170603
-0.021711399
-0.021716863
-0.02172274
-0.021728664
-0.021734438
-0.021740126
-0.021745611
-0.021751429
-0.021757371
-0.021763414
-0.021769625
-0.021775655
-0.021782048
-0.021788689
-0.021795439
-0.021802229
-0.021809296
-0.0218167
-0.021824057
-0.021831477
-0.021839008
-0.021846653
-0.021854365
-0.021862102
-0.021870068
-0.021877929
-0.021886038
-0.021894341
-0.021902814
-0.021911253
-0.021919932
-0.021928672
-0.021937541
-0.02194641
-0.021955242
-0.021964408
-0.021973938
-0.02198349
-0.021993436
-0.022003675
-0.022014049
-0.022024516
-0.022035223
-0.022046084
-0.022056964
-0.022067647
-0.022078751
-0.022090197
-0.022101754
-0.022113195
-0.022124589
-0.022136065
-0.022147551
-0.02215903
-0.022170678
-0.022182798
-0.022195258
-0.022207788
-0.022220346
-0.022233256
-0.022246368
-0.02225956
-0.022272712
-0.022285999
-0.022299547
-0.022313615
-0.022327825
-0.022342084
-0.022356534
-0.022370905
-0.022385262
-0.022399694
-0.022414341
-0.022428946
-0.022443999
-0.022459201
-0.022474888
-0.022490753
-0.022506808
-0.022523083
-0.022539214
-0.02255552
-0.022571818
-0.02258793
-0.022604461
-0.022621409
-0.02263887
-0.022656315
-0.022673671
-0.022691006
-0.022708665
-0.022726451
-0.022744609
-0.022762926
-0.022781363
-0.02279981
-0.022818283
-0.022837344
-0.02285656
-0.022875984
-0.022895126
-0.022914673
-0.022934231
-0.022953827
-0.02297376
-0.022993916
-0.02301439
-0.02303494
-0.023055998
-0.023077123
-0.023098384
-0.023119896
-0.023141833
-0.023164237
-0.023186959
-0.02320956
-0.023231997
-0.023254542
-0.023277253
-0.023300318
-0.023323721
-0.02334722
-0.023370735
-0.023394271
-0.023418075
-0.023442347
-0.023466961
-0.023491996
-0.023517084
-0.023542768
-0.023568633
-0.023594213
-0.023619842
-0.023645853
-0.023672031
-0.023698339
-0.023725016
-0.023752344
-0.023780175
-0.023808063
-0.023835886
-0.023863654
-0.023891663
-0.023919967
-0.023948729
-0.023978057
-0.024007871
-0.024037878
-0.024067716
-0.02409807
-0.024128894
-0.024159498
-0.024190593
-0.024222237
-0.024254364
-0.024286661
-0.024319432
-0.024352339
-0.024385155
-0.024418134
-0.024451621
-0.024485285
-0.024519095
-0.024553225
-0.024587733
-0.024622457
-0.02465767
-0.024692541
-0.024727814
-0.024763119
-0.024798704
-0.024834999
-0.0248717
-0.024908972
-0.024946962
-0.024985258
-0.025023528
-0.02506186
-0.025100045
-0.025138676
-0.025177655
-0.02521734
-0.025257716
-0.025298571
-0.025340048
-0.025382148
-0.025424431
-0.025467085
-0.025509912
-0.025552889
-0.025596417
-0.025640258
-0.025684276
-0.025728524
-0.025773048
-0.025817506
-0.025863159
-0.025909661
-0.025956589
-0.026003864
-0.026050883
-0.026098531
-0.026146664
-0.026195476
-0.026244705
-0.026294235
-0.026344188
-0.026394298
-0.026444454
-0.026494746
-0.026545521
-0.026597015
-0.026649609
-0.026702731
-0.026756258
-0.026810088
-0.026864341
-0.026919298
-0.026975012
-0.027031276
-0.027088016
-0.027145375
-0.027203102
-0.027261249
-0.027320156
-0.027379693
-0.027439793
-0.027500479
-0.02756205
-0.027624758
-0.027688403
-0.027752903
-0.027817863
-0.027882741
-0.027947817
-0.02801307
-0.028078769
-0.028145214
-0.028212123
-0.028279809
-0.028347777
-0.02841634
-0.028485579
-0.028555741
-0.028626408
-0.028697577
-0.02876971
-0.028842733
-0.028916584
-0.028991902
-0.029067839
-0.029144359
-0.029222074
-0.02930005
-0.029378931
-0.0294587
-0.029539062
-0.029620569
-0.029702247
-0.029784714
-0.029868169
-0.029952374
-0.030037676
-0.030123705
-0.030210744
-0.03029848
-0.030386745
-0.030475702
-0.030566164
-0.030657937
-0.030751124
-0.030844941
-0.030939502
-0.03103503
-0.031131724
-0.031229376
-0.031328079
-0.031428104
-0.031529281
-0.031631782
-0.03173523
-0.031840007
-0.031945758
-0.032052418
-0.032160712
-0.032270287
-0.032380783
-0.032492428
-0.03260525
-0.032719333
-0.032834902
-0.032952126
-0.033070936
-0.033190838
-0.033311925
-0.033434614
-0.033559237
-0.033685323
-0.033812585
-0.03394125
-0.034071427
-0.034203149
-0.03433678
-0.034471987
-0.034608459
-0.034746197
-0.034885715
-0.035027111
-0.035170383
-0.035315818
-0.035462626
-0.035611299
-0.035762305
-0.035915416
-0.036070623
-0.036228117
-0.036387815
-0.036549292
-0.036712697
-0.036878116
-0.037044851
-0.037213641
-0.037385147
-0.037559382
-0.037736354
-0.03791629
-0.03809905
-0.0382839
-0.038471064
-0.038661071
-0.038853339
-0.039048418
-0.03924622
-0.039446816
-0.039650791
-0.0398575
-0.040066782
-0.040279034
-0.040494112
-0.040712586
-0.04093455
-0.041159411
-0.041387197
-0.041618465
-0.041853807
-0.042093213
-0.042336638
-0.042584348
-0.042836743
-0.043093065
-0.043353161
-0.043617169
-0.043885892
-0.044159206
-0.044437628
-0.044720435
-0.045007275
-0.045298549
-0.045594687
-0.045896239
-0.046203768
-0.046516206
-0.04683446
-0.047157829
-0.047486626
-0.047820663
-0.048161236
-0.048507953
-0.048861304
-0.04922137
-0.049587864
-0.049961852
-0.050343013
-0.050731842
-0.051128815
-0.051533875
-0.051946571
-0.052367352
-0.052797113
-0.053236659
-0.053685592
-0.05414399
-0.054611977
-0.055089391
-0.055577546
-0.056076772
-0.056587754
-0.057109883
-0.057644158
-0.058190402
-0.058750229
-0.059323932
-0.059911666
-0.060513419
-0.061129158
-0.061759227
-0.062404886
-0.063067528
-0.063747145
-0.064444009
-0.065158945
-0.065892849
-0.066646785
-0.067422748
-0.068221297
-0.069042368
-0.069887649
-0.070757529
-0.071652321
-0.072574631
-0.073525917
-0.074506445
-0.075518467
-0.076563474
-0.077642529
-0.078757151
-0.079910699
-0.081104748
-0.082341647
-0.083622898
-0.084950864
-0.086328655
-0.087758823
-0.089244109
-0.090788721
-0.092396359
-0.094070925
-0.095816381
-0.09763829
-0.099541374
-0.10153149
-0.10361339
-0.10579592
-0.10808611
-0.11049163
-0.11302244
-0.11568915
-0.11850138
-0.1214723
-0.12461655
-0.12794907
-0.13148728
-0.13525182
-0.13926569
-0.14355365
-0.14814453
-0.15307269
-0.15837833
-0.16410523
-0.17030728
-0.17704336
-0.18438277
-0.19240949
-0.20122474
-0.21094565
-0.22171289
-0.23369435
-0.24709392
-0.26215978
-0.27919707
-0.29857725
-0.3207647
-0.34633314
-0.37600344
-0.41068879
-0.45154794
-0.50008605
