-0.50000000805092
-0.45232063437584
-0.40929070184605
-0.37044672277154
-0.33537242175648
-0.30369382400834
-0.27507486523746
-0.24921346663775
-0.22583802468249
-0.20470427100899
-0.18559246258348
-0.16830486670415
-0.15266350927819
-0.13850815825481
-0.12569451715819
-0.11409260638672
-0.10358531236589
-0.09406708679565
-0.085442780148786
-0.077626595282773
-0.07054114854533
-0.064116627106286
-0.058290032452719
-0.053004501057508
-0.048208694188045
-0.043856249674614
-0.039905289218502
-0.036317975498311
-0.033060113938305
-0.030100794542884
-0.027412069683682
-0.024968664156455
-0.022747714209816
-0.020728532591527
-0.018892396965407
-0.017222359326591
-0.015703074288433
-0.014320644334115
-0.013062480322533
-0.011917175713958
-0.010874393138413
-0.0099247620707051
-0.0090597865023253
-0.0082717616135167
-0.0075536985502293
-0.0068992565014691
-0.0063026813540472
-0.0057587502747611
-0.0052627216355546
-0.0048102897559998
-0.0043975439901893
-0.0040209317324899
-0.0036772249591306
-0.0033634899607845
-0.0030770599556102
-0.0028155103030508
-0.0025766360663846
-0.0023584316969393
-0.0021590726352701
-0.0019768986447561
-0.0018103987111787
-0.0016581973581737
-0.0015190422431056
-0.0013917929111484
-0.0012754105972375
-0.0011689489763022
-0.0010715457718111
-0.00098241514139869
-0.00090084076616123
-0.00082616957729733
-0.00075780606013268
-0.00069520708133177
-0.00063787719028018
-0.00058536435030819
-0.00053725605965182
-0.00049317582586139
-0.00045277996081784
-0.00041575466662253
-0.00038181338544254
-0.00035069438893274
-0.0003221585851507
-0.00029598752295553
-0.00027198157576164
-0.00024995828821083
-0.00022975087086606
-0.00021120682941554
-0.00019418671613521
-0.00017856299249352
-0.00016421899281542
-0.00015104797985189
-0.00013895228394685
-0.00012784251826358
-0.00011763686321569
-0.00010826041389062
-9.9644584807721e-05
-9.172656688305e-05
-8.4448831932013e-05
-7.7758680470127e-05
-7.1607828960572e-05
-6.5952032995871e-05
-6.0750743233133e-05
-5.5966791178637e-05
-5.1566102185561e-05
-4.7517433263657e-05
-4.3792133515308e-05
-4.0363925210684e-05
-3.7208703689226e-05
-3.4304354440319e-05
-3.1630585860088e-05
-2.9168776316358e-05
-2.6901834276147e-05
-2.4814070358232e-05
-2.2891080277305e-05
-2.1119637733476e-05
-1.9487596390213e-05
-1.7983800151715e-05
-1.6598001026937e-05
-1.532078392708e-05
-1.4143497802974e-05
-1.3058192567812e-05
-1.2057561327435e-05
-1.113488744994e-05
-1.0283996067747e-05
-9.4992096342826e-06
-8.7753071883463e-06
-8.1074870130645e-06
-7.491332402015e-06
-6.9227802678395e-06
-6.3980923535382e-06
-5.9138288290325e-06
-5.4668240686417e-06
-5.0541644292321e-06
-4.6731678588083e-06
-4.3213651830107e-06
-3.9964829303126e-06
-3.6964275639953e-06
-3.4192710081883e-06
-3.1632373555571e-06
-2.9266906611419e-06
-2.7081237326473e-06
-2.5061478315378e-06
-2.3194832125409e-06
-2.1469504312429e-06
-1.9874623554395e-06
-1.8400168240893e-06
-1.7036898988522e-06
-1.5776296609859e-06
-1.4610505066379e-06
-1.3532279034786e-06
-1.2534935673599e-06
-1.1612310251571e-06
-1.0758715354121e-06
-9.968903334811e-07
-9.2380317711024e-07
-8.5616316893105e-07
-7.9355782968619e-07
-7.3560640756456e-07
-6.819573979338e-07
-6.3228626245413e-07
-5.8629332818466e-07
-5.4370185129625e-07
-5.0425623728077e-07
-4.6772039858153e-07
-4.3387624253432e-07
-4.0252227905156e-07
-3.7347233659301e-07
-3.4655438020239e-07
-3.2160942088486e-07
-2.984905115572e-07
-2.7706182055866e-07
-2.5719777819577e-07
-2.387822890944e-07
-2.2170800733884e-07
-2.0587566550848e-07
-1.9119345881467e-07
-1.7757647481847e-07
-1.6494616752296e-07
-1.5322987449711e-07
-1.4236036778991e-07
-1.3227544135229e-07
-1.2291753084006e-07
-1.142333620154e-07
-1.0617362541453e-07
-9.8692677478685e-08
-9.1748263553708e-08
-8.5301262383442e-08
-7.9315450504283e-08
-7.3757283753063e-08
-6.8595696734317e-08
-6.3801916378334e-08
-5.9349290591034e-08
-5.5213129037914e-08
-5.1370556903629e-08
-4.7800379367674e-08
-4.4482956143056e-08
-4.1400085537955e-08
-3.853489810516e-08
-3.5871757134849e-08
-3.3396166970573e-08
-3.1094689894153e-08
-2.8954864823141e-08
-2.6965138170121e-08
-2.5114795655737e-08
-2.3393900088338e-08
-2.1793234292864e-08
-2.0304248447664e-08
-1.8919010398651e-08
-1.7630161301588e-08
-1.6430872537202e-08
-1.5314807247261e-08
-1.4276084596084e-08
-1.3309246757432e-08
-1.2409226853899e-08
-1.157132152028e-08
-1.0791164063952e-08
-1.0064700022396e-08
-9.3881645154262e-09
-8.7580609594974e-09
-8.1711421730698e-09
-7.6243919610896e-09
-7.1150081732156e-09
-6.6403879742619e-09
-6.198112641594e-09
-5.7859350418099e-09
-5.4017667470811e-09
-5.0436667962036e-09
-4.7098312343536e-09
-4.3985831179274e-09
-4.1083633754624e-09
-3.8377230984518e-09
-3.5853141284574e-09
-3.3498836324498e-09
-3.1302659130634e-09
-2.9253772236199e-09
-2.734209037975e-09
-2.5558233319882e-09
-2.389347823827e-09
-2.2339702761704e-09
-2.0889352359085e-09
-1.9535396243717e-09
-1.827129050737e-09
-1.7090942997106e-09
-1.5988684822113e-09
-1.4959236797313e-09
-1.3997682609404e-09
-1.3099448591473e-09
-1.2260268904708e-09
-1.1476177499641e-09
-1.0743475942581e-09
-1.0058720292421e-09
-9.4187004777438e-10
-8.8204297968203e-10
-8.2611204731264e-10
-7.7381784987349e-10
-7.249181420319e-10
-6.7918776041324e-10
-6.3641649756458e-10
-5.9640812112685e-10
-5.5898008330862e-10
-5.2396193666951e-10
-4.9119488482191e-10
-4.6053074457765e-10
-4.3183123028541e-10
-4.0496752430102e-10
-3.7981918796731e-10
-3.5627407787651e-10
-3.34227457582e-10
-3.1358173750944e-10
-2.9424580947201e-10
-2.7613392281114e-10
-2.5916700312137e-10
-2.432708974463e-10
-2.2837622044094e-10
-2.1441834702626e-10
-2.01336829256e-10
-1.8907478198422e-10
-1.7758041222536e-10
-1.6680390076941e-10
-1.5669948888996e-10
-1.4722395930612e-10
-1.3833728013949e-10
-1.3000183559251e-10
-1.2218244598669e-10
-1.1484653187484e-10
-1.0796327045598e-10
-1.0150409217755e-10
-9.544206128834e-11
-8.9752066746542e-11
-8.4410798376621e-11
-7.9396265808697e-11
-7.4687911887955e-11
-7.0266580983727e-11
-6.6114079783931e-11
-6.221394390488e-11
-5.8550374478939e-11
-5.5108575114885e-11
-5.1874701222446e-11
-4.8835871359815e-11
-4.5979993601005e-11
-4.3295800593803e-11
-4.0772746203692e-11
-3.8400753580737e-11
-3.6170548780864e-11
-3.4073506562426e-11
-3.2101342484124e-11
-3.0246507412737e-11
-2.8501772070539e-11
-2.6860454410904e-11
-2.5316297176976e-11
-2.3863350354797e-11
-2.2495977627847e-11
-2.1209177707421e-11
-1.9998026524643e-11
-1.8857873846706e-11
-1.7784480353546e-11
-1.6773795425045e-11
-1.5822087335379e-11
-1.4925858209525e-11
-1.4081832982261e-11
-1.3286774277457e-11
-1.2537757364727e-11
-1.1832010887776e-11
-1.1167070050072e-11
-1.0540558523508e-11
-9.9501044553088e-12
-9.393507688357e-12
-8.8688922740128e-12
-8.3743133950431e-12
-7.9080708149056e-12
-7.4682846946531e-12
-7.0536993581682e-12
-6.6627227251776e-12
-6.2939164591711e-12
-5.9460055996606e-12
-5.6178160113179e-12
-5.3081968432118e-12
-5.0161024028286e-12
-4.7404106522819e-12
-4.4802697085181e-12
-4.2347941758427e-12
-4.0029877295422e-12
-3.7842619564658e-12
-3.5777262427996e-12
-3.3827470723504e-12
-3.1985953494493e-12
-3.0246816011803e-12
-2.8605208491194e-12
-2.7054130024785e-12
-2.5584948155488e-12
-2.4201707363118e-12
-2.2894434093358e-12
-2.1659267028479e-12
-2.0492749583034e-12
-1.9389131782748e-12
-1.8346968277191e-12
-1.7362040165956e-12
-1.6431053084566e-12
-1.5551719250352e-12
-1.4719229366476e-12
-1.3931948520619e-12
-1.3189841118716e-12
-1.2486931864198e-12
-1.1822456098222e-12
-1.11932878659e-12
-1.0598071573825e-12
-1.0035760673501e-12
-9.5042047104384e-13
-9.0003831868566e-13
-8.524299746023e-13
-8.0736065013447e-13
-7.6480273566548e-13
-7.2442817561918e-13
-6.8620349854755e-13
-6.5010348712598e-13
-6.1595368328652e-13
-5.8358997621438e-13
-5.5293347638341e-13
-5.2390388212831e-13
-4.9645959081195e-13
-4.7051076342208e-13
-4.459297160816e-13
-4.2263629643689e-13
-4.0048063527649e-13
-3.796155703905e-13
-3.5983399311741e-13
-3.4116061002017e-13
-3.2339867257553e-13
-3.0651776702572e-13
-2.9066930358545e-13
-2.7560220419935e-13
-2.6122715795371e-13
-2.4775097452383e-13
-2.3490557429828e-13
-2.2276745856544e-13
-2.1120724748453e-13
-2.0031455087542e-13
-1.8997200599432e-13
-1.8015251418083e-13
-1.708735667826e-13
-1.620217538614e-13
-1.5373852821706e-13
-1.457804953364e-13
-1.3826934687293e-13
-1.3118442086114e-13
-1.2444039533158e-13
-1.1803208124468e-13
-1.1199400441427e-13
-1.0623702697089e-13
-1.008379068463e-13
-9.5599864683632e-14
-9.0697165188701e-14
-8.6104540053525e-14
-8.1737461020901e-14
-7.7540641694199e-14
-7.3540226006688e-14
-6.983143669379e-14
-6.6246116190784e-14
-6.2832478764761e-14
-5.9671741340538e-14
-5.6604346523066e-14
-5.3828115374198e-14
-5.1121117375431e-14
-4.8585007246362e-14
-4.6049630034886e-14
-4.3712121458878e-14
-4.1548456836492e-14
-3.9432376292827e-14
-3.7363589127052e-14
-3.5528797636847e-14
-3.3735137759665e-14
-3.2074266867186e-14
-3.0377320631209e-14
-2.8918211723638e-14
-2.7435303991578e-14
-2.5988621321861e-14
-2.468425566199e-14
-2.3492239861253e-14
-2.2253391942837e-14
-2.1340601321873e-14
-2.0286802732824e-14
-1.9337258275008e-14
-1.8386769590005e-14
-1.7481475986151e-14
-1.654534817265e-14
-1.5770579607308e-14
-1.5065831818826e-14
-1.4307166487278e-14
-1.3561243711422e-14
-1.292986427687e-14
-1.2284625964883e-14
-1.1732920956048e-14
-1.1172337477349e-14
-1.0617164364339e-14
-1.0038874685115e-14
-9.6490067539836e-15
-9.1753309027572e-15
-8.7287725309841e-15
-8.3409089602324e-15
-8.0079850344112e-15
-7.549500428529e-15
-7.2240140109433e-15
-6.876093490363e-15
-6.5698864309435e-15
-6.3013808146024e-15
-5.9647552666899e-15
-5.6807322827288e-15
-5.3983155940767e-15
-5.141154105938e-15
-4.9256948927689e-15
-4.7371050792095e-15
-4.4502004411879e-15
-4.3321400584542e-15
-4.0809502745083e-15
-3.9191681877017e-15
-3.7898176271954e-15
-3.5802917575443e-15
-3.5564269776727e-15
-3.3000806206546e-15
-3.2030004734672e-15
-3.0692897548845e-15
-2.931199330694e-15
-2.8414927394748e-15
-2.8014160209594e-15
-2.6470497494917e-15
-2.5503248297648e-15
-2.5163857774498e-15
-2.3974027715341e-15
-2.2826855213585e-15
-2.2004428987635e-15
-2.1700567385299e-15
-2.0804440183943e-15
-1.9986769346284e-15
-2.0166841745274e-15
-1.9183731144519e-15
-1.9342143241467e-15
-1.8995246533188e-15
-1.8899565489658e-15
-1.8716422188605e-15
-1.9095994663701e-15
-1.7278258379082e-15
-1.7915765433365e-15
-1.8151505241721e-15
-1.7662995595108e-15
-1.8308511391615e-15
-1.7836807162309e-15
-1.83271609074e-15
-1.8021622944838e-15
-1.7282032174377e-15
-1.8623795862638e-15
-1.8993493321247e-15
-1.8718586416637e-15
-2.0239588950131e-15
-2.0137361236972e-15
-2.2045037321286e-15
-2.2195952188039e-15
-2.2391022704026e-15
-2.3005995864017e-15
-2.4170272627745e-15
-2.5907297283953e-15
-2.5846136956349e-15
-2.82425850056e-15
-2.8502720198584e-15
-2.9555340199761e-15
-3.1256327952638e-15
-3.2376384984292e-15
-3.388759330748e-15
-3.5705004250046e-15
-3.742922333143e-15
-3.8886590459584e-15
-4.145534977491e-15
-4.2869918802548e-15
-4.4698858143786e-15
-4.7493049278362e-15
-4.8562883870555e-15
-5.1311996459499e-15
-5.4544024425586e-15
-5.6659229787307e-15
-5.8846693418064e-15
-6.2758653182889e-15
-6.6430164225e-15
-6.9621724172879e-15
-7.259952163265e-15
-7.6718577296644e-15
-8.0781874687636e-15
-8.5201334308466e-15
-8.8873782557751e-15
-9.347474421983e-15
-9.6946548708958e-15
-1.0263497446093e-14
-1.0761448775183e-14
-1.1328023865584e-14
-1.184355938051e-14
-1.257343697918e-14
-1.3207386591275e-14
-1.379002721982e-14
-1.4579657524348e-14
-1.5307661018651e-14
-1.6075354704286e-14
-1.6936214629005e-14
-1.7833741211923e-14
-1.8757862107221e-14
-1.9845009990667e-14
-2.0881869226676e-14
-2.1913221381019e-14
-2.3128392467453e-14
-2.4296449177001e-14
-2.5568491465184e-14
-2.6980950616337e-14
-2.8424868458593e-14
-2.9935474119301e-14
-3.1486670903616e-14
-3.318436086158e-14
-3.4957271045378e-14
-3.6826765910144e-14
-3.8734161928407e-14
-4.0874313292358e-14
-4.2948229934046e-14
-4.5343306843262e-14
-4.7738203563939e-14
-5.0286950606431e-14
-5.3046905013127e-14
-5.580540551469e-14
-5.8832754098098e-14
-6.1975152822135e-14
-6.5330142375477e-14
-6.8797275138627e-14
-7.2490424075074e-14
-7.642874182999e-14
-8.0600684260043e-14
-8.4919719719633e-14
-8.9498123530906e-14
-9.4351843059753e-14
-9.9552519607091e-14
-1.0483233059574e-13
-1.105216446295e-13
-1.162135209913e-13
-1.2259312424266e-13
-1.2926487454359e-13
-1.3630832036862e-13
-1.4371252829664e-13
-1.5161096871229e-13
-1.5974917849617e-13
-1.6852379712059e-13
-1.7773317451267e-13
-1.8743496695061e-13
-1.9757385194921e-13
-2.0842992264852e-13
-2.1984434069726e-13
-2.3191867880972e-13
-2.4452003213577e-13
-2.5798051710101e-13
-2.7217337222451e-13
-2.8713527684511e-13
-3.0292737653195e-13
-3.1960175744651e-13
-3.371489206172e-13
-3.5578755655241e-13
-3.7536666230899e-13
-3.9608275030324e-13
-4.1800616847261e-13
-4.4101948551914e-13
-4.6546700568024e-13
-4.9112772900551e-13
-5.1838508066057e-13
-5.4716231176224e-13
-5.7755934238215e-13
-6.096253573723e-13
-6.4349368376767e-13
-6.7932951146852e-13
-7.1716052162682e-13
-7.5720669035838e-13
-7.9947468729382e-13
-8.4413520858214e-13
-8.9128226297404e-13
-9.4133376788756e-13
-9.9402566744999e-13
-1.0497509065077e-12
-1.1088209120262e-12
-1.1712047169844e-12
-1.2372183269954e-12
-1.3069897754242e-12
-1.380773148848e-12
-1.4588085790426e-12
-1.5413501618044e-12
-1.6286809901609e-12
-1.7210409953684e-12
-1.8187781032919e-12
-1.9222785628918e-12
-2.03171772717e-12
-2.1474617862302e-12
-2.2701638281848e-12
-2.3999454307757e-12
-2.5372590008526e-12
-2.6832230160911e-12
-2.8371405799149e-12
-3.000168672263e-12
-3.1728940893191e-12
-3.355721662824e-12
-3.5494384520956e-12
-3.7545799195883e-12
-3.9719277625578e-12
-4.2022260138211e-12
-4.446181605877e-12
-4.7047121897241e-12
-4.9786250037473e-12
-5.2689437574505e-12
-5.5768165696793e-12
-5.9030356828635e-12
-6.2488427403488e-12
-6.615532546883e-12
-7.0043385929158e-12
-7.416737273665e-12
-7.8538736833552e-12
-8.3177599656127e-12
-8.8096828398975e-12
-9.3316336963182e-12
-9.8852834082372e-12
-1.0472771076927e-11
-1.1096654404251e-11
-1.175845878059e-11
-1.2460625943561e-11
-1.3206186597605e-11
-1.3997606895134e-11
-1.4837854151717e-11
-1.5730004672763e-11
-1.6677464793115e-11
-1.7683662935618e-11
-1.875248201961e-11
-1.9887839114272e-11
-2.1094054245442e-11
-2.2375560419131e-11
-2.3737400676769e-11
-2.5184563703859e-11
-2.6722748231217e-11
-2.8357839104681e-11
-3.0095846880131e-11
-3.1943805971923e-11
-3.3908691774177e-11
-3.5998253319364e-11
-3.8220621543863e-11
-4.058444979706e-11
-4.3098942077008e-11
-4.577418925231e-11
-4.8620658972766e-11
-5.1649662960303e-11
-5.4873212423875e-11
-5.8304296999392e-11
-6.1956706700623e-11
-6.5845080897041e-11
-6.9984997573264e-11
-7.4393521446972e-11
-7.9088515994971e-11
-8.408913002866e-11
-8.9415762918473e-11
-9.5090483741311e-11
-1.0113657045802e-10
-1.0757917258657e-10
-1.1444509101658e-10
-1.217628818916e-10
-1.2956318996275e-10
-1.378788461573e-10
-1.4674483139533e-10
-1.5619868438227e-10
-1.6628055650914e-10
-1.7703331490902e-10
-1.8850310702683e-10
-2.0073893869316e-10
-2.1379377617291e-10
-2.277235580616e-10
-2.4258884959379e-10
-2.584542379597e-10
-2.7538914551266e-10
-2.9346751002336e-10
-3.1276878899617e-10
-3.3337809898593e-10
-3.5538648672551e-10
-3.7889178378506e-10
-4.0399842226494e-10
-4.308188057743e-10
-4.5947294661494e-10
-4.9008981817313e-10
-5.2280749720009e-10
-5.5777406977921e-10
-5.9514830184813e-10
-6.3510052323424e-10
-6.7781325552843e-10
-7.2348250848712e-10
-7.7231826734163e-10
-8.2454582142993e-10
-8.8040711833297e-10
-9.4016165574771e-10
-1.0040876144508e-09
-1.0724841844519e-09
-1.14567185116e-09
-1.2239948504226e-09
-1.3078228143614e-09
-1.3975525261522e-09
-1.4936099611843e-09
-1.5964526327676e-09
-1.7065718211338e-09
-1.8244953638867e-09
-1.9507899847675e-09
-2.0860644283738e-09
-2.2309731389982e-09
-2.3862189656192e-09
-2.5525569728052e-09
-2.7307991911668e-09
-2.9218175745766e-09
-3.1265503325286e-09
-3.3460052113279e-09
-3.5812658556305e-09
-3.8334976301452e-09
-4.1039533198792e-09
-4.393980194409e-09
-4.7050273408349e-09
-5.0386532741387e-09
-5.3965341724009e-09
-5.7804747062752e-09
-6.1924147326737e-09
-6.6344421437395e-09
-7.1088041472739e-09
-7.6179184882495e-09
-8.1643877762955e-09
-8.7510137246994e-09
-9.3808120111699e-09
-1.0057029250985e-08
-1.0783161523041e-08
-1.1562973047912e-08
-1.2400517863334e-08
-1.3300162033605e-08
-1.4266608181833e-08
-1.530492239475e-08
-1.6420561976999e-08
-1.7619407500466e-08
-1.8907794638262e-08
-2.0292551259589e-08
-2.1781035688925e-08
-2.338117869591e-08
-2.5101529611042e-08
-2.6951304771243e-08
-2.8940440156167e-08
-3.10796494267e-08
-3.3380485435814e-08
-3.5855407153674e-08
-3.851785201497e-08
-4.1382314225902e-08
-4.4464429503073e-08
-4.7781066244653e-08
-5.1350424443663e-08
-5.5192143321206e-08
-5.9327416633078e-08
-6.3779117254183e-08
-6.8571934208198e-08
-7.3732518052095e-08
-7.9289640339292e-08
-8.5274364843648e-08
-9.1720233881466e-08
-9.8663469231807e-08
-1.0614319010863e-07
-1.1420164953577e-07
-1.2288448896482e-07
-1.3224101605909e-07
-1.4232450220141e-07
-1.531925100105e-07
-1.6490724276765e-07
-1.7753592615978e-07
-1.9115122079548e-07
-2.058316691136e-07
-2.216621817388e-07
-2.3873456027284e-07
-2.5714806901803e-07
-2.7701005145455e-07
-2.9843659889275e-07
-3.2155327864667e-07
-3.4649591840513e-07
-3.7341146209574e-07
-4.0245889508941e-07
-4.3381024859494e-07
-4.6765169012996e-07
-5.0418470580043e-07
-5.4362738396515e-07
-5.8621580795582e-07
-6.3220556817903e-07
-6.8187340295805e-07
-7.3551898079628e-07
-7.9346683471685e-07
-8.5606846449984e-07
-9.2370461684446e-07
-9.967877648035e-07
-1.0757648001667e-06
-1.1611199591237e-06
-1.2533780000977e-06
-1.3531076581807e-06
-1.4609253996897e-06
-1.5774995018301e-06
-1.7035544898543e-06
-1.839875959917e-06
-1.9873158232425e-06
-2.1467980100448e-06
-2.3193246731188e-06
-2.5059829361309e-06
-2.707952234364e-06
-2.9265123040503e-06
-3.1630518741238e-06
-3.4190781270699e-06
-3.6962269975258e-06
-3.9962743822249e-06
-4.3211483472224e-06
-4.6729424154059e-06
-5.0539300479618e-06
-5.4665804067571e-06
-5.9135755314134e-06
-6.3978290516384e-06
-6.9225065798617e-06
-7.4910479322416e-06
-8.1071913506723e-06
-8.7749999081335e-06
-9.4988902953537e-06
-1.0283664212769e-05
-1.1134542605121e-05
-1.2057203001989e-05
-1.3057820252757e-05
-1.4143110971188e-05
-1.5320382032211e-05
-1.6597583501698e-05
-1.7983366410385e-05
-1.9487145825276e-05
-2.1119169715157e-05
-2.2890594153313e-05
-2.4813565452977e-05
-2.6901309889662e-05
-2.9168231723447e-05
-3.1630020310117e-05
-3.4303767155374e-05
-3.7208093863785e-05
-4.0363292010335e-05
-4.3791476075991e-05
-4.7516750690737e-05
-5.1565393552305e-05
-5.5966055526005e-05
-6.0749979567787e-05
-6.5951240289289e-05
-7.1607006147989e-05
-7.7757826448926e-05
-8.4447945560807e-05
-9.1725646980873e-05
-9.9643630151194e-05
-0.00010825942321366
-0.0001176358352078
-0.00012784145156817
-0.00013895117716014
-0.00015104683151991
-0.00016421780143441
-0.00017856175650644
-0.00019418543393112
-0.00021120549932751
-0.00022974949116862
-0.0002499568571187
-0.0002719800914269
-0.00029598598346742
-0.00032215698853098
-0.00035069273313488
-0.00038181166834999
-0.00041575288604526
-0.00045277811449018
-0.00049317391143945
-0.00053725407471097
-0.00058536229234082
-0.00063787505669251
-0.00069520486944158
-0.00075780376716568
-0.00082616720038462
-0.00090083830233673
-0.00098241258759512
-0.0010715431248581
-0.0011689462329216
-0.0012754077540415
-0.001391789964635
-0.0015190391896577
-0.0016581941940515
-0.00181039543252
-0.0019768952475702
-0.0021590691154368
-0.0023584280502034
-0.0025766322883543
-0.0028155063891923
-0.0030770559012463
-0.0033634857610886
-0.0036772206091277
-0.0040209272270498
-0.0043975393240259
-0.0048102849236673
-0.0052627166314454
-0.0057587450931045
-0.0063026759889076
-0.006899250946744
-0.0075536927996506
-0.0082717556606493
-0.0090597803405707
-0.0099247556933021
-0.010874386538438
-0.011917168884337
-0.013062473256042
-0.014320637023391
-0.015703066725985
-0.017222351504816
-0.018892388876606
-0.020728524227924
-0.022747705563588
-0.024968655219761
-0.027412060448703
-0.030100785001872
-0.033060104083629
-0.036317965322535
-0.039905278714459
-0.043856238835501
-0.048208683007534
-0.053004489529879
-0.058290020573012
-0.064116614870483
-0.070541135950565
-0.077626582327574
-0.085442766833351
-0.094067073122162
-0.10358529833888
-0.11409259201343
-0.12569450244904
-0.13850814322383
-0.15266349394348
-0.16830485108837
-0.18559244671422
-0.20470425491906
-0.22583800841012
-0.24921345022636
-0.27507484873508
-0.30369380746633
-0.33537240522731
-0.3704467063052
-0.40929068548453
-0.45232061814507
-0.49999999194903
