-0.50000435669463
-0.47891229169567
-0.45975760592649
-0.44221253817321
-0.42602637502899
-0.41100413154409
-0.39699167618733
-0.38386524496353
-0.37152396859937
-0.35988448571006
-0.34887701319673
-0.33844244440681
-0.32853017946639
-0.31909648268296
-0.3101032234826
-0.30151689952441
-0.29330786974784
-0.28544974535831
-0.27791890095849
-0.27069407807691
-0.26375606051307
-0.25708740607818
-0.25067222306092
-0.24449598249743
-0.23854535936128
-0.23280809731032
-0.2272728927748
-0.22192929504451
-0.21676761968275
-0.21177887311439
-0.20695468664038
-0.20228725845017
-0.1977693024566
-0.19339400297962
-0.18915497446834
-0.18504622558189
-0.18106212705755
-0.17719738288196
-0.17344700435424
-0.16980628668952
-0.16627078786172
-0.16283630942624
-0.15949887909839
-0.15625473489318
-0.15310031065745
-0.15003222284666
-0.14704725841693
-0.144142363719
-0.14131463429401
-0.13856130548278
-0.13587974377054
-0.13326743879765
-0.1307219959747
-0.12824112964684
-0.12582265675848
-0.12346449097399
-0.1211646372153
-0.11892118658067
-0.11673231161285
-0.11459626188775
-0.11251135989757
-0.11047599720496
-0.10848863084667
-0.10654777996743
-0.10465202266646
-0.10279999304039
-0.10099037840814
-0.099221916704295
-0.097493394028769
-0.095803642341593
-0.094151537292565
-0.092535996176362
-0.090955976004459
-0.08941047168592
-0.087898514309744
-0.086419169522002
-0.084971535991572
-0.083554743958694
-0.082167953861054
-0.080810355032465
-0.079481164469599
-0.078179625662549
-0.07690500748529
-0.075656603142421
-0.074433729168792
-0.073235724478869
-0.072061949462927
-0.070911785127317
-0.069784632276283
-0.068679910732953
-0.067597058597274
-0.066535531538842
-0.065494802122663
-0.064474359166073
-0.06347370712507
-0.062492365508521
-0.06152986831871
-0.060585763516856
-0.059659612512286
-0.058750989674017
-0.057859481863606
-0.056984687988167
-0.056126218572539
-0.055283695349636
-0.054456750868071
-0.053645028116202
-0.05284818016179
-0.052065869806508
-0.051297769254586
-0.05054355979491
-0.049802931495934
-0.049075582912807
-0.048361220806136
-0.047659559871837
-0.046970322481582
-0.046293238433335
-0.045628044711529
-0.044974485256446
-0.044332310742392
-0.04370127836426
-0.043081151632131
-0.042471700173544
-0.041872699543109
-0.041283931039138
-0.040705181527001
-0.04013624326891
-0.039576913759865
-0.039026995569503
-0.03848629618959
-0.037954627886942
-0.037431807561532
-0.036917656609578
-0.036412000791411
-0.035914670103917
-0.035425498657392
-0.034944324556602
-0.034470989785907
-0.034005340098276
-0.033547224908036
-0.033096497187226
-0.032653013365394
-0.032216633232715
-0.031787219846311
-0.031364639439631
-0.030948761334788
-0.030539457857745
-0.030136604256222
-0.029740078620252
-0.029349761805265
-0.028965537357609
-0.028587291442434
-0.028214912773834
-0.027848292547177
-0.027487324373535
-0.027131904216151
-0.026781930328851
-0.02643730319636
-0.026097925476417
-0.025763701943664
-0.025434539435223
-0.025110346797902
-0.024791034836994
-0.024476516266586
-0.024166705661348
-0.023861519409743
-0.023560875668611
-0.023264694319072
-0.022972896923722
-0.022685406685066
-0.02240214840514
-0.022123048446303
-0.021848034693142
-0.021577036515464
-0.021309984732332
-0.021046811577114
-0.020787450663522
-0.020531836952587
-0.020279906720562
-0.020031597527711
-0.019786848187958
-0.019545598739371
-0.019307790415457
-0.019073365617229
-0.018842267886042
-0.018614441877157
-0.018389833334015
-0.018168389063205
-0.017950056910096
-0.017734785735119
-0.017522525390676
-0.017313226698661
-0.017106841428563
-0.016903322276151
-0.016702622842712
-0.016504697614825
-0.016309501944659
-0.016116992030782
-0.01592712489946
-0.01573985838643
-0.01555515111915
-0.015372962499479
-0.015193252686814
-0.015015982581645
-0.014841113809517
-0.014668608705401
-0.014498430298451
-0.014330542297137
-0.014164909074751
-0.014001495655264
-0.013840267699536
-0.01368119149186
-0.013524233926834
-0.013369362496552
-0.013216545278109
-0.013065750921399
-0.012916948637217
-0.012770108185637
-0.012625199864672
-0.012482194499202
-0.012341063430167
-0.012201778504013
-0.012064312062388
-0.011928636932075
-0.011794726415174
-0.011662554279493
-0.011532094749182
-0.011403322495571
-0.011276212628221
-0.011150740686191
-0.011026882629491
-0.010904614830742
-0.01078391406702
-0.010664757511886
-0.010547122727599
-0.010430987657504
-0.010316330618589
-0.01020313029421
-0.010091365726984
-0.0099810163118319
-0.0098720617891799
-0.0097644822383153
-0.0096582580708828
-0.0095533700245292
-0.0094497991566836
-0.0093475268384767
-0.0092465347487929
-0.0091468048684489
-0.0090483194745026
-0.0089510611346819
-0.0088550127019365
-0.0087601573091037
-0.0086664783636926
-0.0085739595427761
-0.0084825847879943
-0.0083923383006629
-0.008303204536987
-0.008215168203374
-0.0081282142518458
-0.0080423278755502
-0.0079574945043616
-0.0078736998005789
-0.0077909296547086
-0.0077091701813394
-0.0076284077150995
-0.0075486288066986
-0.0074698202190527
-0.0073919689234867
-0.0073150620960162
-0.0072390871137058
-0.0071640315510964
-0.0070898831767171
-0.0070166299496562
-0.006944260016206
-0.0068727617065768
-0.0068021235316751
-0.0067323341799462
-0.0066633825142847
-0.0065952575689981
-0.0065279485468398
-0.0064614448160953
-0.0063957359077294
-0.0063308115125883
-0.0062666614786573
-0.0062032758083726
-0.0061406446559858
-0.0060787583249808
-0.0060176072655391
-0.0059571820720577
-0.0058974734807125
-0.0058384723670705
-0.0057801697437474
-0.0057225567581114
-0.0056656246900305
-0.0056093649496636
-0.0055537690752932
-0.0054988287312006
-0.0054445357055811
-0.0053908819084989
-0.0053378593698812
-0.0052854602375499
-0.0052336767752911
-0.0051825013609604
-0.0051319264846247
-0.0050819447467382
-0.0050325488563526
-0.0049837316293621
-0.0049354859867793
-0.0048878049530443
-0.0048406816543654
-0.0047941093170898
-0.0047480812661054
-0.0047025909232715
-0.004657631805879
-0.0046131975251375
-0.0045692817846926
-0.0045258783791683
-0.0044829811927372
-0.0044405841977161
-0.0043986814531877
-0.0043572671036473
-0.0043163353776736
-0.0042758805866245
-0.0042358971233559
-0.0041963794609631
-0.0041573221515458
-0.0041187198249952
-0.0040805671878023
-0.004042859021888
-0.004005590183454
-0.0039687556018543
-0.003932350278487
-0.0038963692857049
-0.0038608077657466
-0.0038256609296863
-0.0037909240564014
-0.0037565924915594
-0.0037226616466221
-0.003689126997867
-0.0036559840854274
-0.0036232285123473
-0.0035908559436541
-0.0035588621054483
-0.0035272427840063
-0.003495993824903
-0.0034651111321453
-0.0034345906673245
-0.0034044284487808
-0.0033746205507829
-0.0033451631027234
-0.0033160522883266
-0.003287284344869
-0.0032588555624163
-0.0032307622830708
-0.0032030009002333
-0.003175567857877
-0.0031484596498341
-0.0031216728190948
-0.0030952039571183
-0.0030690497031549
-0.003043206743581
-0.0030176718112448
-0.0029924416848224
-0.0029675131881863
-0.0029428831897837
-0.0029185486020264
-0.0028945063806896
-0.0028707535243222
-0.0028472870736663
-0.002824104111088
-0.0028012017600154
-0.0027785771843886
-0.0027562275881176
-0.00273415021455
-0.0027123423459477
-0.0026908013029715
-0.0026695244441762
-0.002648509165513
-0.0026277528998403
-0.0026072531164435
-0.0025870073205624
-0.0025670130529266
-0.0025472678892991
-0.0025277694400277
-0.002508515349603
-0.0024895032962254
-0.0024707309913785
-0.0024521961794093
-0.0024338966371165
-0.0024158301733462
-0.0023979946285923
-0.0023803878746057
-0.0023630078140098
-0.0023458523799215
-0.0023289195355802
-0.0023122072739814
-0.0022957136175184
-0.0022794366176284
-0.0022633743544458
-0.002247524936461
-0.002231886500185
-0.0022164572098202
-0.0022012352569357
-0.00218621886015
-0.0021714062648175
-0.0021567957427215
-0.0021423855917714
-0.002128174135707
-0.0021141597238058
-0.0021003407305969
-0.0020867155555789
-0.002073282622944
-0.0020600403813059
-0.002046987303432
-0.0020341218859821
-0.0020214426492504
-0.0020089481369122
-0.0019966369157757
-0.0019845075755374
-0.0019725587285426
-0.0019607890095503
-0.0019491970755012
-0.0019377816052918
-0.0019265412995505
-0.0019154748804196
-0.0019045810913403
-0.0018938586968423
-0.0018833064823358
-0.0018729232539104
-0.0018627078381348
-0.0018526590818609
-0.0018427758520336
-0.0018330570355017
-0.0018235015388342
-0.0018141082881387
-0.0018048762288848
-0.0017958043257302
-0.00178689156235
-0.0017781369412701
-0.0017695394837037
-0.0017610982293904
-0.0017528122364401
-0.0017446805811778
-0.0017367023579948
-0.0017288766792002
-0.0017212026748767
-0.00171367949274
-0.0017063062979991
-0.0016990822732233
-0.0016920066182088
-0.0016850785498494
-0.0016782973020112
-0.0016716621254081
-0.001665172287482
-0.0016588270722853
-0.0016526257803656
-0.0016465677286537
-0.0016406522503542
-0.0016348786948396
-0.0016292464275455
-0.0016237548298695
-0.0016184032990739
-0.0016131912481878
-0.0016081181059153
-0.001603183316544
-0.0015983863398568
-0.0015937266510471
-0.0015892037406345
-0.0015848171143849
-0.0015805662932322
-0.0015764508132027
-0.0015724702253414
-0.0015686240956423
-0.0015649120049783
-0.0015613335490371
-0.0015578883382559
-0.0015545759977612
-0.0015513961673099
-0.0015483485012315
-0.0015454326683759
-0.0015426483520595
-0.0015399952500165
-0.0015374730743519
-0.0015350815514954
-0.0015328204221592
-0.0015306894412977
-0.0015286883780687
-0.0015268170157971
-0.0015250751519422
-0.0015234625980648
-0.0015219791797985
-0.0015206247368219
-0.0015193991228344
-0.0015183022055331
-0.0015173338665913
-0.0015164940016417
-0.0015157825202585
-0.0015151993459445
-0.0015147444161185
-0.001514417682106
-0.0015142191091309
-0.0015141486763116
-0.0015142063766558
-0.0015143922170606
-0.0015147062183137
-0.0015151484150958
-0.001515718855987
-0.0015164176034735
-0.0015172447339578
-0.0015182003377712
-0.0015192845191859
-0.0015204973964337
-0.001521839101723
-0.0015233097812595
-0.0015249095952699
-0.0015266387180252
-0.0015284973378699
-0.0015304856572505
-0.0015326038927465
-0.0015348522751054
-0.0015372310492778
-0.0015397404744569
-0.0015423808241171
-0.0015451523860592
-0.0015480554624538
-0.001551090369889
-0.0015542574394205
-0.0015575570166231
-0.001560989461645
-0.0015645551492644
-0.001568254468949
-0.0015720878249157
-0.001576055636196
-0.0015801583367013
-0.0015843963752905
-0.0015887702158423
-0.0015932803373273
-0.001597927233884
-0.001602711414897
-0.0016076334050779
-0.0016126937445478
-0.0016178929889232
-0.0016232317094045
-0.0016287104928666
-0.001634329941952
-0.0016400906751665
-0.0016459933269786
-0.0016520385479202
-0.0016582270046903
-0.001664559380262
-0.0016710363739915
-0.0016776587017303
-0.0016844270959402
-0.0016913423058108
-0.0016984050973795
-0.0017056162536559
-0.0017129765747477
-0.0017204868779889
-0.0017281479980731
-0.0017359607871884
-0.0017439261151551
-0.0017520448695671
-0.0017603179559365
-0.0017687462978406
-0.0017773308370726
-0.0017860725337957
-0.0017949723666993
-0.0018040313331601
-0.0018132504494057
-0.0018226307506806
-0.0018321732914176
-0.0018418791454111
-0.0018517494059946
-0.0018617851862214
-0.0018719876190486
-0.0018823578575257
-0.0018928970749862
-0.0019036064652421
-0.0019144872427851
-0.0019255406429864
-0.0019367679223067
-0.0019481703585049
-0.0019597492508534
-0.0019715059203575
-0.0019834417099768
-0.0019955579848538
-0.0020078561325435
-0.0020203375632502
-0.0020330037100665
-0.0020458560292172
-0.0020588960003087
-0.0020721251265813
-0.0020855449351675
-0.0020991569773538
-0.002112962828848
-0.002126964090051
-0.0021411623863332
-0.002155559368317
-0.002170156712162
-0.0021849561198576
-0.00219995931952
-0.0022151680656936
-0.0022305841396589
-0.0022462093497454
-0.0022620455316495
-0.0022780945487585
-0.0022943582924804
-0.002310838682579
-0.002327537667515
-0.0023444572247934
-0.002361599361316
-0.0023789661137415
-0.0023965595488502
-0.0024143817639162
-0.0024324348870857
-0.0024507210777617
-0.0024692425269953
-0.0024880014578848
-0.002507000125979
-0.0025262408196913
-0.0025457258607177
-0.0025654576044632
-0.0025854384404767
-0.0026056707928905
-0.0026261571208708
-0.0026468999190733
-0.0026679017181079
-0.0026891650850112
-0.0027106926237274
-0.0027324869755963
-0.0027545508198518
-0.0027768868741264
-0.002799497894967
-0.0028223866783577
-0.0028455560602523
-0.0028690089171164
-0.0028927481664776
-0.0029167767674873
-0.0029410977214899
-0.002965714072603
-0.0029906289083081
-0.0030158453600505
-0.0030413666038501
-0.0030671958609229
-0.0030933363983134
-0.0031197915295369
-0.0031465646152346
-0.0031736590638393
-0.0032010783322519
-0.0032288259265313
-0.0032569054025952
-0.0032853203669339
-0.0033140744773352
-0.0033431714436241
-0.0033726150284148
-0.0034024090478713
-0.0034325573724921
-0.0034630639278974
-0.0034939326956363
-0.0035251677140071
-0.0035567730788911
-0.0035887529446028
-0.0036211115247536
-0.0036538530931316
-0.0036869819845971
-0.0037205025959939
-0.0037544193870765
-0.0037887368814548
-0.0038234596675534
-0.0038585923995922
-0.0038941397985804
-0.0039301066533301
-0.003966497821489
-0.0040033182305897
-0.0040405728791206
-0.0040782668376126
-0.0041164052497495
-0.004154993333495
-0.004194036382243
-0.0042335397659871
-0.0042735089325114
-0.0043139494086041
-0.0043548668012941
-0.0043962667991063
-0.0044381551733455
-0.004480537779399
-0.0045234205580671
-0.0045668095369151
-0.004610710831653
-0.0046551306475385
-0.0047000752808078
-0.0047455511201321
-0.0047915646481023
-0.0048381224427395
-0.0048852311790367
-0.0049328976305269
-0.0049811286708813
-0.0050299312755402
-0.00507931252337
-0.0051292795983563
-0.0051798397913258
-0.005231000501703
-0.0052827692392993
-0.0053351536261371
-0.0053881613983082
-0.0054418004078679
-0.0054960786247664
-0.0055510041388161
-0.0056065851616985
-0.0056628300290085
-0.0057197472023393
-0.0057773452714081
-0.005835632956222
-0.0058946191092882
-0.0059543127178652
-0.0060147229062607
-0.0060758589381727
-0.0061377302190786
-0.0062003462986697
-0.0062637168733357
-0.0063278517886976
-0.0063927610421917
-0.0064584547857052
-0.0065249433282635
-0.0065922371387737
-0.0066603468488208
-0.006729283255523
-0.0067990573244423
-0.0068696801925562
-0.0069411631712879
-0.0070135177496006
-0.0070867555971534
-0.0071608885675229
-0.0072359287014891
-0.0073118882303926
-0.0073887795795576
-0.007466615371788
-0.0075454084309356
-0.0076251717855421
-0.0077059186725584
-0.00778766254114
-0.0078704170565248
-0.0079541961039897
-0.0080390137928925
-0.0081248844607997
-0.0082118226777001
-0.0082998432503107
-0.0083889612264725
-0.0084791918996409
-0.0085705508134742
-0.0086630537665188
-0.0087567168169965
-0.0088515562876954
-0.0089475887709688
-0.0090448311338389
-0.0091433005232172
-0.0092430143712353
-0.0093439904006954
-0.0094462466306395
-0.0095498013820424
-0.0096546732836316
-0.0097608812778358
-0.0098684446268664
-0.0099773829189351
-0.010087716074612
-0.010199464353327
-0.010312648360014
-0.010427289051914
-0.010543407745525
-0.010661026123712
-0.010780166242987
-0.010900850540942
-0.011023101843872
-0.011146943374552
-0.011272398760215
-0.011399492040702
-0.011528247676806
-0.011658690558817
-0.011790846015256
-0.011924739821824
-0.012060398210561
-0.01219784787922
-0.012337116000863
-0.012478230233692
-0.012621218731109
-0.012766110152023
-0.012912933671398
-0.013061718991071
-0.013212496350811
-0.013365296539672
-0.013520150907603
-0.013677091377354
-0.013836150456676
-0.013997361250814
-0.01416075747532
-0.014326373469175
-0.014494244208251
-0.014664405319098
-0.014836893093087
-0.015011744500905
-0.015188997207422
-0.015368689586931
-0.015550860738785
-0.015735550503423
-0.015922799478823
-0.016112649037368
-0.016305141343156
-0.01650031936976
-0.016698226918447
-0.016898908636883
-0.017102410038325
-0.017308777521322
-0.017518058389938
-0.017730300874516
-0.017945554152997
-0.018163868372812
-0.018385294673362
-0.018609885209107
-0.018837693173292
-0.019068772822304
-0.019303179500713
-0.019540969666993
-0.01978220091996
-0.020026932025935
-0.020275222946678
-0.020527134868091
-0.020782730229736
-0.021042072755188
-0.021305227483239
-0.021572260800004
-0.021843240471937
-0.022118235679799
-0.022397317053607
-0.022680556708596
-0.022968028282228
-0.023259806972288
-0.023555969576093
-0.023856594530866
-0.024161761955305
-0.024471553692391
-0.024786053353479
-0.025105346363715
-0.025429520008829
-0.025758663483346
-0.026092867940271
-0.026432226542299
-0.026776834514603
-0.027126789199254
-0.027482190111345
-0.027843138996858
-0.028209739892365
-0.028582099186602
-0.028960325684015
-0.029344530670317
-0.02973482798017
-0.030131334067031
-0.03053416807528
-0.030943451914692
-0.031359310337351
-0.031781871017101
-0.032211264631635
-0.032647624947306
-0.033091088906799
-0.033541796719739
-0.033999891956382
-0.034465521644491
-0.034938836369538
-0.035419990378356
-0.035909141686385
-0.036406452188656
-0.036912087774673
-0.037426218447344
-0.037949018446139
-0.038480666374632
-0.039021345332648
-0.039571243053164
-0.040130552044208
-0.040699469735936
-0.041278198633141
-0.041866946473401
-0.042465926391138
-0.043075357087829
-0.043695463008653
-0.04432647452586
-0.044968628129157
-0.045622166623435
-0.046287339334178
-0.046964402320887
-0.047653618598914
-0.048355258370079
-0.049069599262493
-0.049796926580021
-0.050537533561837
-0.051291721652575
-0.052059800783557
-0.052842089665678
-0.053638916094486
-0.054450617268084
-0.055277540118488
-0.056120041657115
-0.056978489335127
-0.057853261419384
-0.058744747384819
-0.059653348324091
-0.060579477375414
-0.06152356016954
-0.062486035296913
-0.063467354796081
-0.064467984664528
-0.065488405393156
-0.06652911252573
-0.067590617244681
-0.068673446984764
-0.069778146076148
-0.070905276418648
-0.072055418188899
-0.073229170582414
-0.074427152592603
-0.07565000382895
-0.076898385376743
-0.078172980700894
-0.079474496596557
-0.08080366418951
-0.082161239989415
-0.083548006999353
-0.084964775885262
-0.086412386209206
-0.087891707730695
-0.0894036417806
-0.090949122712596
-0.092529119437434
-0.094144637045792
-0.095796718525939
-0.097486446582945
-0.099214945566752
-0.10098338351707
-0.10279297433372
-0.10464498008187
-0.10654071344233
-0.1084815403182
-0.11046888261001
-0.11250422117275
-0.11458909896941
-0.11672512443707
-0.11891397508327
-0.12115740133182
-0.1234572306397
-0.12581537190838
-0.12823382021565
-0.13071466189687
-0.13326008000737
-0.13587236020169
-0.13855389706899
-0.14130720096862
-0.14413490541506
-0.14703977506721
-0.15002471438366
-0.15309277701337
-0.15624717599993
-0.15949129488762
-0.16282869982928
-0.16626315280961
-0.16979862611303
-0.17343931818383
-0.17718967104779
-0.18105438948949
-0.18503846220952
-0.18914718522092
-0.19338618778612
-0.19776146124568
-0.2022793911502
-0.2069467931794
-0.21177095342015
-0.21675967368267
-0.2219213226657
-0.22726489394407
-0.23280007195415
-0.23853730740582
-0.24448790386852
-0.25066411768408
-0.25707927387859
-0.26374790141558
-0.27068589200605
-0.27791068783843
-0.28544150511289
-0.29329960230055
-0.30150860479841
-0.31009490140067
-0.31908813316754
-0.32852180243954
-0.33843403979024
-0.34886858091175
-0.3598760256776
-0.37151548073996
-0.38385672919729
-0.39698313243396
-0.41099555972284
-0.42601777505863
-0.44220390997203
-0.45974894941223
-0.47890360678548
-0.49999564330499
