  -1.3433991e+00
  -1.0235740e+00
  -9.3800795e-01
  -8.6875419e-01
  -8.0443572e-01
  -7.4561570e-01
  -6.9269809e-01
  -6.4546189e-01
  -6.0338908e-01
  -5.6587954e-01
  -5.3235117e-01
  -5.0227872e-01
  -4.7520393e-01
  -4.5073340e-01
  -4.2853182e-01
  -4.0831408e-01
  -3.8983762e-01
  -3.7289562e-01
  -3.5731125e-01
  -3.4293273e-01
  -3.2962932e-01
  -3.1728793e-01
  -3.0581036e-01
  -2.9511101e-01
  -2.8511498e-01
  -2.7575650e-01
  -2.6697757e-01
  -2.5872692e-01
  -2.5095906e-01
  -2.4363348e-01
  -2.3671404e-01
  -2.3016835e-01
  -2.2396736e-01
  -2.1808491e-01
  -2.1249738e-01
  -2.0718342e-01
  -2.0212366e-01
  -1.9730051e-01
  -1.9269794e-01
  -1.8830132e-01
  -1.8409730e-01
  -1.8007361e-01
  -1.7621903e-01
  -1.7252322e-01
  -1.6897667e-01
  -1.6557060e-01
  -1.6229691e-01
  -1.5914810e-01
  -1.5611724e-01
  -1.5319787e-01
  -1.5038400e-01
  -1.4767009e-01
  -1.4505093e-01
  -1.4252169e-01
  -1.4007786e-01
  -1.3771523e-01
  -1.3542985e-01
  -1.3321802e-01
  -1.3107627e-01
  -1.2900136e-01
  -1.2699022e-01
  -1.2504000e-01
  -1.2314797e-01
  -1.2131160e-01
  -1.1952849e-01
  -1.1779637e-01
  -1.1611310e-01
  -1.1447665e-01
  -1.1288512e-01
  -1.1133670e-01
  -1.0982967e-01
  -1.0836240e-01
  -1.0693335e-01
  -1.0554107e-01
  -1.0418415e-01
  -1.0286129e-01
  -1.0157121e-01
  -1.0031273e-01
  -9.9084711e-02
  -9.7886063e-02
  -9.6715754e-02
  -9.5572798e-02
  -9.4456253e-02
  -9.3365221e-02
  -9.2298844e-02
  -9.1256299e-02
  -9.0236804e-02
  -8.9239606e-02
  -8.8263987e-02
  -8.7309259e-02
  -8.6374762e-02
  -8.5459864e-02
  -8.4563959e-02
  -8.3686466e-02
  -8.2826826e-02
  -8.1984503e-02
  -8.1158982e-02
  -8.0349770e-02
  -7.9556390e-02
  -7.8778386e-02
  -7.8015317e-02
  -7.7266759e-02
  -7.6532307e-02
  -7.5811566e-02
  -7.5104159e-02
  -7.4409721e-02
  -7.3727902e-02
  -7.3058361e-02
  -7.2400774e-02
  -7.1754823e-02
  -7.1120205e-02
  -7.0496626e-02
  -6.9883802e-02
  -6.9281459e-02
  -6.8689331e-02
  -6.8107162e-02
  -6.7534705e-02
  -6.6971720e-02
  -6.6417975e-02
  -6.5873246e-02
  -6.5337315e-02
  -6.4809972e-02
  -6.4291014e-02
  -6.3780243e-02
  -6.3277467e-02
  -6.2782503e-02
  -6.2295169e-02
  -6.1815292e-02
  -6.1342703e-02
  -6.0877238e-02
  -6.0418737e-02
  -5.9967047e-02
  -5.9522018e-02
  -5.9083503e-02
  -5.8651363e-02
  -5.8225458e-02
  -5.7805657e-02
  -5.7391829e-02
  -5.6983849e-02
  -5.6581594e-02
  -5.6184944e-02
  -5.5793785e-02
  -5.5408003e-02
  -5.5027489e-02
  -5.4652136e-02
  -5.4281840e-02
  -5.3916500e-02
  -5.3556019e-02
  -5.3200299e-02
  -5.2849248e-02
  -5.2502774e-02
  -5.2160790e-02
  -5.1823209e-02
  -5.1489946e-02
  -5.1160921e-02
  -5.0836052e-02
  -5.0515262e-02
  -5.0198475e-02
  -4.9885616e-02
  -4.9576614e-02
  -4.9271398e-02
  -4.8969899e-02
  -4.8672049e-02
  -4.8377783e-02
  -4.8087038e-02
  -4.7799750e-02
  -4.7515859e-02
  -4.7235304e-02
  -4.6958028e-02
  -4.6683974e-02
  -4.6413085e-02
  -4.6145308e-02
  -4.5880590e-02
  -4.5618879e-02
  -4.5360123e-02
  -4.5104274e-02
  -4.4851283e-02
  -4.4601101e-02
  -4.4353684e-02
  -4.4108986e-02
  -4.3866961e-02
  -4.3627567e-02
  -4.3390762e-02
  -4.3156503e-02
  -4.2924750e-02
  -4.2695463e-02
  -4.2468602e-02
  -4.2244131e-02
  -4.2022011e-02
  -4.1802206e-02
  -4.1584680e-02
  -4.1369397e-02
  -4.1156324e-02
  -4.0945427e-02
  -4.0736671e-02
  -4.0530027e-02
  -4.0325460e-02
  -4.0122941e-02
  -3.9922439e-02
  -3.9723923e-02
  -3.9527365e-02
  -3.9332737e-02
  -3.9140009e-02
  -3.8949154e-02
  -3.8760145e-02
  -3.8572955e-02
  -3.8387559e-02
  -3.8203931e-02
  -3.8022046e-02
  -3.7841878e-02
  -3.7663405e-02
  -3.7486602e-02
  -3.7311445e-02
  -3.7137913e-02
  -3.6965983e-02
  -3.6795632e-02
  -3.6626839e-02
  -3.6459583e-02
  -3.6293844e-02
  -3.6129599e-02
  -3.5966831e-02
  -3.5805518e-02
  -3.5645641e-02
  -3.5487181e-02
  -3.5330120e-02
  -3.5174440e-02
  -3.5020121e-02
  -3.4867147e-02
  -3.4715499e-02
  -3.4565162e-02
  -3.4416117e-02
  -3.4268349e-02
  -3.4121840e-02
  -3.3976576e-02
  -3.3832540e-02
  -3.3689717e-02
  -3.3548092e-02
  -3.3407649e-02
  -3.3268374e-02
  -3.3130252e-02
  -3.2993270e-02
  -3.2857413e-02
  -3.2722668e-02
  -3.2589020e-02
  -3.2456457e-02
  -3.2324965e-02
  -3.2194532e-02
  -3.2065145e-02
  -3.1936791e-02
  -3.1809458e-02
  -3.1683134e-02
  -3.1557807e-02
  -3.1433465e-02
  -3.1310097e-02
  -3.1187691e-02
  -3.1066236e-02
  -3.0945722e-02
  -3.0826137e-02
  -3.0707470e-02
  -3.0589712e-02
  -3.0472851e-02
  -3.0356878e-02
  -3.0241782e-02
  -3.0127554e-02
  -3.0014184e-02
  -2.9901662e-02
  -2.9789978e-02
  -2.9679124e-02
  -2.9569090e-02
  -2.9459868e-02
  -2.9351447e-02
  -2.9243820e-02
  -2.9136978e-02
  -2.9030912e-02
  -2.8925614e-02
  -2.8821076e-02
  -2.8717289e-02
  -2.8614245e-02
  -2.8511937e-02
  -2.8410356e-02
  -2.8309495e-02
  -2.8209346e-02
  -2.8109902e-02
  -2.8011156e-02
  -2.7913099e-02
  -2.7815725e-02
  -2.7719027e-02
  -2.7622998e-02
  -2.7527630e-02
  -2.7432918e-02
  -2.7338853e-02
  -2.7245431e-02
  -2.7152644e-02
  -2.7060485e-02
  -2.6968949e-02
  -2.6878029e-02
  -2.6787718e-02
  -2.6698012e-02
  -2.6608903e-02
  -2.6520386e-02
  -2.6432456e-02
  -2.6345105e-02
  -2.6258328e-02
  -2.6172121e-02
  -2.6086477e-02
  -2.6001390e-02
  -2.5916856e-02
  -2.5832869e-02
  -2.5749423e-02
  -2.5666514e-02
  -2.5584137e-02
  -2.5502285e-02
  -2.5420955e-02
  -2.5340141e-02
  -2.5259839e-02
  -2.5180043e-02
  -2.5100748e-02
  -2.5021951e-02
  -2.4943647e-02
  -2.4865830e-02
  -2.4788496e-02
  -2.4711641e-02
  -2.4635261e-02
  -2.4559350e-02
  -2.4483905e-02
  -2.4408922e-02
  -2.4334396e-02
  -2.4260323e-02
  -2.4186698e-02
  -2.4113519e-02
  -2.4040781e-02
  -2.3968479e-02
  -2.3896610e-02
  -2.3825171e-02
  -2.3754157e-02
  -2.3683564e-02
  -2.3613389e-02
  -2.3543628e-02
  -2.3474277e-02
  -2.3405333e-02
  -2.3336793e-02
  -2.3268652e-02
  -2.3200907e-02
  -2.3133555e-02
  -2.3066593e-02
  -2.3000017e-02
  -2.2933823e-02
  -2.2868008e-02
  -2.2802570e-02
  -2.2737505e-02
  -2.2672810e-02
  -2.2608481e-02
  -2.2544516e-02
  -2.2480911e-02
  -2.2417664e-02
  -2.2354771e-02
  -2.2292229e-02
  -2.2230036e-02
  -2.2168189e-02
  -2.2106685e-02
  -2.2045520e-02
  -2.1984693e-02
  -2.1924199e-02
  -2.1864038e-02
  -2.1804205e-02
  -2.1744699e-02
  -2.1685516e-02
  -2.1626654e-02
  -2.1568110e-02
  -2.1509882e-02
  -2.1451967e-02
  -2.1394363e-02
  -2.1337067e-02
  -2.1280076e-02
  -2.1223389e-02
  -2.1167003e-02
  -2.1110916e-02
  -2.1055124e-02
  -2.0999626e-02
  -2.0944420e-02
  -2.0889503e-02
  -2.0834873e-02
  -2.0780527e-02
  -2.0726464e-02
  -2.0672681e-02
  -2.0619177e-02
  -2.0565948e-02
  -2.0512993e-02
  -2.0460310e-02
  -2.0407896e-02
  -2.0355750e-02
  -2.0303870e-02
  -2.0252253e-02
  -2.0200897e-02
  -2.0149801e-02
  -2.0098963e-02
  -2.0048380e-02
  -1.9998051e-02
  -1.9947974e-02
  -1.9898147e-02
  -1.9848567e-02
  -1.9799234e-02
  -1.9750145e-02
  -1.9701299e-02
  -1.9652694e-02
  -1.9604328e-02
  -1.9556199e-02
  -1.9508305e-02
  -1.9460645e-02
  -1.9413217e-02
  -1.9366020e-02
  -1.9319051e-02
  -1.9272310e-02
  -1.9225794e-02
  -1.9179501e-02
  -1.9133431e-02
  -1.9087582e-02
  -1.9041951e-02
  -1.8996538e-02
  -1.8951341e-02
  -1.8906358e-02
  -1.8861588e-02
  -1.8817029e-02
  -1.8772680e-02
  -1.8728540e-02
  -1.8684606e-02
  -1.8640878e-02
  -1.8597354e-02
  -1.8554032e-02
  -1.8510912e-02
  -1.8467991e-02
  -1.8425269e-02
  -1.8382744e-02
  -1.8340415e-02
  -1.8298280e-02
  -1.8256337e-02
  -1.8214587e-02
  -1.8173027e-02
  -1.8131656e-02
  -1.8090473e-02
  -1.8049476e-02
  -1.8008664e-02
  -1.7968037e-02
  -1.7927592e-02
  -1.7887329e-02
  -1.7847246e-02
  -1.7807342e-02
  -1.7767616e-02
  -1.7728067e-02
  -1.7688693e-02
  -1.7649493e-02
  -1.7610467e-02
  -1.7571613e-02
  -1.7532930e-02
  -1.7494417e-02
  -1.7456072e-02
  -1.7417895e-02
  -1.7379884e-02
  -1.7342039e-02
  -1.7304358e-02
  -1.7266841e-02
  -1.7229486e-02
  -1.7192291e-02
  -1.7155257e-02
  -1.7118382e-02
  -1.7081665e-02
  -1.7045105e-02
  -1.7008702e-02
  -1.6972453e-02
  -1.6936358e-02
  -1.6900416e-02
  -1.6864627e-02
  -1.6828989e-02
  -1.6793500e-02
  -1.6758161e-02
  -1.6722971e-02
  -1.6687928e-02
  -1.6653031e-02
  -1.6618280e-02
  -1.6583673e-02
  -1.6549210e-02
  -1.6514890e-02
  -1.6480712e-02
  -1.6446675e-02
  -1.6412778e-02
  -1.6379021e-02
  -1.6345402e-02
  -1.6311920e-02
  -1.6278576e-02
  -1.6245367e-02
  -1.6212293e-02
  -1.6179354e-02
  -1.6146548e-02
  -1.6113875e-02
  -1.6081334e-02
  -1.6048924e-02
  -1.6016644e-02
  -1.5984494e-02
  -1.5952472e-02
  -1.5920579e-02
  -1.5888812e-02
  -1.5857172e-02
  -1.5825658e-02
  -1.5794269e-02
  -1.5763004e-02
  -1.5731862e-02
  -1.5700843e-02
  -1.5669946e-02
  -1.5639170e-02
  -1.5608515e-02
  -1.5577980e-02
  -1.5547564e-02
  -1.5517266e-02
  -1.5487086e-02
  -1.5457023e-02
  -1.5427077e-02
  -1.5397246e-02
  -1.5367531e-02
  -1.5337930e-02
  -1.5308442e-02
  -1.5279068e-02
  -1.5249806e-02
  -1.5220656e-02
  -1.5191617e-02
  -1.5162689e-02
  -1.5133870e-02
  -1.5105161e-02
  -1.5076560e-02
  -1.5048068e-02
  -1.5019683e-02
  -1.4991405e-02
  -1.4963233e-02
  -1.4935166e-02
  -1.4907205e-02
  -1.4879348e-02
  -1.4851595e-02
  -1.4823945e-02
  -1.4796398e-02
  -1.4768953e-02
  -1.4741609e-02
  -1.4714367e-02
  -1.4687225e-02
  -1.4660183e-02
  -1.4633240e-02
  -1.4606396e-02
  -1.4579651e-02
  -1.4553003e-02
  -1.4526452e-02
  -1.4499998e-02
  -1.4473640e-02
  -1.4447377e-02
  -1.4421210e-02
  -1.4395137e-02
  -1.4369158e-02
  -1.4343273e-02
  -1.4317481e-02
  -1.4291781e-02
  -1.4266174e-02
  -1.4240658e-02
  -1.4215233e-02
  -1.4189899e-02
  -1.4164654e-02
  -1.4139500e-02
  -1.4114434e-02
  -1.4089457e-02
  -1.4064569e-02
  -1.4039768e-02
  -1.4015054e-02
  -1.3990427e-02
  -1.3965887e-02
  -1.3941432e-02
  -1.3917063e-02
  -1.3892779e-02
  -1.3868580e-02
  -1.3844464e-02
  -1.3820432e-02
  -1.3796484e-02
  -1.3772618e-02
  -1.3748835e-02
  -1.3725133e-02
  -1.3701513e-02
  -1.3677975e-02
  -1.3654517e-02
  -1.3631139e-02
  -1.3607841e-02
  -1.3584623e-02
  -1.3561483e-02
  -1.3538423e-02
  -1.3515440e-02
  -1.3492536e-02
  -1.3469708e-02
  -1.3446958e-02
  -1.3424285e-02
  -1.3401688e-02
  -1.3379167e-02
  -1.3356721e-02
  -1.3334351e-02
  -1.3312055e-02
  -1.3289834e-02
  -1.3267686e-02
  -1.3245613e-02
  -1.3223613e-02
  -1.3201685e-02
  -1.3179830e-02
  -1.3158048e-02
  -1.3136337e-02
  -1.3114698e-02
  -1.3093130e-02
  -1.3071632e-02
  -1.3050205e-02
  -1.3028849e-02
  -1.3007561e-02
  -1.2986344e-02
  -1.2965195e-02
  -1.2944115e-02
  -1.2923104e-02
  -1.2902161e-02
  -1.2881285e-02
  -1.2860477e-02
  -1.2839736e-02
  -1.2819062e-02
  -1.2798454e-02
  -1.2777912e-02
  -1.2757436e-02
  -1.2737026e-02
  -1.2716680e-02
  -1.2696400e-02
  -1.2676184e-02
  -1.2656032e-02
  -1.2635945e-02
  -1.2615921e-02
  -1.2595960e-02
  -1.2576062e-02
  -1.2556227e-02
  -1.2536455e-02
  -1.2516745e-02
  -1.2497096e-02
  -1.2477509e-02
  -1.2457984e-02
  -1.2438519e-02
  -1.2419115e-02
  -1.2399772e-02
  -1.2380488e-02
  -1.2361265e-02
  -1.2342101e-02
  -1.2322996e-02
  -1.2303950e-02
  -1.2284964e-02
  -1.2266035e-02
  -1.2247165e-02
  -1.2228353e-02
  -1.2209598e-02
  -1.2190901e-02
  -1.2172261e-02
  -1.2153678e-02
  -1.2135152e-02
  -1.2116682e-02
  -1.2098268e-02
  -1.2079910e-02
  -1.2061607e-02
  -1.2043360e-02
  -1.2025168e-02
  -1.2007031e-02
  -1.1988949e-02
  -1.1970920e-02
  -1.1952946e-02
  -1.1935026e-02
  -1.1917160e-02
  -1.1899346e-02
  -1.1881586e-02
  -1.1863879e-02
  -1.1846225e-02
  -1.1828623e-02
  -1.1811073e-02
  -1.1793575e-02
  -1.1776129e-02
  -1.1758735e-02
  -1.1741392e-02
  -1.1724100e-02
  -1.1706858e-02
  -1.1689668e-02
  -1.1672527e-02
  -1.1655437e-02
  -1.1638397e-02
  -1.1621407e-02
  -1.1604466e-02
  -1.1587574e-02
  -1.1570731e-02
  -1.1553938e-02
  -1.1537193e-02
  -1.1520496e-02
  -1.1503848e-02
  -1.1487248e-02
  -1.1470695e-02
  -1.1454190e-02
  -1.1437733e-02
  -1.1421323e-02
  -1.1404960e-02
  -1.1388643e-02
  -1.1372373e-02
  -1.1356150e-02
  -1.1339973e-02
  -1.1323842e-02
  -1.1307756e-02
  -1.1291716e-02
  -1.1275722e-02
  -1.1259773e-02
  -1.1243869e-02
  -1.1228010e-02
  -1.1212195e-02
  -1.1196425e-02
  -1.1180699e-02
  -1.1165018e-02
  -1.1149380e-02
  -1.1133786e-02
  -1.1118235e-02
  -1.1102728e-02
  -1.1087264e-02
  -1.1071843e-02
  -1.1056465e-02
  -1.1041130e-02
  -1.1025837e-02
  -1.1010586e-02
  -1.0995377e-02
  -1.0980211e-02
  -1.0965086e-02
  -1.0950002e-02
  -1.0934960e-02
  -1.0919960e-02
  -1.0905000e-02
  -1.0890082e-02
  -1.0875204e-02
  -1.0860367e-02
  -1.0845570e-02
  -1.0830813e-02
  -1.0816097e-02
  -1.0801420e-02
  -1.0786783e-02
  -1.0772186e-02
  -1.0757628e-02
  -1.0743110e-02
  -1.0728630e-02
  -1.0714190e-02
  -1.0699788e-02
  -1.0685425e-02
  -1.0671101e-02
  -1.0656815e-02
  -1.0642567e-02
  -1.0628357e-02
  -1.0614185e-02
  -1.0600051e-02
  -1.0585954e-02
  -1.0571895e-02
  -1.0557873e-02
  -1.0543888e-02
  -1.0529940e-02
  -1.0516029e-02
  -1.0502155e-02
  -1.0488317e-02
  -1.0474516e-02
  -1.0460750e-02
  -1.0447022e-02
  -1.0433329e-02
  -1.0419671e-02
  -1.0406050e-02
  -1.0392464e-02
  -1.0378914e-02
  -1.0365398e-02
  -1.0351918e-02
  -1.0338473e-02
  -1.0325063e-02
  -1.0311688e-02
  -1.0298347e-02
  -1.0285040e-02
  -1.0271768e-02
  -1.0258530e-02
  -1.0245327e-02
  -1.0232157e-02
  -1.0219021e-02
  -1.0205918e-02
  -1.0192850e-02
  -1.0179814e-02
  -1.0166812e-02
  -1.0153843e-02
  -1.0140907e-02
  -1.0128004e-02
  -1.0115134e-02
  -1.0102296e-02
  -1.0089491e-02
  -1.0076719e-02
  -1.0063978e-02
  -1.0051270e-02
  -1.0038594e-02
  -1.0025950e-02
  -1.0013338e-02
  -1.0000757e-02
  -9.9882078e-03
  -9.9756901e-03
  -9.9632037e-03
  -9.9507486e-03
  -9.9383245e-03
  -9.9259314e-03
  -9.9135692e-03
  -9.9012377e-03
  -9.8889369e-03
  -9.8766666e-03
  -9.8644266e-03
  -9.8522170e-03
  -9.8400376e-03
  -9.8278882e-03
  -9.8157688e-03
  -9.8036792e-03
  -9.7916193e-03
  -9.7795891e-03
  -9.7675884e-03
  -9.7556171e-03
  -9.7436751e-03
  -9.7317624e-03
  -9.7198786e-03
  -9.7080239e-03
  -9.6961981e-03
  -9.6844010e-03
  -9.6726326e-03
  -9.6608927e-03
  -9.6491813e-03
  -9.6374983e-03
  -9.6258435e-03
  -9.6142168e-03
  -9.6026182e-03
  -9.5910475e-03
  -9.5795047e-03
  -9.5679896e-03
  -9.5565022e-03
  -9.5450423e-03
  -9.5336099e-03
  -9.5222048e-03
  -9.5108269e-03
  -9.4994762e-03
  -9.4881526e-03
  -9.4768559e-03
  -9.4655861e-03
  -9.4543430e-03
  -9.4431267e-03
  -9.4319368e-03
  -9.4207735e-03
  -9.4096366e-03
  -9.3985259e-03
  -9.3874415e-03
  -9.3763831e-03
  -9.3653508e-03
  -9.3543444e-03
  -9.3433639e-03
  -9.3324091e-03
  -9.3214799e-03
  -9.3105763e-03
  -9.2996981e-03
  -9.2888454e-03
  -9.2780179e-03
  -9.2672157e-03
  -9.2564386e-03
  -9.2456865e-03
  -9.2349593e-03
  -9.2242570e-03
  -9.2135795e-03
  -9.2029267e-03
  -9.1922984e-03
  -9.1816947e-03
  -9.1711154e-03
  -9.1605605e-03
  -9.1500298e-03
  -9.1395233e-03
  -9.1290409e-03
  -9.1185825e-03
  -9.1081480e-03
  -9.0977374e-03
  -9.0873505e-03
  -9.0769873e-03
  -9.0666478e-03
  -9.0563317e-03
  -9.0460391e-03
  -9.0357699e-03
  -9.0255240e-03
  -9.0153012e-03
  -9.0051016e-03
  -8.9949250e-03
  -8.9847714e-03
  -8.9746407e-03
  -8.9645328e-03
  -8.9544476e-03
  -8.9443852e-03
  -8.9343452e-03
  -8.9243278e-03
  -8.9143329e-03
  -8.9043603e-03
  -8.8944099e-03
  -8.8844818e-03
  -8.8745758e-03
  -8.8646919e-03
  -8.8548300e-03
  -8.8449900e-03
  -8.8351718e-03
  -8.8253754e-03
  -8.8156006e-03
  -8.8058476e-03
  -8.7961160e-03
  -8.7864060e-03
  -8.7767173e-03
  -8.7670500e-03
  -8.7574040e-03
  -8.7477791e-03
  -8.7381754e-03
  -8.7285927e-03
  -8.7190311e-03
  -8.7094903e-03
  -8.6999704e-03
  -8.6904713e-03
  -8.6809929e-03
  -8.6715352e-03
  -8.6620980e-03
  -8.6526814e-03
  -8.6432852e-03
  -8.6339094e-03
  -8.6245539e-03
  -8.6152186e-03
  -8.6059036e-03
  -8.5966086e-03
  -8.5873337e-03
  -8.5780788e-03
  -8.5688438e-03
  -8.5596287e-03
  -8.5504334e-03
  -8.5412578e-03
  -8.5321018e-03
  -8.5229655e-03
  -8.5138487e-03
  -8.5047514e-03
  -8.4956735e-03
  -8.4866150e-03
  -8.4775757e-03
  -8.4685557e-03
  -8.4595549e-03
  -8.4505731e-03
  -8.4416105e-03
  -8.4326668e-03
  -8.4237420e-03
  -8.4148361e-03
  -8.4059490e-03
  -8.3970807e-03
  -8.3882310e-03
  -8.3794000e-03
  -8.3705875e-03
  -8.3617936e-03
  -8.3530181e-03
  -8.3442610e-03
  -8.3355223e-03
  -8.3268018e-03
  -8.3180995e-03
  -8.3094155e-03
  -8.3007495e-03
  -8.2921016e-03
  -8.2834717e-03
  -8.2748597e-03
  -8.2662656e-03
  -8.2576893e-03
  -8.2491308e-03
  -8.2405901e-03
  -8.2320670e-03
  -8.2235615e-03
  -8.2150735e-03
  -8.2066031e-03
  -8.1981501e-03
  -8.1897145e-03
  -8.1812962e-03
  -8.1728953e-03
  -8.1645115e-03
  -8.1561449e-03
  -8.1477955e-03
  -8.1394631e-03
  -8.1311478e-03
  -8.1228494e-03
  -8.1145680e-03
  -8.1063034e-03
  -8.0980556e-03
  -8.0898246e-03
  -8.0816103e-03
  -8.0734127e-03
  -8.0652316e-03
  -8.0570672e-03
  -8.0489192e-03
  -8.0407877e-03
  -8.0326726e-03
  -8.0245739e-03
  -8.0164915e-03
  -8.0084253e-03
  -8.0003754e-03
  -7.9923416e-03
  -7.9843240e-03
  -7.9763224e-03
  -7.9683368e-03
  -7.9603672e-03
