-0.50000614837502
-0.45243140841328
-0.40947351334172
-0.37067511390223
-0.33562519749257
-0.30395426749994
-0.27533004167307
-0.2494536108475
-0.22605600647885
-0.20489513161222
-0.18575301527293
-0.16843335492739
-0.15275931573482
-0.13857155887611
-0.12572647437374
-0.11409459656866
-0.10355918284346
-0.094014938320684
-0.085366871156333
-0.077529264721961
-0.070424754452451
-0.063983498452269
-0.058142432121771
-0.05284459810389
-0.048038543775677
-0.043677779331866
-0.039720290240631
-0.036128098505041
-0.032866867746608
-0.029905547647396
-0.027216053751665
-0.024772979042871
-0.022553334082744
-0.020536312830609
-0.018703081557801
-0.017036588537302
-0.015521392426322
-0.014143507472238
-0.012890263862816
-0.011750181712394
-0.01071285732867
-0.0097688605419838
-0.0089096420019525
-0.0081274494567348
-0.0074152521292236
-0.0067666723933354
-0.0061759240333999
-0.0056377564413054
-0.0051474041704261
-0.0047005413232053
-0.0042932403012337
-0.0039219344933905
-0.0035833845196221
-0.0032746476857043
-0.0029930503383191
-0.0027361628403498
-0.0025017769138045
-0.002287885122548
-0.002092662289311
-0.0019144486615267
-0.0017517346586155
-0.0016031470496449
-0.0014674364249454
-0.0013434658385148
-0.0012302005099407
-0.0011266984853521
-0.0010321021665646
-0.000945630626368
-0.00086657263575991
-0.00079428033606933
-0.00072816349531864
-0.00066768429398426
-0.00061235259054071
-0.00056172162190436
-0.0005153840981603
-0.00047296865481029
-0.00043413662926831
-0.00039857913147246
-0.00036601438133193
-0.00033618528829972
-0.00030885725068647
-0.00028381615443337
-0.00026086655296859
-0.00023983001148742
-0.00022054360055899
-0.00020285852536757
-0.00018663887817466
-0.00017176050274135
-0.00015810996049876
-0.00014558358919773
-0.00013408664562837
-0.0001235325247807
-0.00011384204851263
-0.00010494281744295
-9.6768620350628e-05
-8.9258895898525e-05
-8.2358241967295e-05
-7.6015968318905e-05
-7.0185688704515e-05
-6.4824948874566e-05
-5.9894887285813e-05
-5.5359925580055e-05
-5.1187486181091e-05
-4.7347734594717e-05
-4.3813344214529e-05
-4.055928163736e-05
-3.7562610668703e-05
-3.4802313365964e-05
-3.2259126613057e-05
-2.9915392856456e-05
-2.775492375604e-05
-2.5762875613911e-05
-2.3925635548246e-05
-2.2230717468402e-05
-2.0666666996279e-05
-1.9222974548237e-05
-1.788999586813e-05
-1.6658879361757e-05
-1.5521499643596e-05
-1.447039674491e-05
-1.3498720510229e-05
-1.2600179718133e-05
-1.1768995523881e-05
-1.0999858850887e-05
-1.0287891388097e-05
-9.6286098849547e-06
-9.0178934608296e-06
-8.4519536684184e-06
-7.927307075589e-06
-7.4407501523422e-06
-6.9893362625555e-06
-6.5703545839168e-06
-6.1813107898474e-06
-5.8199093442191e-06
-5.4840372732198e-06
-5.171749285805e-06
-4.8812541330202e-06
-4.61090209714e-06
-4.3591735177252e-06
-4.1246682678193e-06
-3.9060960973658e-06
-3.7022677738011e-06
-3.5120869520338e-06
-3.3345427117467e-06
-3.1687027079585e-06
-3.0137068819885e-06
-2.8687616874148e-06
-2.7331347860454e-06
-2.6061501784912e-06
-2.4871837297105e-06
-2.3756590572283e-06
-2.2710437551576e-06
-2.1728459219976e-06
-2.0806109696145e-06
-1.9939186909764e-06
-1.9123805616511e-06
-1.8356372616143e-06
-1.7633563925432e-06
-1.6952303806732e-06
-1.6309745467068e-06
-1.5703253280995e-06
-1.5130386467138e-06
-1.4588884031139e-06
-1.4076650915178e-06
-1.3591745251352e-06
-1.3132366613338e-06
-1.2696845207802e-06
-1.228363190491e-06
-1.1891289065615e-06
-1.1518482078681e-06
-1.116397156926e-06
-1.082660620816e-06
-1.0505316096706e-06
-1.0199106643777e-06
-9.9070529463705e-07
-9.6282945851777e-07
-9.3620308252223e-07
-9.1075162093313e-07
-8.8640564568597e-07
-8.6310046961068e-07
-8.4077579909699e-07
-8.1937541267238e-07
-7.9884686350542e-07
-7.7914120575176e-07
-7.6021274095433e-07
-7.4201878374024e-07
-7.2451944563308e-07
-7.076774343117e-07
-6.9145786922788e-07
-6.7582810983541e-07
-6.6075759763995e-07
-6.4621770903262e-07
-6.3218162009678e-07
-6.1862418089966e-07
-6.0552179904649e-07
-5.9285233170904e-07
-5.805949865305e-07
-5.6873022854331e-07
-5.5723969421565e-07
-5.4610611346852e-07
-5.3531323286092e-07
-5.2484575040862e-07
-5.1468925089309e-07
-5.0483014664037e-07
-4.9525562304162e-07
-4.8595358812574e-07
-4.7691262473265e-07
-4.6812194768371e-07
-4.5957136199657e-07
-4.5125122544096e-07
-4.4315241347389e-07
-4.3526628687225e-07
-4.2758465994598e-07
-4.2009977335253e-07
-4.1280426720103e-07
-4.0569115652284e-07
-3.9875380834587e-07
-3.9198592007269e-07
-3.8538150006041e-07
-3.7893484870152e-07
-3.7264054078785e-07
-3.6649341010133e-07
-3.6048853342143e-07
-3.5462121717106e-07
-3.4888698367214e-07
-3.4328155897927e-07
-3.3780086147946e-07
-3.3244099093443e-07
-3.2719821829728e-07
-3.2206897705751e-07
-3.1704985275406e-07
-3.1213757651984e-07
-3.0732901587164e-07
-3.0262116842474e-07
-2.9801115419588e-07
-2.9349620976386e-07
-2.8907368252133e-07
-2.8474102388788e-07
-2.8049578511079e-07
-2.7633561174364e-07
-2.7225823900804e-07
-2.6826148729242e-07
-2.6434325828874e-07
-2.6050153070435e-07
-2.5673435663531e-07
-2.5303985856444e-07
-2.4941622501387e-07
-2.4586170880836e-07
-2.4237462299678e-07
-2.3895333865479e-07
-2.355962819961e-07
-2.3230193246648e-07
-2.2906881951831e-07
-2.25895521296e-07
-2.2278066161993e-07
-2.1972290916718e-07
-2.1672097461215e-07
-2.1377360892658e-07
-2.1087960236778e-07
-2.0803778223844e-07
-2.0524701173766e-07
-2.0250618828858e-07
-1.9981424218947e-07
-1.9717013557234e-07
-1.9457286068342e-07
-1.9202143925672e-07
-1.8951492099921e-07
-1.8705238285011e-07
-1.8463292771489e-07
-1.8225568283584e-07
-1.7991980061069e-07
-1.776244563185e-07
-1.7536884754324e-07
-1.7315219358636e-07
-1.7097373455468e-07
-1.6883273022316e-07
-1.6672846115445e-07
-1.6466022516459e-07
-1.6262733901032e-07
-1.606291364612e-07
-1.5866496857275e-07
-1.567342025497e-07
-1.5483622137591e-07
-1.5297042366859e-07
-1.5113622244721e-07
-1.4933304537156e-07
-1.4756033371139e-07
-1.4581754226723e-07
-1.4410413908147e-07
-1.424196046076e-07
-1.4076343153919e-07
-1.3913512454032e-07
-1.3753419951922e-07
-1.359601841051e-07
-1.3441261638188e-07
-1.3289104492661e-07
-1.3139502856725e-07
-1.2992413611442e-07
-1.2847794601261e-07
-1.2705604609764e-07
-1.2565803334833e-07
-1.2428351333797e-07
-1.2293210048351e-07
-1.2160341758535e-07
-1.2029709539504e-07
-1.1901277278767e-07
-1.1775009621488e-07
-1.1650871971374e-07
-1.1528830462857e-07
-1.1408851933355e-07
-1.1290903909592e-07
-1.1174954619451e-07
-1.1060972925105e-07
-1.094892832853e-07
-1.0838790967571e-07
-1.0730531582654e-07
-1.0624121515312e-07
-1.0519532686482e-07
-1.0416737583438e-07
-1.0315709226183e-07
-1.021642118993e-07
-1.0118847565919e-07
-1.0022962978295e-07
-9.928742541237e-08
-9.8361618450713e-08
-9.7451969599088e-08
-9.655824442348e-08
-9.5680212868175e-08
-9.4817649441806e-08
-9.3970332731308e-08
-9.3138046085569e-08
-9.2320576591444e-08
-9.1517715479755e-08
-9.0729258010506e-08
-8.9955003389323e-08
-8.9194754540294e-08
-8.8448318170836e-08
-8.7715504474052e-08
-8.6996127425131e-08
-8.62900043889e-08
-8.5596956003054e-08
-8.4916806562873e-08
-8.4249383326487e-08
-8.3594516934593e-08
-8.2952041070201e-08
-8.232179256056e-08
-8.1703611317082e-08
-8.109733996808e-08
-8.0502823807595e-08
-7.9919912244714e-08
-7.9348455984405e-08
-7.8788309079012e-08
-7.8239328254708e-08
-7.7701372578757e-08
-7.7174304143236e-08
-7.6657987198115e-08
-7.6152288585204e-08
-7.5657077610237e-08
-7.5172225721078e-08
-7.4697606985907e-08
-7.4233097884541e-08
-7.3778576565475e-08
-7.3333923861602e-08
-7.2899022537292e-08
-7.2473757655888e-08
-7.2058016342439e-08
-7.165168769575e-08
-7.1254662710442e-08
-7.0866834641197e-08
-7.0488098450855e-08
-7.0118351202263e-08
-6.9757491525903e-08
-6.9405420180625e-08
-6.9062039730204e-08
-6.8727254356504e-08
-6.8400970000556e-08
-6.8083094398616e-08
-6.7773536974494e-08
-6.7472208826414e-08
-6.7179022655942e-08
-6.6893892714803e-08
-6.6616734863321e-08
-6.6347466479512e-08
-6.6086006723269e-08
-6.5832275935037e-08
-6.5586196136886e-08
-6.5347690573921e-08
-6.5116684130349e-08
-6.4893103220147e-08
-6.4676875293354e-08
-6.4467929284299e-08
-6.4266195805836e-08
-6.4071606280636e-08
-6.388409380298e-08
-6.3703592529591e-08
-6.3530038103413e-08
-6.3363367207831e-08
-6.3203517848418e-08
-6.3050429263397e-08
-6.2904041764357e-08
-6.2764297104138e-08
-6.2631137795901e-08
-6.2504507830212e-08
-6.2384352216679e-08
-6.2270617005294e-08
-6.2163249391577e-08
-6.2062197714023e-08
-6.1967411234836e-08
-6.1878840451567e-08
-6.1796436579614e-08
-6.172015227482e-08
-6.1649940963196e-08
-6.1585757015424e-08
-6.1527555824152e-08
-6.1475293810808e-08
-6.1428928442423e-08
-6.1388417835026e-08
-6.1353721264699e-08
-6.1324798968107e-08
-6.1301611861987e-08
-6.1284122069212e-08
-6.1272292204832e-08
-6.1266086093541e-08
-6.1265468143927e-08
-6.1270403964951e-08
-6.1280859817098e-08
-6.129680267633e-08
-6.1318200457318e-08
-6.1345022100923e-08
-6.1377236964203e-08
-6.1414815476435e-08
-6.1457728593838e-08
-6.1505948517017e-08
-6.1559447648914e-08
-6.1618199489392e-08
-6.1682178352687e-08
-6.1751359133278e-08
-6.1825717361676e-08
-6.1905229822394e-08
-6.1989873176263e-08
-6.2079625525933e-08
-6.2174465313191e-08
-6.2274371860294e-08
-6.2379325037371e-08
-6.2489305678278e-08
-6.2604295030657e-08
-6.2724274965652e-08
-6.2849228250727e-08
-6.2979138283516e-08
-6.3113988979892e-08
-6.325376506469e-08
-6.3398451758549e-08
-6.3548035006107e-08
-6.3702501358143e-08
-6.386183824623e-08
-6.4026033226318e-08
-6.4195074880021e-08
-6.4368952300396e-08
-6.4547655196231e-08
-6.4731173659409e-08
-6.4919498881491e-08
-6.5112622192236e-08
-6.5310535780803e-08
-6.5513232303935e-08
-6.5720704963203e-08
-6.5932947728477e-08
-6.6149955004527e-08
-6.6371721856996e-08
-6.6598243868024e-08
-6.6829517223476e-08
-6.7065538522481e-08
-6.7306305348074e-08
-6.7551815262476e-08
-6.7802066907387e-08
-6.8057059234145e-08
-6.8316791645033e-08
-6.8581264498517e-08
-6.8850478029961e-08
-6.9124433811733e-08
-6.9403133376459e-08
-6.968657904916e-08
-6.997477369245e-08
-7.0267720650233e-08
-7.0565423686058e-08
-7.0867887380658e-08
-7.117511670599e-08
-7.148711703261e-08
-7.1803894465084e-08
-7.2125455608625e-08
-7.2451807558325e-08
-7.2782957840912e-08
-7.3118914668807e-08
-7.3459686802305e-08
-7.3805283238362e-08
-7.4155713933203e-08
-7.4510988968406e-08
-7.4871119220249e-08
-7.5236115925703e-08
-7.5605990998322e-08
-7.5980756503559e-08
-7.6360425778809e-08
-7.6745011951507e-08
-7.7134528883341e-08
-7.7528991232947e-08
-7.7928413735982e-08
-7.8332812102172e-08
-7.874220215142e-08
-7.9156600502162e-08
-7.9576024446637e-08
-8.0000491298777e-08
-8.0430019224332e-08
-8.0864627109514e-08
-8.1304333804134e-08
-8.1749159399472e-08
-8.2199123763896e-08
-8.2654247867159e-08
-8.311455305805e-08
-8.3580061223513e-08
-8.4050794760862e-08
-8.4526776359281e-08
-8.5008029929914e-08
-8.5494579039994e-08
-8.5986448537721e-08
-8.6483663529256e-08
-8.6986249593497e-08
-8.7494232999921e-08
-8.8007640540473e-08
-8.8526499507343e-08
-8.9050837766356e-08
-8.9580683916879e-08
-9.011606674894e-08
-9.0657016012479e-08
-9.120356192227e-08
-9.175573494366e-08
-9.2313566735078e-08
-9.287708906648e-08
-9.3446334247917e-08
-9.4021335478173e-08
-9.4602126569119e-08
-9.5188741590191e-08
-9.5781215367538e-08
-9.6379583374559e-08
-9.6983881805815e-08
-9.7594147234656e-08
-9.8210416973844e-08
-9.8832728831575e-08
-9.9461121515194e-08
-1.0009563397256e-07
-1.0073630633751e-07
-1.0138317875698e-07
-1.0203629245571e-07
-1.0269568903463e-07
-1.0336141115225e-07
-1.0403350152344e-07
-1.0471200393529e-07
-1.0539696299449e-07
-1.0608842350942e-07
-1.0678643129823e-07
-1.07491032859e-07
-1.08202275254e-07
-1.089202062788e-07
-1.0964487463329e-07
-1.1037632932115e-07
-1.111146203628e-07
-1.1185979863122e-07
-1.1261191532912e-07
-1.1337102278571e-07
-1.1413717393742e-07
-1.1491042234979e-07
-1.1569082252124e-07
-1.1647842959897e-07
-1.1727329971338e-07
-1.1807548955456e-07
-1.1888505671319e-07
-1.1970205952083e-07
-1.2052655736724e-07
-1.2135860996519e-07
-1.2219827854563e-07
-1.2304562448253e-07
-1.2390071045499e-07
-1.2476359992018e-07
-1.2563435694267e-07
-1.2651304691915e-07
-1.2739973573684e-07
-1.2829449042265e-07
-1.291973787236e-07
-1.3010846952482e-07
-1.3102783252182e-07
-1.3195553834212e-07
-1.3289165850517e-07
-1.3383626567452e-07
-1.3478943339427e-07
-1.3575123626899e-07
-1.3672174956063e-07
-1.3770105012133e-07
-1.3868921514325e-07
-1.3968632389103e-07
-1.4069245566119e-07
-1.417076912327e-07
-1.4273211242945e-07
-1.437658022867e-07
-1.4480884455718e-07
-1.4586132478394e-07
-1.4692332904179e-07
-1.4799494484474e-07
-1.4907626071527e-07
-1.5016736673552e-07
-1.5126835373853e-07
-1.5237931405034e-07
-1.5350034096258e-07
-1.5463152952346e-07
-1.557729755808e-07
-1.5692477641752e-07
-1.5808703067013e-07
-1.5925983828426e-07
-1.6044330047099e-07
-1.6163752007865e-07
-1.6284260089924e-07
-1.6405864853847e-07
-1.6528576987599e-07
-1.6652407303901e-07
-1.6777366810523e-07
-1.6903466605031e-07
-1.703071799918e-07
-1.7159132408934e-07
-1.7288721426125e-07
-1.7419496796133e-07
-1.7551470430331e-07
-1.7684654408666e-07
-1.7819060960257e-07
-1.7954702504375e-07
-1.8091591608792e-07
-1.8229741029131e-07
-1.8369163693287e-07
-1.8509872736326e-07
-1.8651881409765e-07
-1.8795203214052e-07
-1.8939851831419e-07
-1.9085841095337e-07
-1.9233185075947e-07
-1.9381898014846e-07
-1.9531994369549e-07
-1.9683488799574e-07
-1.9836396171295e-07
-1.9990731567574e-07
-2.0146510279285e-07
-2.0303747825256e-07
-2.0462459950942e-07
-2.062266260615e-07
-2.0784371988026e-07
-2.0947604555629e-07
-2.1112376952204e-07
-2.1278706097424e-07
-2.144660921925e-07
-2.1616103618603e-07
-2.1787207031297e-07
-2.1959937401565e-07
-2.2134312913407e-07
-2.2310352058544e-07
-2.2488073580543e-07
-2.2667496522114e-07
-2.2848640208462e-07
-2.3031524246439e-07
-2.3216168561332e-07
-2.3402593366711e-07
-2.3590819199941e-07
-2.3780866926323e-07
-2.3972757688374e-07
-2.4166512999492e-07
-2.436215470737e-07
-2.4559704986743e-07
-2.4759186381982e-07
-2.4960621749372e-07
-2.5164034390973e-07
-2.5369447896397e-07
-2.5576886297095e-07
-2.5786373968797e-07
-2.5997935718585e-07
-2.6211596788972e-07
-2.6427382718001e-07
-2.6645319544231e-07
-2.6865433784169e-07
-2.7087752320364e-07
-2.7312302519475e-07
-2.753911220617e-07
-2.7768209685671e-07
-2.7999623731271e-07
-2.8233383631523e-07
-2.8469519159804e-07
-2.8708060622373e-07
-2.8949038839805e-07
-2.9192485204595e-07
-2.9438431630945e-07
-2.9686910637758e-07
-2.9937955311419e-07
-3.0191599307928e-07
-3.0447876959546e-07
-3.070682317586e-07
-3.0968473542068e-07
-3.1232864290449e-07
-3.150003232969e-07
-3.1770015265333e-07
-3.2042851439634e-07
-3.2318579903351e-07
-3.2597240472155e-07
-3.2878873732492e-07
-3.3163521080172e-07
-3.3451224724248e-07
-3.3742027705268e-07
-3.4035973924195e-07
-3.4333108210671e-07
-3.4633476279702e-07
-3.4937124792463e-07
-3.524410137543e-07
-3.5554454680581e-07
-3.5868234362628e-07
-3.6185491161992e-07
-3.6506276907588e-07
-3.6830644548073e-07
-3.7158648208312e-07
-3.7490343221847e-07
-3.7825786151612e-07
-3.8165034853714e-07
-3.8508148512332e-07
-3.8855187669301e-07
-3.9206214313652e-07
-3.956129186223e-07
-3.9920485300029e-07
-4.0283861107615e-07
-4.0651487461021e-07
-4.1023434191919e-07
-4.1399772910859e-07
-4.1780577000511e-07
-4.2165921747909e-07
-4.2555884394048e-07
-4.2950544194642e-07
-4.3349982538413e-07
-4.3754282966584e-07
-4.416353134459e-07
-4.4577815864689e-07
-4.4997227214756e-07
-4.5421858638906e-07
-4.5851806060332e-07
-4.6287168193278e-07
-4.6728046668656e-07
-4.7174546142955e-07
-4.7626774469711e-07
-4.8084842789041e-07
-4.8548865708696e-07
-4.9018961480535e-07
-4.9495252136629e-07
-4.9977863654056e-07
-5.046692622321e-07
-5.0962574335218e-07
-5.1464947068489e-07
-5.1974188306006e-07
-5.2490446954634e-07
-5.3013877204265e-07
-5.354463880617e-07
-5.4082897349173e-07
-5.4628824586937e-07
-5.5182598719659e-07
-5.5744404756184e-07
-5.6314434931792e-07
-5.6892889026092e-07
-5.7479974792539e-07
-5.8075908477848e-07
-5.8680915164655e-07
-5.9295229446489e-07
-5.9919095802964e-07
-6.0552769264787e-07
-6.1196516049978e-07
-6.1850614153403e-07
-6.2515354095927e-07
-6.3191039681759e-07
-6.3877988782198e-07
-6.4576534185529e-07
-6.5287024690864e-07
-6.6009825783659e-07
-6.674532093646e-07
-6.7493912716475e-07
-6.8256023911587e-07
-6.9032098936656e-07
-6.9822605225951e-07
-7.0628034686948e-07
-7.1448905338869e-07
-7.2285763109719e-07
-7.3139183619608e-07
-7.4009774263214e-07
-7.4898176313476e-07
-7.5805067256534e-07
-7.6731163327977e-07
-7.7677222122548e-07
-7.8644045607493e-07
-7.9632483089265e-07
-8.0643434670952e-07
-8.1677854807257e-07
-8.2736756189461e-07
-8.3821214014609e-07
-8.4932370440231e-07
-8.6071439423033e-07
-8.7239712046812e-07
-8.8438562146826e-07
-8.9669452427895e-07
-9.0933941056174e-07
-9.2233688790487e-07
-9.3570466684223e-07
-9.4946164357887e-07
-9.6362798959563e-07
-9.7822524921244e-07
-9.9327644373791e-07
-1.0088061839972e-06
-1.0248407941518e-06
-1.0414084426403e-06
-1.0585392860346e-06
-1.0762656231769e-06
-1.0946220629559e-06
-1.113645705034e-06
-1.1333763360229e-06
-1.1538566420042e-06
-1.1751324374363e-06
-1.1972529150408e-06
-1.2202709129942e-06
-1.2442432097526e-06
-1.2692308379966e-06
-1.2952994280429e-06
-1.3225195789048e-06
-1.3509672603889e-06
-1.3807242510618e-06
-1.4118786087796e-06
-1.444525185987e-06
-1.4787661853587e-06
-1.5147117628038e-06
-1.5524806848422e-06
-1.5922010367183e-06
-1.6340109961278e-06
-1.6780596698352e-06
-1.7245080028504e-06
-1.7735297663441e-06
-1.8253126295313e-06
-1.8800593246812e-06
-1.9379889122406e-06
-1.9993381557252e-06
-2.0643630151389e-06
-2.1333402709293e-06
-2.2065692882044e-06
-2.2843739364119e-06
-2.3671046735213e-06
-2.4551408151833e-06
-2.5488930015826e-06
-2.6488058812004e-06
-2.7553610294274e-06
-2.8690801251331e-06
-2.9905284074897e-06
-3.1203184368632e-06
-3.2591141906122e-06
-3.407635520536e-06
-3.5666630061778e-06
-3.7370432404714e-06
-3.9196945862606e-06
-4.1156134465597e-06
-4.3258810945786e-06
-4.5516711174584e-06
-4.7942575254472e-06
-5.0550235908939e-06
-5.3354714833456e-06
-5.6372327717256e-06
-5.9620798770344e-06
-6.311938555749e-06
-6.6889015245806e-06
-7.0952433107429e-06
-7.5334364581671e-06
-8.0061692069879e-06
-8.5163647880342e-06
-9.0672024766546e-06
-9.6621405749476e-06
-1.0304941501063e-05
-1.0999699179311e-05
-1.1750868951305e-05
-1.2563300241395e-05
-1.3442272235275e-05
-1.4393532856177e-05
-1.5423341349465e-05
-1.6538514813933e-05
-1.7746479056103e-05
-1.9055324174703e-05
-2.0473865323971e-05
-2.2011709148844e-05
-2.3679326430676e-05
-2.5488131535668e-05
-2.7450569316498e-05
-2.9580210177228e-05
-3.1891854087933e-05
-3.4401644400771e-05
-3.7127192418295e-05
-4.0087713740828e-05
-4.3304177534744e-05
-4.6799469966561e-05
-5.0598573173584e-05
-5.4728761280686e-05
-5.921981511107e-05
-6.410425741746e-05
-6.941761062686e-05
-7.5198679297528e-05
-8.1489859706477e-05
-8.8337479220267e-05
-9.5792168373766e-05
-0.00010390926887066
-0.00011274928104038
-0.00012237835464446
-0.00013286882731275
-0.00014429981532375
-0.00015675786192012
-0.00017033764886796
-0.00018514277755857
-0.0002012866265786
-0.00021889329338458
-0.00023809862849609
-0.00025905137147441
-0.00028191439890993
-0.00030686609567106
-0.00033410186184852
-0.00036383576907767
-0.0003963023813453
-0.00043175875694922
-0.00047048664998715
-0.0005127949316647
-0.0005590222538128
-0.00060953997932897
-0.0006647554068339
-0.00072511531967646
-0.0007911098925743
-0.00086327699265475
-0.00094220691552115
-0.0010285476012412
-0.0011230103798718
-0.0012263763013817
-0.0013395031106154
-0.0014633329343822
-0.0015989007548499
-0.0017473437513331
-0.0019099116012867
-0.002087977841026
-0.0022830523974268
-0.0024967954137949
-0.0027310325063085
-0.002987771602119
-0.003269221526471
-0.0035778125242975
-0.0039162189217853
-0.0042873841557356
-0.0046945484232601
-0.0051412792318838
-0.0056315051606729
-0.0061695531769771
-0.00676018989114
-0.0074086671735163
-0.0081207726048325
-0.0089028852828882
-0.0097620375663857
-0.010705983401035
-0.011743273944686
-0.012883341288008
-0.014136591156069
-0.01551450557513
-0.017029756599271
-0.018696332314398
-0.020529676474257
-0.022546843276005
-0.024766668953404
-0.027209962056119
-0.029899714496091
-0.032861335679277
-0.036122912306152
-0.039715496720672
-0.043673427018549
-0.048034682496179
-0.052841278435949
-0.058139704687614
-0.063981413024934
-0.070423358838901
-0.077528603381442
-0.085366983505541
-0.094015856669323
-0.10356092989456
-0.11409718240736
-0.12572989285574
-0.13857578331301
-0.15276429375643
-0.16843900238216
-0.18575920900489
-0.20490170092636
-0.22606272307599
-0.2494601769727
-0.27533607617837
-0.30395928946977
-0.33562860701722
-0.37067616950803
-0.40947130549241
-0.45242482837992
-0.49999385162493
