   1.5478718e-06
  -6.1663675e-07
  -6.9857096e-07
  -1.4235951e-06
  -1.0963236e-07
  -1.0271211e-07
  -3.2271660e-07
  -8.3958739e-07
  -1.6605510e-06
   3.0124866e-06
   1.5008405e-06
  -3.5899163e-07
  -1.1487933e-07
   3.5890115e-07
  -1.2137355e-08
  -5.7035976e-07
   9.3403477e-07
  -1.1383168e-06
   1.9572382e-06
  -1.7632295e-06
  -3.2333433e-07
   8.7259219e-07
   1.1791539e-07
  -1.5030548e-06
   9.2183522e-07
   1.6324491e-07
  -8.1467084e-07
   4.0371009e-07
   7.5615741e-07
   2.1844397e-06
  -9.3782544e-08
  -2.9420609e-07
  -5.0480559e-07
  -1.9269990e-06
   5.2138067e-07
  -2.0544112e-06
  -2.6983751e-07
  -2.7503206e-07
   8.4514475e-07
  -2.7711814e-06
   9.1807491e-07
  -5.1925434e-07
  -1.2930122e-06
  -8.7180927e-09
   2.3335268e-07
  -4.2419570e-07
  -1.4694487e-06
   1.2064203e-06
   1.9734222e-07
  -7.0687553e-07
   1.2163673e-06
   3.6717042e-07
  -1.2675156e-06
   6.2105007e-07
  -1.7954546e-06
  -1.0578395e-06
   1.5154448e-07
   4.1126407e-07
   7.0497786e-08
  -1.9330266e-06
   8.1872201e-07
   1.2617571e-06
   1.1673429e-06
  -5.7032999e-07
  -3.9389757e-07
  -1.0174340e-06
   2.5020587e-07
   2.5212481e-07
  -7.7147891e-07
   9.1954546e-07
   8.5215755e-07
   6.5712619e-07
  -7.5346434e-07
  -1.3385018e-06
   6.5222508e-07
   1.4472167e-06
  -1.2901260e-06
  -2.2081892e-06
   1.4361081e-06
  -6.1672203e-08
   1.1778065e-06
   9.8551342e-07
  -1.2185784e-06
  -4.3187829e-07
  -8.3494129e-07
   1.7968010e-07
   1.1663024e-06
   5.5985942e-08
  -2.1000418e-06
   1.2352971e-06
   2.6715270e-09
  -4.5953679e-07
  -2.1031766e-06
   3.7392168e-07
   2.4518051e-07
   3.3857920e-07
  -1.0780652e-06
  -7.3016233e-07
  -9.1632727e-07
   1.7875532e-06
  -8.2040353e-07
  -1.9671134e-07
  -8.9014374e-07
   9.1074861e-07
  -1.2265250e-08
   7.2814482e-08
   9.3941631e-07
   6.7523734e-07
   7.8596852e-07
  -2.1327407e-06
   2.1992964e-07
   9.6628554e-07
   3.4999411e-07
   9.0181528e-07
   2.1211884e-06
   1.2485867e-06
  -1.1231858e-06
  -8.3008507e-07
  -1.2177874e-07
  -6.4259106e-07
  -7.8949967e-08
   1.2281128e-06
  -5.3136584e-07
  -2.8610480e-07
  -2.2760565e-07
   6.7452317e-07
   1.0368400e-06
  -1.4946252e-07
  -3.1708134e-07
   9.3359467e-07
   7.2328409e-07
   4.8818481e-07
   3.2661987e-06
   3.1700758e-08
   3.4127493e-07
  -8.3530989e-08
   6.1642109e-07
  -5.2499919e-07
   1.0077067e-06
   1.8291022e-06
   8.5288069e-08
  -6.8324725e-08
  -5.6346541e-07
  -4.7357406e-07
  -1.7035345e-06
  -5.3720048e-08
  -8.8134407e-07
   1.2558914e-06
   1.5584155e-07
   5.4932681e-08
   1.3985524e-06
  -1.7756484e-06
   3.2965406e-07
  -1.0579028e-06
  -6.4336916e-07
   2.5844079e-07
   8.9169430e-07
  -8.3662241e-07
   5.5314825e-07
   1.4584093e-06
  -8.5508218e-07
  -9.9212262e-07
  -1.1699417e-08
   6.2691073e-07
   1.4992170e-09
  -8.1632674e-07
   1.1514754e-07
   2.0706866e-07
  -4.4456181e-07
  -1.1204897e-06
   4.3535796e-07
   1.7088634e-08
  -3.6298563e-07
  -6.3123748e-07
  -5.0032498e-07
  -8.6719317e-07
  -1.0400932e-06
   1.2654315e-06
  -2.4145786e-07
  -1.7290314e-06
  -4.8824088e-07
   1.0603843e-06
  -5.3815397e-07
   1.7773377e-06
  -7.7951879e-07
  -7.5297192e-07
  -1.0331334e-06
   1.1638385e-06
  -5.8010606e-07
   4.1730239e-07
  -1.6481250e-06
  -5.7267546e-07
   6.5923204e-07
  -1.2804016e-06
   5.0124050e-08
   5.4840294e-07
   1.7784467e-06
   6.4108717e-07
   9.4670338e-07
  -3.5425499e-07
  -5.7881717e-07
   5.6473317e-08
  -8.9332269e-07
   1.1220779e-06
   7.7582877e-07
   9.6249562e-07
   1.2607841e-06
  -1.0791852e-07
  -5.7715755e-07
   5.2563260e-07
   1.1519597e-06
   8.5837886e-07
   9.4557620e-07
   1.5061304e-06
   2.9533794e-07
   1.2040969e-06
  -1.1845806e-08
   7.8950035e-07
  -1.4035822e-06
   1.5421061e-06
  -1.7749068e-06
   2.0565654e-07
  -3.4620991e-07
  -1.1589828e-06
   3.3582634e-07
   3.3224306e-07
   1.4112094e-06
   1.3686292e-07
   5.7762813e-07
   2.4308799e-07
   1.4676711e-06
   1.1305540e-06
   1.0653161e-08
   1.2433369e-07
   1.7794311e-06
  -2.3947227e-07
   8.5799247e-07
  -8.7835478e-07
  -7.6194602e-07
   8.6278270e-07
   6.4830514e-07
   1.0580923e-06
  -6.3319139e-07
   1.0179894e-06
   1.7192567e-07
  -4.7474088e-08
   1.6891455e-06
   1.4370445e-06
  -2.2510783e-06
   3.5648913e-07
  -8.5024155e-07
  -2.9955104e-07
  -6.3424859e-07
   1.6244774e-06
   1.2410701e-06
   5.5528054e-07
   7.0341762e-07
   4.5816334e-07
   6.8398399e-07
   2.5128958e-07
  -1.7850390e-07
   5.0772583e-07
  -3.0989912e-07
  -3.9437025e-07
  -2.6973854e-07
  -8.8130172e-08
   8.0292744e-09
   2.5317956e-06
  -1.2232431e-06
  -1.0717506e-06
   2.4605865e-07
  -5.0611477e-08
  -7.3015063e-07
   3.2698713e-07
   7.5299091e-07
  -1.1537215e-06
  -4.0786705e-07
  -1.2879064e-06
   8.3577687e-08
   1.6379930e-07
   6.8257471e-07
  -1.0863676e-06
   2.9749238e-07
  -1.4330826e-07
   1.3919537e-06
   3.0674737e-07
  -5.3718420e-07
  -2.2893224e-07
  -5.3622040e-07
   1.4390213e-06
  -5.1109969e-07
  -1.6068354e-06
  -2.0124302e-07
   1.1435034e-06
   6.6329108e-07
   1.6408437e-07
   1.7854055e-06
  -5.8771148e-07
   2.5903631e-07
  -8.7183352e-07
  -7.8791653e-07
  -3.4433974e-07
   6.4761709e-07
   2.0541267e-06
   7.9894175e-07
  -1.0710775e-06
  -2.0515549e-07
  -5.5444310e-07
  -2.9294310e-07
   1.1802320e-06
   3.7739506e-07
   9.9157436e-07
   6.0345188e-07
  -7.9288612e-07
   9.3081805e-07
  -1.3503883e-06
   7.9978948e-07
   5.9963742e-07
   1.1004289e-06
  -1.4197418e-06
  -2.0363609e-07
   1.7913067e-08
   1.0035144e-07
   8.7635660e-07
   7.0069421e-07
   6.5201577e-07
   1.7853039e-07
   1.6760104e-06
  -3.2509744e-07
   1.0114783e-07
  -5.7669223e-07
  -6.1528110e-08
   7.2558776e-07
  -1.2273418e-06
   1.9093060e-07
  -7.3481838e-07
   7.8838452e-07
  -1.9653822e-06
  -1.9555242e-06
   1.6242935e-06
  -1.4942006e-07
  -1.9682681e-06
  -1.6861375e-06
  -8.6921689e-08
   3.0738609e-07
   3.3754561e-07
   1.0669918e-06
   3.3294152e-07
  -7.3483651e-08
   1.0477568e-06
   2.0588629e-06
   2.6693350e-08
  -2.4052429e-07
   1.0384752e-06
  -5.0722529e-07
  -1.4830797e-06
  -1.0648791e-07
   2.4526394e-07
   1.4579303e-07
  -1.1180854e-06
  -5.9694114e-07
  -6.7948815e-07
   9.5505445e-07
  -1.3080054e-07
   6.4940418e-07
   5.9851504e-07
  -1.9250056e-07
  -1.9807989e-06
   3.6293827e-07
   7.0394960e-07
  -7.5259694e-07
  -1.6917471e-08
  -4.4166418e-07
   1.7013348e-06
  -3.0569220e-08
   2.0391776e-07
  -1.0478102e-06
  -7.3537036e-07
  -1.3565626e-06
   7.2858558e-07
   6.0718685e-07
  -8.2828538e-07
   2.8876443e-06
   9.1913541e-07
   4.0578904e-07
   1.9161839e-06
  -2.4556876e-06
  -9.1063410e-08
  -2.4680046e-08
   1.9993605e-07
  -1.0383147e-06
   5.2936683e-07
  -2.2171188e-06
   1.0741638e-07
   4.3890941e-07
  -4.0993407e-08
   3.6430918e-07
  -7.6369762e-07
   5.4952405e-07
  -3.7463762e-07
  -1.6591589e-06
  -3.1022860e-07
  -6.1994303e-07
  -1.0245912e-06
   5.0499851e-07
   4.0473113e-08
  -2.5473023e-07
  -5.4773592e-07
   1.6765939e-06
   1.1730029e-06
  -1.8906131e-07
   8.6572643e-08
   1.5125601e-06
   1.7932707e-06
   1.1026205e-06
  -3.2584746e-07
  -5.8281492e-07
   7.5158724e-07
  -8.6373432e-07
  -1.0708756e-06
  -3.5523680e-07
   9.5587957e-07
   1.5928165e-07
   2.4494181e-07
   1.1247497e-06
   2.3462792e-07
  -1.1385625e-06
   8.4209364e-07
   4.7634184e-07
  -8.8389690e-08
  -4.1303563e-07
  -5.4458331e-07
  -2.4006686e-08
  -8.0051366e-07
  -5.1219037e-07
  -1.4866754e-06
  -5.1864189e-07
  -6.9322905e-07
   5.7765178e-07
   1.4549670e-06
   1.0354848e-06
   1.0468235e-06
   6.7621054e-07
   5.4659461e-07
   7.4998867e-07
  -7.2983898e-07
   8.3320245e-07
  -1.1985504e-06
   6.1877348e-07
  -8.3241264e-07
  -9.7049481e-07
  -4.5351080e-07
  -1.3027075e-06
   1.5974798e-08
   1.1106592e-06
  -2.4937389e-07
   4.9570163e-07
   1.6203749e-07
   1.2118210e-06
  -1.5831558e-07
   2.9297104e-07
   2.4677144e-06
   1.1462338e-06
  -9.3384311e-07
   1.1197921e-06
  -9.2422674e-07
   9.9069600e-09
   2.8936686e-07
   8.7000305e-07
  -3.9726179e-07
   5.3785778e-07
   1.7697367e-06
  -1.9054850e-06
  -1.0767481e-06
   1.1949409e-06
  -2.9394846e-07
  -3.8177810e-08
   9.2393457e-07
   2.2230611e-06
  -1.3018954e-06
  -9.0899084e-07
  -7.7500170e-08
   5.1044732e-10
   1.0685544e-07
  -3.1246453e-07
   1.2196467e-06
  -9.0956139e-07
   2.0397663e-07
   9.8974745e-07
   3.7519958e-07
  -6.2212621e-07
   1.2055499e-07
  -3.1739604e-07
  -5.9968385e-07
   1.3531539e-06
  -1.9766765e-07
  -5.7800196e-07
  -7.5596950e-07
   1.2119893e-07
  -1.4958414e-06
  -1.6461589e-06
   1.9289750e-07
  -1.2897696e-06
  -3.9984896e-07
   7.7540305e-07
   9.2214998e-07
   1.5445358e-06
  -1.0095623e-06
   8.5670638e-07
   3.2528654e-07
   1.2524388e-06
   2.2015858e-07
   8.1519668e-07
   1.1394222e-06
  -4.1171096e-07
  -4.6106510e-07
  -1.3290486e-06
  -8.7500182e-08
   3.5544599e-07
  -7.4313873e-07
   7.2030684e-08
  -3.5640336e-07
  -4.3169178e-07
   7.7932818e-07
   8.1632458e-07
   1.1483040e-06
  -1.0849599e-06
  -1.3612227e-07
   6.5509173e-07
  -1.2934611e-06
   1.9267400e-06
   2.3325175e-07
  -5.4502235e-07
   1.0328125e-06
   3.7713655e-07
   1.0925533e-07
  -6.8018830e-07
  -1.7653924e-06
  -9.6356772e-07
  -6.4563264e-07
   4.5252778e-07
   6.1449822e-07
  -7.8530065e-07
   8.2817619e-07
   6.6741701e-07
  -1.2550088e-07
  -9.5122887e-07
   8.9204000e-07
  -1.2972158e-07
  -1.0134851e-06
   2.5228702e-07
   5.2358533e-07
  -1.4616296e-06
   1.8664056e-06
  -2.1490520e-06
  -1.6352367e-06
   1.2240191e-06
   3.2517401e-07
  -4.2891304e-07
   1.1596089e-08
   7.3131847e-07
  -8.6802276e-07
   9.2815958e-07
   6.9731676e-07
  -4.5150343e-08
   1.9121114e-07
  -6.2876296e-07
  -8.5661321e-07
  -3.8871274e-07
   1.0285085e-06
  -2.3972032e-07
  -4.5162277e-07
  -9.7926722e-07
  -1.1334473e-06
   2.2120893e-08
   1.0402395e-06
   1.2314841e-06
   5.6017942e-07
  -3.0903867e-07
  -3.6760408e-07
   3.6563336e-07
   9.3743870e-07
   9.7424370e-07
  -2.1189240e-06
  -4.6464742e-08
  -9.6678090e-07
  -4.7124902e-07
   1.7352274e-06
  -7.7753013e-07
  -1.6837974e-06
   1.7702710e-07
  -1.2447754e-07
  -4.1555486e-07
   8.7945826e-07
   5.6612811e-07
   3.7591699e-07
  -2.7695383e-07
   3.5009853e-07
  -2.9130716e-07
   1.8607806e-07
   5.7659945e-07
   3.3965727e-07
  -6.7282710e-07
  -5.3701369e-07
  -1.0401578e-06
   9.9728432e-07
  -2.6053949e-08
  -6.5699920e-07
   6.7774562e-07
  -5.1083413e-07
   4.4600463e-07
   1.5166346e-06
   9.3775628e-07
  -1.6016268e-07
  -1.1383812e-07
   1.9371262e-06
  -1.7079881e-07
   3.0116854e-07
   3.2598869e-07
   9.2483667e-07
   2.1529123e-07
   3.6624931e-07
   3.2215091e-07
   2.6890035e-06
   8.7606887e-07
  -8.7649001e-07
  -1.2174470e-06
  -1.6148397e-06
   1.8400805e-06
  -8.1892576e-07
   9.9213557e-07
   5.3381779e-07
  -1.5267271e-06
   2.0228592e-06
   5.5229595e-07
   1.8201424e-06
   3.4264449e-07
   1.7956149e-07
  -1.0193183e-06
   3.7599465e-08
   1.3712330e-07
  -1.5210523e-06
  -1.8918453e-08
   1.6324668e-07
  -7.2115068e-07
   4.1060336e-07
  -1.2126311e-06
  -5.7374469e-07
   1.0539219e-07
  -6.0509605e-07
   4.2179462e-07
  -3.6280894e-07
  -8.7411518e-07
   9.3159389e-07
   6.0004206e-07
   5.7136069e-07
   6.8511019e-07
   1.0094205e-06
   9.9087072e-07
   3.3690533e-08
  -4.5027003e-07
  -1.1065628e-07
   1.2378587e-06
  -1.1978601e-06
  -5.6439393e-07
   1.0433086e-06
   8.4600172e-07
  -4.9553620e-07
  -2.0681771e-07
  -1.5579616e-07
  -2.7539808e-07
  -2.4432491e-06
  -4.2732284e-07
   3.0906039e-07
   2.4515752e-06
  -1.4626280e-06
  -6.3554156e-07
  -3.8547285e-07
  -9.4227755e-07
  -6.7377310e-07
  -1.9242439e-06
  -1.1241763e-07
  -5.1850946e-07
   5.3498250e-07
   5.7407891e-08
   1.0658172e-06
   1.6207366e-06
   1.2185369e-07
  -1.2380409e-06
   2.4412558e-07
   1.3982582e-06
  -9.5473333e-08
   3.8762274e-07
  -9.6631458e-07
   1.5091863e-06
   4.0383074e-07
  -4.2214127e-07
  -1.6740241e-06
  -6.8763015e-07
  -1.0271854e-06
  -4.9255750e-07
   3.4680832e-07
   8.2935248e-07
   1.5563256e-07
   8.3713866e-08
   3.7461680e-07
   2.6532022e-06
   3.3271397e-07
   1.4077083e-07
   1.5778350e-06
   8.9547741e-08
  -6.7298373e-07
   9.3189346e-07
  -3.5789040e-07
   2.0210165e-07
   8.7625037e-07
   8.0794833e-07
  -1.6033339e-06
  -2.3620519e-06
  -7.0170011e-07
   1.6519033e-06
   2.3507284e-07
  -1.5175278e-07
  -1.5588861e-07
   1.0381647e-06
   3.3048379e-07
   4.7580663e-07
  -2.0905018e-06
  -1.7403482e-07
   1.9188173e-08
  -8.6002734e-07
  -2.2949442e-08
  -6.0231726e-07
   8.6990179e-07
  -5.7081246e-07
   1.3046795e-06
  -4.2644228e-08
   8.9553077e-07
   2.2848560e-06
   6.6827382e-08
   1.4945894e-06
  -1.0724642e-06
   1.8233446e-06
  -1.2084292e-06
  -6.5391595e-08
  -3.2683633e-07
  -1.1491507e-06
  -1.3080417e-06
   6.4638296e-07
  -1.3892035e-06
  -1.3406826e-06
   1.1288720e-06
   1.6961295e-09
   3.7968389e-07
  -9.0133163e-07
  -1.9679434e-07
   3.0694151e-07
   1.6745668e-07
   1.7880788e-06
  -6.2408245e-07
  -1.4996092e-07
   8.3221505e-07
   9.4809110e-07
  -1.9737376e-06
  -3.9187865e-07
  -6.7671123e-07
  -1.6020988e-08
   5.1517479e-07
   4.4482965e-07
   1.1408983e-06
   4.4768101e-07
   3.1544024e-07
   9.4559153e-07
   4.2866311e-07
  -1.3246069e-06
   1.0982152e-07
  -1.6547219e-06
   1.1106722e-06
  -2.1078617e-06
  -5.4983693e-07
   9.4260745e-08
  -3.8219800e-08
   1.8829274e-06
   5.5460684e-08
  -6.1389014e-07
   5.8701661e-07
  -1.2067089e-06
   5.4533054e-07
   2.5093038e-07
  -3.9274747e-07
  -6.2204193e-07
  -1.1904767e-06
  -1.8784667e-06
  -4.2400841e-07
   7.7724193e-07
  -7.1392600e-07
   1.5846397e-06
  -8.8831132e-07
   2.1408295e-06
  -6.9217812e-07
   9.9297348e-08
   1.4349784e-06
   1.2334012e-06
  -7.5764454e-07
   7.3857814e-07
  -1.1143612e-06
  -1.7058691e-06
   6.6116235e-07
  -1.7296420e-06
  -2.1380735e-06
  -6.0047665e-08
   1.3856907e-06
   1.2178159e-06
  -1.4950508e-06
   3.7283100e-08
   8.0287087e-07
   9.7385359e-07
   1.5607339e-06
   1.5862495e-06
   8.5629778e-07
  -1.4244830e-06
   3.9702337e-08
  -1.3799116e-06
   1.2330709e-06
   1.7420764e-06
  -2.0014951e-06
   8.3549699e-07
  -3.4281833e-07
  -4.7796210e-07
  -8.8910141e-07
   1.2634291e-06
   3.8320116e-07
  -1.1886736e-07
   4.1724716e-07
   1.0132218e-06
  -8.6951749e-07
  -7.9468048e-07
   6.8850228e-07
   1.5856729e-06
   1.2501788e-06
  -1.1560351e-07
  -1.3317697e-06
  -2.3428056e-06
  -9.2656333e-07
   1.1295675e-06
  -5.4912753e-07
   2.8373170e-07
   2.1277932e-07
  -2.2027632e-06
   1.2510730e-06
   2.0247050e-06
  -3.8896715e-08
   9.9858363e-07
  -7.5733370e-07
   5.9614514e-07
   2.1232170e-06
   1.3117254e-06
  -6.9994151e-07
  -1.0196133e-06
   5.3114787e-08
  -2.3701917e-07
  -6.2735983e-08
   1.2711091e-06
   2.2113837e-07
   1.6640232e-06
  -4.2959875e-08
  -1.3323545e-07
   7.9319983e-07
   4.2627254e-07
  -2.0990186e-07
  -1.5881591e-06
  -1.1163807e-06
   6.1685504e-07
   5.4346425e-07
  -1.4678960e-06
   1.1990833e-07
   5.2935550e-07
  -1.1752443e-06
  -9.9821525e-07
   1.1940423e-06
  -1.7536975e-06
   4.4652935e-07
   9.7805995e-07
  -1.7912573e-06
  -1.3018900e-07
  -1.1752373e-06
   8.9962083e-08
  -4.2216589e-07
  -1.6509336e-06
   6.1796865e-07
   5.9616028e-07
  -6.1843733e-07
   5.2787538e-07
  -1.3443181e-06
  -1.2347653e-06
  -1.1534399e-06
  -1.0932804e-07
  -5.2419476e-07
   1.9112984e-06
  -7.1106032e-08
   5.6183537e-07
   5.7407171e-07
   3.7173356e-07
   1.9169388e-07
   1.2440852e-06
  -1.1641598e-06
   1.6352697e-06
   6.8632968e-07
  -1.1494866e-06
   1.1101573e-06
   1.1825638e-06
   1.7073281e-06
  -4.2031542e-07
   1.6393777e-06
   2.6346851e-07
  -1.4634831e-06
  -7.7617098e-07
   9.2948801e-07
   1.7929577e-06
  -1.1831518e-06
  -1.1117586e-07
  -6.5676581e-07
   1.8797341e-06
  -8.9608088e-07
   1.3315057e-06
  -6.2457313e-07
   7.7667888e-07
  -1.3242537e-06
   1.5002767e-06
  -2.2029029e-06
   3.2251470e-07
   4.2100445e-07
  -8.2070114e-07
  -9.6645875e-07
   6.0934820e-07
  -1.0362114e-06
  -2.8237518e-08
  -2.8197668e-06
  -2.0810495e-06
  -4.4753129e-08
   1.1179550e-06
  -1.6495036e-06
   6.7866722e-07
   4.9432325e-07
  -5.8846858e-07
  -2.3924660e-08
   2.1913130e-06
  -1.4005810e-06
   4.8009949e-07
   2.0755068e-07
   3.2208477e-07
  -5.8804828e-09
   2.8138908e-07
  -2.5133924e-07
  -1.6934595e-06
  -5.8401619e-07
   2.3444273e-07
   2.5878622e-07
   6.0365642e-07
   2.2209654e-06
  -1.6541306e-06
   6.8041050e-07
   1.3582931e-07
  -3.7987452e-08
  -6.9313723e-07
  -1.2752501e-07
   6.8036184e-07
   4.2621460e-07
  -1.6056695e-06
   9.0621075e-07
   2.4951414e-07
   1.8942282e-06
  -1.1123787e-06
  -7.2204177e-07
  -1.7521868e-06
   3.6123135e-09
   9.9514429e-07
  -4.7896935e-07
  -5.1910136e-07
  -2.9465974e-07
  -1.6054991e-07
   1.0235161e-06
   1.5894737e-08
  -4.8265707e-07
   6.3467451e-07
  -1.3644380e-06
   5.9862480e-07
  -2.0649811e-07
   2.1393663e-06
  -6.4881377e-07
   4.2359224e-07
   1.1786535e-07
  -1.0807785e-06
   8.7552669e-07
  -2.2262817e-06
  -1.9461113e-06
  -1.3095947e-06
   1.3056231e-06
   9.8396953e-07
  -1.2513864e-06
  -1.7975379e-07
