-0.50000001564862
-0.47937984562846
-0.46011139535502
-0.44208984603711
-0.42521941147151
-0.40941249532248
-0.39458893230756
-0.38067530444104
-0.36760432447412
-0.35531427954055
-0.34374852878446
-0.33285504942511
-0.32258602631383
-0.31289748056968
-0.30374893335214
-0.2951031012475
-0.28692562011724
-0.27918479458774
-0.27185137065442
-0.2648983291359
-0.25830069794711
-0.25203538136863
-0.2460810046757
-0.24041777265624
-0.23502734069563
-0.22989269723897
-0.22499805656011
-0.22032876087312
-0.21587119091725
-0.21161268423179
-0.20754146041377
-0.2036465527203
-0.19991774543902
-0.19634551650572
-0.19292098489773
-0.18963586237702
-0.18648240919676
-0.18345339342201
-0.18054205354736
-0.17774206412441
-0.17504750413812
-0.17245282789552
-0.16995283821156
-0.16754266169679
-0.16521772596909
-0.16297373862771
-0.16080666784252
-0.1587127244242
-0.15668834525335
-0.1547301779569
-0.15283506673028
-0.15100003921253
-0.14922229432941
-0.14749919102734
-0.14582823782705
-0.14420708313234
-0.14263350623459
-0.14110540895868
-0.13962080790059
-0.1381778272111
-0.13677469188362
-0.13540972150802
-0.13408132445484
-0.13278799245786
-0.13152829556503
-0.13030087743049
-0.12910445092251
-0.12793779402412
-0.12679974600515
-0.12568920384596
-0.12460511889481
-0.12354649374208
-0.12251237929593
-0.1215018720452
-0.12051411149637
-0.11954827777242
-0.11860358936238
-0.11767930101114
-0.11677470173997
-0.11588911298879
-0.11502188687194
-0.11417240453987
-0.11334007463966
-0.1125243318677
-0.11172463560857
-0.11094046865441
-0.11017133599949
-0.10941676370516
-0.10867629783059
-0.10794950342516
-0.10723596357842
-0.10653527852423
-0.10584706479533
-0.10517095442553
-0.1045065941963
-0.10385364492515
-0.10321178079316
-0.10258068870939
-0.10196006770968
-0.10134962838813
-0.1007490923589
-0.10015819174682
-0.099576668705011
-0.099004274957831
-0.098440771367794
-0.097885927524994
-0.097339521357744
-0.09680133876321
-0.096271173256893
-0.095748825639889
-0.095234103682913
-0.094726821826149
-0.094226800894042
-0.093733867824194
-0.09324785540959
-0.092768602053413
-0.092295951535765
-0.091829752791652
-0.091369859699608
-0.090916130880397
-0.090468429505255
-0.090026623113155
-0.089590583436633
-0.089160186235706
-0.088735311139478
-0.088315841495013
-0.087901664223125
-0.087492669680705
-0.087088751529265
-0.086689806609377
-0.086295734820711
-0.085906439007391
-0.0855218248484
-0.085141800752787
-0.084766277759428
-0.084395169441139
-0.084028391812898
-0.083665863244003
-0.083307504373956
-0.082953238031907
-0.082602989159483
-0.08225668473683
-0.081914253711737
-0.081575626931679
-0.081240737078648
-0.080909518606645
-0.080581907681705
-0.080257842124338
-0.079937261354284
-0.079620106337458
-0.079306319535007
-0.078995844854371
-0.078688627602254
-0.078384614439434
-0.078083753337322
-0.077785993536182
-0.077491285504965
-0.07719958090266
-0.07691083254111
-0.07662499434923
-0.076342021338555
-0.07606186957008
-0.075784496122314
-0.075509859060518
-0.075237917407063
-0.074968631112863
-0.074701961029848
-0.074437868884415
-0.074176317251839
-0.073917269531586
-0.073660689923502
-0.073406543404831
-0.073154795708051
-0.07290541329946
-0.072658363358521
-0.072413613757903
-0.072171133044209
-0.071930890419361
-0.07169285572261
-0.071456999413148
-0.071223292553309
-0.070991706792322
-0.070762214350602
-0.07053478800456
-0.070309401071903
-0.070086027397418
-0.069864641339216
-0.069645217755409
-0.069427731991227
-0.069212159866531
-0.068998477663731
-0.068786662116076
-0.06857669039632
-0.06836854010573
-0.068162189263441
-0.067957616296136
-0.067754800028044
-0.06755371967124
-0.067354354816241
-0.067156685422884
-0.066960691811477
-0.066766354654213
-0.066573654966845
-0.066382574100597
-0.066193093734317
-0.066005195866862
-0.065818862809694
-0.065634077179707
-0.065450821892238
-0.065269080154297
-0.065088835457979
-0.064910071574065
-0.064732772545805
-0.064556922682869
-0.064382506555471
-0.06420950898866
-0.064037915056757
-0.063867710077954
-0.063698879609058
-0.063531409440373
-0.063365285590727
-0.063200494302631
-0.063037022037558
-0.062874855471367
-0.062713981489824
-0.062554387184262
-0.062396059847345
-0.062238986968936
-0.062083156232089
-0.06192855550913
-0.06177517285784
-0.061622996517746
-0.061472014906495
-0.061322216616324
-0.061173590410618
-0.061026125220558
-0.060879810141847
-0.060734634431519
-0.060590587504829
-0.060447658932217
-0.060305838436348
-0.060165115889221
-0.060025481309352
-0.059886924859021
-0.059749436841589
-0.059613007698875
-0.059477628008599
-0.059343288481883
-0.059209979960809
-0.059077693416042
-0.058946419944498
-0.058816150767074
-0.058686877226428
-0.058558590784807
-0.05843128302193
-0.058304945632918
-0.058179570426263
-0.058055149321858
-0.057931674349057
-0.057809137644786
-0.057687531451693
-0.057566848116345
-0.057447080087451
-0.057328219914143
-0.057210260244277
-0.057093193822785
-0.056977013490049
-0.056861712180327
-0.056747282920196
-0.056633718827034
-0.056521013107545
-0.056409159056302
-0.056298150054322
-0.056187979567678
-0.056078641146137
-0.055970128421819
-0.055862435107901
-0.05575555499733
-0.055649481961569
-0.055544209949376
-0.055439732985597
-0.055336045169987
-0.055233140676061
-0.05513101374996
-0.055029658709341
-0.054929069942298
-0.05482924190629
-0.054730169127103
-0.054631846197827
-0.054534267777852
-0.054437428591889
-0.054341323429003
-0.054245947141668
-0.054151294644848
-0.054057360915079
-0.053964140989585
-0.053871629965403
-0.053779822998522
-0.05368871530305
-0.053598302150382
-0.053508578868396
-0.053419540840655
-0.053331183505631
-0.053243502355942
-0.053156492937596
-0.053070150849261
-0.05298447174154
-0.052899451316262
-0.052815085325784
-0.05273136957231
-0.05264829990722
-0.05256587223041
-0.052484082489646
-0.052402926679927
-0.052322400842865
-0.052242501066069
-0.052163223482545
-0.052084564270106
-0.05200651965079
-0.051929085890291
-0.051852259297399
-0.051776036223448
-0.051700413061781
-0.051625386247213
-0.051550952255511
-0.051477107602884
-0.051403848845476
-0.051331172578874
-0.051259075437618
-0.051187554094726
-0.051116605261224
-0.051046225685682
-0.050976412153759
-0.050907161487764
-0.050838470546207
-0.050770336223377
-0.050702755448911
-0.050635725187383
-0.050569242437888
-0.050503304233646
-0.0504379076416
-0.050373049762029
-0.050308727728163
-0.05024493870581
-0.050181679892982
-0.050118948519531
-0.050056741846792
-0.049995057167229
-0.049933891804088
-0.049873243111059
-0.049813108471938
-0.049753485300294
-0.049694371039152
-0.049635763160666
-0.049577659165811
-0.049520056584067
-0.049462952973123
-0.049406345918571
-0.049350233033614
-0.049294611958779
-0.049239480361628
-0.049184835936478
-0.049130676404128
-0.049076999511586
-0.0490238030318
-0.048971084763396
-0.048918842530423
-0.048867074182091
-0.048815777592529
-0.04876495066053
-0.048714591309315
-0.048664697486291
-0.048615267162814
-0.048566298333964
-0.04851778901831
-0.048469737257692
-0.048422141116996
-0.048374998683938
-0.048328308068855
-0.048282067404485
-0.048236274845772
-0.048190928569651
-0.048146026774855
-0.048101567681716
-0.048057549531969
-0.048013970588563
-0.047970829135471
-0.047928123477507
-0.04788585194014
-0.047844012869321
-0.0478026046313
-0.047761625612455
-0.047721074219123
-0.047680948877427
-0.047641248033116
-0.047601970151397
-0.047563113716778
-0.047524677232909
-0.047486659222426
-0.047449058226799
-0.047411872806182
-0.047375101539264
-0.047338743023125
-0.047302795873091
-0.047267258722592
-0.047232130223029
-0.04719740904363
-0.047163093871322
-0.047129183410594
-0.047095676383373
-0.047062571528888
-0.047029867603555
-0.046997563380842
-0.046965657651158
-0.046934149221726
-0.046903036916468
-0.046872319575889
-0.046841996056968
-0.046812065233036
-0.046782525993679
-0.046753377244618
-0.046724617907611
-0.046696246920347
-0.04666826323634
-0.046640665824834
-0.046613453670699
-0.046586625774337
-0.046560181151585
-0.046534118833621
-0.046508437866874
-0.046483137312932
-0.04645821624845
-0.046433673765072
-0.046409508969335
-0.046385720982591
-0.046362308940924
-0.046339271995067
-0.046316609310324
-0.046294320066493
-0.046272403457789
-0.04625085869277
-0.046229684994259
-0.04620888159928
-0.046188447758981
-0.04616838273857
-0.046148685817242
-0.046129356288117
-0.046110393458174
-0.046091796648189
-0.046073565192668
-0.046055698439793
-0.046038195751359
-0.046021056502715
-0.046004280082712
-0.04598786589364
-0.045971813351183
-0.045956121884359
-0.045940790935472
-0.04592581996006
-0.045911208426849
-0.045896955817702
-0.045883061627573
-0.045869525364465
-0.045856346549381
-0.045843524716286
-0.045831059412061
-0.045818950196466
-0.045807196642099
-0.045795798334361
-0.045784754871413
-0.045774065864146
-0.045763730936144
-0.045753749723653
-0.045744121875544
-0.045734847053287
-0.045725924930919
-0.045717355195016
-0.045709137544661
-0.045701271691426
-0.045693757359339
-0.045686594284862
-0.045679782216871
-0.045673320916628
-0.045667210157766
-0.045661449726264
-0.045656039420433
-0.045650979050894
-0.045646268440564
-0.045641907424641
-0.045637895850586
-0.045634233578114
-0.045630920479179
-0.045627956437965
-0.045625341350871
-0.04562307512651
-0.045621157685693
-0.045619588961426
-0.045618368898906
-0.045617497455511
-0.045616974600799
-0.04561680031651
-0.045616974596555
-0.045617497447021
-0.045618368886174
-0.045619588944455
-0.045621157664485
-0.04562307510107
-0.045625341321203
-0.045627956404075
-0.045630920441075
-0.045634233535802
-0.045637895804075
-0.045641907373939
-0.045646268385683
-0.045650978991843
-0.045656039357225
-0.045661449658911
-0.04566721008628
-0.045673320841025
-0.045679782137164
-0.045686594201069
-0.045693757271475
-0.045701271599509
-0.045709137448709
-0.045717355095048
-0.045725924826956
-0.045734846945348
-0.045744121763651
-0.045753749607828
-0.045763730816412
-0.045774065740529
-0.045784754743936
-0.045795798203051
-0.045807196506982
-0.045818950057567
-0.04583105926941
-0.045843524569912
-0.045856346399313
-0.045869525210734
-0.04588306147021
-0.045896955656739
-0.045911208262319
-0.045925819791996
-0.045940790763909
-0.045956121709332
-0.045971813172729
-0.045987865711795
-0.046004279897513
-0.046021056314202
-0.04603819555957
-0.046055698244768
-0.046073564994448
-0.046091796446816
-0.04611039325369
-0.046129356080565
-0.046148685606666
-0.046168382525015
-0.046188447542492
-0.046208881379903
-0.046229684772041
-0.046250858467759
-0.046272403230034
-0.046294319836042
-0.046316609077227
-0.046339271759376
-0.04636230870269
-0.046385720741866
-0.046409508726172
-0.046433673519525
-0.046458216000573
-0.04648313706278
-0.046508437614504
-0.046534118579088
-0.046560180894947
-0.046586625515653
-0.046613453410027
-0.046640665562233
-0.046668262971871
-0.04669624665407
-0.046724617639589
-0.046753376974912
-0.046782525722353
-0.046812064960154
-0.046841995782593
-0.046872319300087
-0.046903036639304
-0.046934148943267
-0.046965657371472
-0.046997563099995
-0.047029867321616
-0.047062571245926
-0.047095676099457
-0.047129183125796
-0.047163093585712
-0.04719740875728
-0.04723212993601
-0.047267258434978
-0.047302795584954
-0.047338742734541
-0.047375101250307
-0.047411872516927
-0.047449057937322
-0.047486658932803
-0.047524676943218
-0.047563113427097
-0.047601969861803
-0.047641247743688
-0.047680948588244
-0.047721073930265
-0.047761625324003
-0.047802604343334
-0.047844012581924
-0.047885851653393
-0.047928123191492
-0.047970828850272
-0.048013970304263
-0.048057549248653
-0.048101567399467
-0.048146026493759
-0.048190928289792
-0.048236274567237
-0.048282067127361
-0.048328307793228
-0.048374998409896
-0.048422140844625
-0.048469736987081
-0.048517788749548
-0.048566298067139
-0.048615266898016
-0.048664697223609
-0.04871459104884
-0.048764950402352
-0.048815777336739
-0.04886707392878
-0.048918842279681
-0.048971084515316
-0.049023802786474
-0.049076999269107
-0.049130676164588
-0.049184835699969
-0.049239480128245
-0.049294611728615
-0.049350232806762
-0.049406345695125
-0.049462952753178
-0.049520056367717
-0.04957765895315
-0.04963576295179
-0.049694370834154
-0.049753485099271
-0.049813108274984
-0.04987324291827
-0.049933891615559
-0.049995056983056
-0.050056741667071
-0.050118948344358
-0.050181679722452
-0.050244938540019
-0.050308727567207
-0.050373049606004
-0.050437907490602
-0.050503304087771
-0.050569242297232
-0.050635725052041
-0.050702755318979
-0.050770336098951
-0.050838470427384
-0.050907161374637
-0.050976412046425
-0.051046225584236
-0.051116605165761
-0.051187554005341
-0.051259075354405
-0.051331172501928
-0.051403848774892
-0.051477107538755
-0.051550952197931
-0.051625386196275
-0.05170041301758
-0.051776036186075
-0.051852259266946
-0.051929085866852
-0.052006519634455
-0.052084564260967
-0.052163223480693
-0.052242501071594
-0.052322400855856
-0.052402926700475
-0.052484082517839
-0.052565872266337
-0.052648299950967
-0.052731369623966
-0.052815085385434
-0.052899451383993
-0.052984471817437
-0.053070150933408
-0.053156493030076
-0.053243502456839
-0.053331183615028
-0.053419540958632
-0.053508578995035
-0.053598302285762
-0.05368871544725
-0.05377982315162
-0.053871630127475
-0.053964141160709
-0.054057361095328
-0.054151294834297
-0.054245947340391
-0.054341323637069
-0.054437428809372
-0.05453426800482
-0.054631846434348
-0.054730169373246
-0.05482924216212
-0.054929070207879
-0.055029658984738
-0.055131014035234
-0.055233140971273
-0.055336045475196
-0.055439733300861
-0.055544210274752
-0.055649482297112
-0.055755555343092
-0.055862435463935
-0.055970128788174
-0.056078641522861
-0.05618797995482
-0.056298150451925
-0.05640915946441
-0.0565210135262
-0.056633719256274
-0.05674728336006
-0.056861712630853
-0.056977013951269
-0.057093194294729
-0.057210260726976
-0.057328220407624
-0.05744708059174
-0.057566848631464
-0.057687531977665
-0.057809138181628
-0.057931674896787
-0.058055149880489
-0.058179570995807
-0.058304946213384
-0.058431283613326
-0.058558591387135
-0.058686877839691
-0.058816151391271
-0.058946420579624
-0.059077694062092
-0.059209980617773
-0.059343289149749
-0.059477628687352
-0.059613008388497
-0.059749437542058
-0.059886925570314
-0.060025482031442
-0.060165116622078
-0.060305839179939
-0.060447659686504
-0.060590588269773
-0.060734635207076
-0.06087981092797
-0.061026126017197
-0.06117359121772
-0.06132221743383
-0.061472015734345
-0.061622997355876
-0.06177517370618
-0.061928556367608
-0.06208315710063
-0.062238987847459
-0.062396060735765
-0.062554388082492
-0.06271398239777
-0.062874856388934
-0.063037022964646
-0.063200495239133
-0.063365286536536
-0.063531410395373
-0.063698880573131
-0.063867711050978
-0.064037916038604
-0.064209509979197
-0.064382507554562
-0.064556923690372
-0.064732773561574
-0.064910072597948
-0.065088836489819
-0.065269081193932
-0.065450822939502
-0.065634078234428
-0.065818863871695
-0.066005196935959
-0.066193094810324
-0.066382575183318
-0.066573656056083
-0.066766355749762
-0.066960692913127
-0.06715668653042
-0.06735435592944
-0.067553720789875
-0.06775480115188
-0.067957617424934
-0.068162190396955
-0.068368541243708
-0.068576691538504
-0.0687866632622
-0.068998478813525
-0.069212161019718
-0.069427733147523
-0.069645218914524
-0.069864642500852
-0.070086028561272
-0.070309402237664
-0.070534789171911
-0.070762215519218
-0.070991707961872
-0.071223293723455
-0.071457000583545
-0.071692856892906
-0.071930891589196
-0.072171134213215
-0.072413614925706
-0.07265836452474
-0.072905414463705
-0.073154796869926
-0.073406544563932
-0.073660691079416
-0.073917270683895
-0.074176318400114
-0.074437870028221
-0.074701962168743
-0.074968632246396
-0.075237918534775
-0.075509860181942
-0.075784497236975
-0.076061870677495
-0.076342022438235
-0.076624995440673
-0.076910833623811
-0.077199581976102
-0.077491286568625
-0.077785994589527
-0.078083754379812
-0.078384615470521
-0.078688628621379
-0.07899584586097
-0.079306320528506
-0.079620107317274
-0.079937262319827
-0.080257843075009
-0.080581908616896
-0.08090951952574
-0.081240737981023
-0.081575627816702
-0.081914254578767
-0.082256685585217
-0.082602989988571
-0.082953238841029
-0.083307505162438
-0.083665864011163
-0.084028392558047
-0.084395170163577
-0.08476627845845
-0.085141801427678
-0.08552182549844
-0.085906439631849
-0.08629573541885
-0.086689807180453
-0.087088752072526
-0.087492670195392
-0.087901664708472
-0.088315841950247
-0.08873531156382
-0.089160186628371
-0.089590583796827
-0.090026623440081
-0.090468429798108
-0.090916131138369
-0.091369859921883
-0.091829752977411
-0.092295951684183
-0.092768602163661
-0.093247855480838
-0.093733867855604
-0.094226800884775
-0.094726821775364
-0.095234103589766
-0.095748825503535
-0.096271173076485
-0.096801338537901
-0.097339521086688
-0.097885927207345
-0.098440771002706
-0.099004274544462
-0.099576668242522
-0.10015819123438
-0.10074909179567
-0.10134962777329
-0.10196006704242
-0.10258068798889
-0.10321178001863
-0.10385364409579
-0.10450659331134
-0.1051709534842
-0.10584706379689
-0.10653527746794
-0.10723596246358
-0.10794950225106
-0.10867629659657
-0.10941676241057
-0.11017133464372
-0.11094046723687
-0.1117246341287
-0.11252433032498
-0.11334007303362
-0.11417240287006
-0.11502188513796
-0.11588911119031
-0.1167746998767
-0.11767929908284
-0.11860358736889
-0.11954827571364
-0.12051410937228
-0.12150186985585
-0.12251237704147
-0.12354649142274
-0.12460511651093
-0.12568920139798
-0.12679974349365
-0.1279377914498
-0.12910444828619
-0.13030087473316
-0.13152829280784
-0.13278798964213
-0.13408132158208
-0.13540971857995
-0.13677468890218
-0.13817782417846
-0.1396208048192
-0.14110540583124
-0.14263350306412
-0.14420707992218
-0.14582823458091
-0.14749918774929
-0.14922229102395
-0.1510000358846
-0.15283506338531
-0.15473017460083
-0.15668834189271
-0.15871272106611
-0.16080666449477
-0.16297373529881
-0.16521772266831
-0.16754265843426
-0.16995283499829
-0.1724528247435
-0.17504750106039
-0.17774206113513
-0.18054205066191
-0.18345339065707
-0.18648240657041
-0.18963585990882
-0.19292098260884
-0.19634551441896
-0.199917743579
-0.20364655111351
-0.20754145908864
-0.21161268321875
-0.2158711902488
-0.22032876058382
-0.22499805668657
-0.22989269781973
-0.23502734177098
-0.24041777426798
-0.24608100686665
-0.25203538418206
-0.25830070142586
-0.26489833332116
-0.27185137558413
-0.27918480029443
-0.28692562662511
-0.29510310856862
-0.30374894148142
-0.3128974894783
-0.32258603594066
-0.33285505966548
-0.34374853947559
-0.35531429044263
-0.3676043352457
-0.3806753146071
-0.39458894121814
-0.40941250209896
-0.42521941493698
-0.44208984462604
-0.46011138699611
-0.47937982759256
-0.49999998435134
