0 -0.00014354
1 6.99208e-05
2 8.83909e-06
3 0.000122854
4 2.63427e-05
5 -9.70464e-05
6 0.000119504
7 -4.52441e-05
8 2.63439e-05
9 5.78784e-06
10 -3.57271e-05
11 5.0076e-05
12 9.56922e-05
13 -0.000161651
14 6.99299e-05
15 -4.52361e-06
16 -0.000195383
17 -0.000106283
18 -3.91781e-05
19 3.26832e-05
20 0.000205962
21 0.000140051
22 -7.20984e-05
23 8.81929e-05
24 -0.000136266
25 4.36911e-05
26 3.95164e-05
27 -0.00015737
28 1.77756e-05
29 -0.000125248
30 -0.000165129
31 -8.98922e-05
32 -1.19078e-05
33 -4.13013e-05
34 5.08737e-05
35 1.52579e-05
36 -1.69358e-05
37 2.81438e-05
38 -9.88403e-07
39 2.786e-05
40 -0.000100831
41 -8.69228e-05
42 -6.4177e-05
43 0.000219789
44 0.000142814
45 2.46973e-05
46 0.000170766
47 4.254e-05
48 0.000115271
49 7.97173e-05
50 7.39571e-05
51 -0.000245287
52 3.111e-05
53 0.000114986
54 0.000102953
55 8.18386e-05
56 -7.4396e-05
57 5.20702e-05
58 6.63578e-05
59 -3.01774e-05
60 -0.000264649
61 -1.23926e-06
62 -6.45448e-05
63 -2.15729e-05
64 0.000140571
65 1.69266e-05
66 0.000143112
67 7.55702e-05
68 4.03045e-05
69 3.77705e-05
70 0.000106429
71 -1.70034e-05
72 -4.57334e-05
73 2.85831e-05
74 -1.23616e-05
75 -0.000183235
76 1.71097e-05
77 6.14835e-05
78 -6.45499e-05
79 -2.40798e-05
80 -3.3166e-05
81 -0.000114612
82 0.00013744
83 2.23347e-05
84 7.45801e-05
85 8.49989e-05
86 -4.01928e-05
87 -7.316e-06
88 9.20301e-05
89 -8.55984e-05
90 0.00016098
91 -3.83284e-05
92 -4.21257e-05
93 3.11627e-05
94 -3.75991e-05
95 -4.23237e-05
96 -9.3491e-05
97 5.0939e-05
98 -0.000129281
99 -5.52074e-05
100 2.31489e-05
101 -1.99075e-06
102 7.19161e-05
103 9.35907e-05
104 3.18514e-05
105 -0.000112718
106 2.34153e-05
107 6.86899e-05
108 -4.10425e-05
109 -9.35784e-05
110 -2.76913e-05
111 -7.63338e-05
112 -2.80376e-05
113 0.000172464
114 -3.93207e-06
115 5.75853e-05
116 0.000118239
117 2.83387e-06
118 -5.607e-05
119 7.02022e-05
120 -6.71701e-05
121 -0.000119699
122 2.62675e-05
123 -2.30484e-05
124 6.80431e-05
125 2.87424e-05
126 0.000136357
127 -1.48226e-05
128 -0.000107489
129 8.27018e-06
130 1.83548e-06
131 0.000103345
132 6.41535e-05
133 7.09678e-05
134 -1.50977e-05
135 -0.000154204
136 2.81899e-05
137 2.73095e-05
138 -0.000126497
139 -3.50503e-05
140 -1.37147e-05
141 -4.94676e-05
142 0.000144895
143 7.08526e-05
144 -3.06292e-05
145 -0.000154105
146 9.18496e-05
147 -6.52872e-05
148 -4.67193e-06
149 -9.61844e-06
150 5.94262e-05
151 5.31389e-05
152 -5.5882e-05
153 -9.33795e-05
154 -4.1721e-05
155 2.01129e-05
156 -0.000223952
157 6.53821e-05
158 1.98893e-05
159 0.000101614
160 0.000108948
161 -0.000175659
162 -0.000163775
163 9.58949e-05
164 -0.000225651
165 2.11468e-05
166 0.000261583
167 2.95522e-05
168 4.53372e-05
169 1.93126e-05
170 0.000161196
171 -0.00020127
172 5.73597e-05
173 5.80201e-06
174 -0.00010751
175 5.7972e-05
176 2.51368e-05
177 -7.86024e-05
178 0.000138475
179 -8.49783e-05
180 0.00023401
181 -0.000156122
182 -0.000153747
183 -3.47353e-05
184 -4.96629e-05
185 0.000156888
186 0.00013902
187 -7.75443e-05
188 5.79973e-05
189 -3.49462e-05
190 -4.9875e-05
191 0.000157712
192 1.56642e-05
193 -6.47046e-06
194 -0.000167841
195 -7.50051e-05
196 0.000114906
197 -0.000125605
198 1.7324e-05
199 0.000183007
200 7.05277e-05
201 2.99842e-05
202 -5.20124e-05
203 -0.000189849
204 -0.000122952
205 -6.29043e-05
206 -4.48867e-05
207 0.000135239
208 3.77127e-05
209 0.00011261
210 4.07355e-05
211 -2.41482e-05
212 0.000120897
213 -0.000115684
214 9.02e-05
215 3.55566e-06
216 4.48929e-05
217 -8.82354e-05
218 -0.000107831
219 0.000116635
220 6.569e-05
221 5.84061e-05
222 -0.000140665
223 -7.70333e-05
224 -5.9713e-05
225 -9.52454e-05
226 0.000172818
227 7.57887e-05
228 2.4252e-05
229 0.000279815
230 -0.000140014
231 -0.00019893
232 -0.000164818
233 -3.34148e-05
234 -4.06956e-05
235 -2.73501e-05
236 -0.000129185
237 -3.17383e-05
238 -0.000241657
239 6.7374e-05
240 0.000106864
241 -1.94695e-05
242 7.94492e-05
243 -7.79041e-05
244 -3.94891e-05
245 3.16322e-05
246 -6.19238e-06
247 7.76304e-05
248 -9.80588e-05
249 0.000212483
250 -2.22827e-05
251 -3.37101e-05
252 -8.54058e-05
253 -2.29157e-05
254 -3.31198e-05
255 -0.000128936
256 9.36974e-05
257 0.000150532
258 -6.95522e-05
259 -0.000144981
260 0.000107249
261 0.000119784
262 -3.9264e-05
263 7.68824e-05
264 -0.000184692
265 -5.15776e-05
266 0.000155984
267 -3.75388e-05
268 -0.000108119
269 -9.01207e-05
270 4.09073e-05
271 0.000163767
272 -8.8748e-06
273 -6.93878e-05
274 5.27095e-05
275 0.000186434
276 -0.000206293
277 -7.84688e-06
278 -0.000118181
279 0.000233195
280 2.46721e-05
281 -2.32814e-05
282 -8.55116e-05
283 -0.000128748
284 -4.1181e-05
285 -3.4486e-05
286 -1.17233e-05
287 -0.000117768
288 -7.14514e-05
289 -4.27138e-05
290 -2.27452e-05
291 -2.8594e-06
292 -4.06006e-05
293 7.53308e-05
294 -5.3447e-05
295 -0.000212807
296 -5.18681e-05
297 3.44072e-05
298 5.85287e-05
299 5.26165e-05
300 3.49829e-05
301 -0.000134055
302 1.535e-05
303 8.7394e-05
304 4.72115e-06
305 0.00015391
306 -0.000122786
307 -9.36042e-05
308 1.25806e-05
309 7.90487e-05
310 -6.35139e-06
311 -4.16717e-05
312 -4.90723e-05
313 -5.25916e-05
314 8.88452e-05
315 0.000102868
316 6.62994e-05
317 9.68723e-05
318 -8.53683e-05
319 -1.15308e-06
320 0.000128214
321 -7.25965e-05
322 -2.78528e-05
323 -5.3559e-05
324 -2.66274e-05
325 -5.31815e-05
326 -8.00263e-05
327 0.000102726
328 4.83132e-05
329 -1.42398e-05
330 0.000247865
331 -2.89906e-05
332 8.78159e-05
333 -5.34048e-05
334 1.38208e-05
335 1.89298e-05
336 8.8913e-05
337 -3.97666e-05
338 -3.21052e-06
339 -0.00014252
340 0.000116329
341 -0.000150541
342 0.000100486
343 4.54849e-05
344 2.13952e-05
345 -8.32994e-05
346 8.15155e-05
347 -0.000119321
348 9.50227e-05
349 1.6608e-05
350 -8.06822e-05
351 -0.000108228
352 -7.4042e-05
353 -4.81839e-05
354 0.000337074
355 7.82642e-05
356 2.00854e-05
357 1.6289e-05
358 7.28903e-05
359 -1.55103e-05
360 -2.63169e-05
361 0.000124885
362 5.6912e-06
363 -0.000173118
364 -7.69208e-05
365 -4.0862e-05
366 8.29139e-05
367 -6.60478e-05
368 2.88152e-05
369 -3.79257e-05
370 0.000255132
371 8.55666e-05
372 0.000164896
373 0.000196117
374 3.07059e-05
375 6.03779e-05
376 1.64652e-05
377 5.56954e-05
378 4.33665e-05
379 7.82739e-05
380 0.00011839
381 0.000262413
382 -0.000283712
383 -0.000120498
384 1.23754e-05
385 2.88633e-05
386 0.000324586
387 -7.45763e-05
388 6.87232e-05
389 -7.93043e-05
390 -3.4218e-05
391 0.000174429
392 0.000260539
393 -2.56123e-05
394 0.000133569
395 -0.000110955
396 -4.27651e-05
397 -6.44177e-05
398 -1.83412e-05
399 -0.000144544
400 -7.89537e-05
401 7.62497e-05
402 2.42146e-06
403 -0.000114176
404 2.45387e-05
405 9.79829e-05
406 -7.31807e-05
407 -2.05386e-05
408 1.71384e-05
409 8.45219e-05
410 4.09763e-05
411 3.04352e-05
412 -1.37487e-06
413 -4.60129e-05
414 0.000133722
415 -0.000163857
416 1.53357e-05
417 3.68529e-05
418 0.000205681
419 -7.06699e-05
420 2.90978e-05
421 -7.29465e-06
422 3.68414e-05
423 -3.93278e-05
424 -0.000142728
425 0.000110479
426 -0.000218326
427 7.09915e-07
428 -2.84714e-05
429 2.03883e-05
430 -1.71562e-05
431 0.000141571
432 -0.000137719
433 7.55473e-05
434 -0.000119227
435 -3.60758e-05
436 -2.31217e-05
437 -3.28897e-05
438 4.42885e-05
439 5.27876e-05
440 -5.847e-05
441 0.000181462
442 5.23707e-05
443 -7.4886e-05
444 -2.16702e-05
445 -4.88764e-05
446 -7.35191e-06
447 1.13481e-05
448 -0.000135241
449 0.000128911
450 0.000207999
451 0.000130772
452 5.48711e-05
453 -6.76007e-05
454 -0.000140695
455 -4.83734e-05
456 7.19889e-05
457 -1.97545e-05
458 9.56252e-05
459 -0.000105655
460 -4.0064e-05
461 -1.82877e-05
462 4.72965e-05
463 -1.82604e-05
464 -8.89909e-05
465 -9.87089e-05
466 -6.01904e-05
467 -5.74062e-05
468 0.000187375
469 -4.49476e-06
470 -5.71432e-05
471 -0.000148015
472 3.34916e-05
473 0.000118907
474 -3.7668e-05
475 3.83357e-06
476 0.000139379
477 2.63237e-06
478 8.95869e-05
479 2.16342e-05
480 -2.67896e-05
481 -1.44835e-05
482 -2.27387e-05
483 0.000150424
484 2.7469e-05
485 -9.87976e-05
486 -0.000113804
487 0.000130886
488 -1.98908e-06
489 -2.4292e-05
490 -2.22335e-05
491 -0.000145268
492 -7.12419e-05
493 0.000125966
494 7.57882e-06
495 -8.31294e-05
496 -6.87933e-05
497 -0.00015311
498 -8.52584e-06
499 -1.40826e-05
500 -4.60771e-05
501 5.43311e-05
502 -3.52363e-05
503 8.79882e-05
504 -0.000111169
505 -4.52694e-05
506 -7.53314e-05
507 0.000182261
508 1.04347e-05
509 -0.000121291
510 -3.66964e-05
511 -8.19477e-05
512 -0.000177599
513 -5.44898e-05
514 -7.12235e-05
515 0.000140561
516 -0.000152619
517 -7.96356e-05
518 7.82942e-05
519 1.7165e-05
520 7.90651e-05
521 -2.83334e-05
522 0.00010138
523 -6.01672e-05
524 -5.80776e-05
525 -0.000130993
526 -8.51032e-05
527 -3.22833e-05
528 -5.22454e-05
529 4.48774e-05
530 6.5249e-05
531 2.77577e-05
532 0.000146708
533 9.12889e-05
534 9.95033e-06
535 0.000134355
536 -6.78646e-05
537 -0.000112336
538 0.000203138
539 -7.72946e-05
540 -0.000156712
541 -3.02601e-05
542 -1.63063e-06
543 4.56146e-05
544 9.47861e-05
545 3.50183e-07
546 3.96507e-05
547 6.61145e-05
548 -1.27716e-05
549 -1.82049e-06
550 2.97715e-05
551 2.02849e-05
552 -6.17554e-05
553 -7.17246e-05
554 -7.9611e-05
555 -5.83656e-05
556 2.72735e-05
557 0.000121181
558 2.4097e-05
559 7.53142e-05
560 -2.33024e-05
561 5.81033e-05
562 -9.47041e-06
563 7.408e-06
564 2.53745e-05
565 1.53656e-05
566 -0.000211587
567 -3.17758e-05
568 1.90243e-05
569 6.84537e-05
570 7.45268e-05
571 6.96573e-05
572 -0.000182645
573 4.39911e-05
574 -0.000152456
575 0.000158042
576 -7.22655e-05
577 -0.000101586
578 -2.09635e-05
579 -9.61737e-05
580 -0.000145202
581 -9.302e-05
582 -0.000141155
583 -1.25604e-05
584 7.46798e-05
585 0.000173866
586 -0.000137268
587 -7.5389e-05
588 0.000169389
589 -5.59429e-05
590 -1.61758e-05
591 4.39422e-05
592 3.24652e-05
593 2.83297e-05
594 -6.81445e-05
595 -0.000239723
596 1.72606e-05
597 -0.000203329
598 -8.21975e-05
599 0.000100544
600 -3.83977e-05
601 -7.47397e-05
602 4.38476e-05
603 -5.13284e-05
604 0.000117841
605 3.25369e-05
606 9.88641e-05
607 3.12898e-05
608 -6.63911e-05
609 1.30324e-05
610 1.97248e-05
611 0.000155563
612 -7.55812e-05
613 0.000102173
614 -0.00018237
615 0.00013545
616 6.8866e-05
617 0.000124386
618 -0.000116773
619 -1.00842e-05
620 -0.000147729
621 -5.07758e-05
622 -8.18937e-05
623 -0.000144697
624 0.000139106
625 -6.36702e-05
626 0.000119268
627 -6.37131e-05
628 0.000207301
629 -0.000198802
630 9.9025e-05
631 1.75082e-05
632 -8.31707e-05
633 -5.48345e-05
634 1.6418e-05
635 -3.665e-05
636 5.10667e-05
637 -0.000151814
638 3.21858e-05
639 9.38839e-05
640 6.36702e-05
641 1.80906e-06
642 0.00010738
643 -4.53305e-05
644 -4.89716e-05
645 0.000106077
646 3.05983e-05
647 -4.04915e-05
648 0.000184037
649 6.18547e-05
650 -0.000103483
651 0.000105221
652 6.51595e-05
653 -4.1796e-05
654 -0.000152565
655 -0.000109355
656 -0.000237604
657 -0.000109611
658 7.02566e-05
659 7.63383e-05
660 -0.000122457
661 1.62498e-05
662 -8.14743e-05
663 4.49678e-05
664 0.000209712
665 6.86176e-05
666 5.01419e-05
667 9.86808e-05
668 -4.27767e-05
669 -4.34835e-05
670 0.000113782
671 1.4438e-05
672 -4.82495e-05
673 -1.24189e-05
674 -1.37808e-05
675 -4.36319e-05
676 6.1019e-05
677 5.7303e-05
678 5.52241e-05
679 0.000131003
680 8.06932e-05
681 5.18863e-05
682 -0.000111717
683 -2.28368e-05
684 -9.78819e-05
685 -5.82345e-07
686 -2.46681e-05
687 5.94839e-05
688 -9.54915e-05
689 7.20605e-06
690 3.48349e-05
691 -1.1253e-05
692 5.91183e-05
693 -0.000114468
694 -6.0821e-05
695 0.000138877
696 0.000128886
697 -2.78144e-05
698 -7.16399e-05
699 -9.08795e-05
700 3.07986e-05
701 -6.21523e-05
702 -1.94538e-05
703 8.59731e-05
704 -1.69567e-05
705 -7.93035e-05
706 4.87015e-05
707 6.64439e-05
708 -1.2498e-05
709 0.000136372
710 2.3585e-05
711 -7.10511e-05
712 -9.25272e-05
713 -4.80786e-05
714 -5.52416e-05
715 -8.35737e-05
716 -5.44141e-05
717 9.14114e-05
718 -8.43236e-05
719 5.46257e-05
720 -2.85317e-05
721 -9.61213e-06
722 -9.9853e-05
723 -5.09439e-05
724 4.27333e-05
725 -0.000206477
726 -0.000101468
727 -5.21174e-06
728 -0.000117759
729 -0.000149981
730 -7.32474e-05
731 0.000120923
732 0.000140556
733 -5.36767e-05
734 7.58644e-05
735 6.30308e-05
736 4.00216e-05
737 5.38636e-05
738 5.33213e-05
739 3.91323e-05
740 -3.23895e-05
741 7.4261e-05
742 3.15602e-05
743 -6.18998e-05
744 3.19969e-05
745 -0.000266806
746 6.52769e-06
747 0.000108277
748 -3.59343e-05
749 -6.01825e-05
750 3.78492e-05
751 -0.000197845
752 -2.94819e-05
753 0.000145363
754 -0.000105076
755 8.83358e-05
756 -9.33273e-05
757 4.45925e-05
758 6.37146e-06
759 -7.2542e-05
760 4.71394e-05
761 0.000141039
762 -6.47684e-05
763 0.000107478
764 3.9902e-05
765 -1.12085e-05
766 0.000113485
767 1.88838e-05
768 5.25725e-05
769 -3.88193e-05
770 -2.26405e-05
771 0.000152562
772 7.08942e-05
773 0.000173941
774 -3.26502e-05
775 1.66878e-05
776 -0.000131977
777 0.000131982
778 -1.73801e-05
779 -0.000101921
780 0.000183836
781 -6.17696e-05
782 -7.27126e-05
783 8.71406e-05
784 2.76536e-05
785 1.53613e-05
786 -0.000176386
787 6.19632e-05
788 -7.60175e-05
789 9.02195e-05
790 3.63735e-05
791 -1.82373e-05
792 2.75549e-05
793 0.000150435
794 9.29688e-05
795 -1.56365e-05
796 -9.3232e-06
797 0.000110254
798 0.000100504
799 -9.76562e-05
800 -2.5801e-05
801 -4.66628e-05
802 -9.64004e-05
803 -8.96541e-05
804 -2.64579e-05
805 -4.98569e-05
806 -0.000130671
807 2.32837e-05
808 -5.92591e-05
809 -1.7438e-05
810 -5.40283e-05
811 5.31683e-05
812 3.53927e-05
813 1.23235e-05
814 1.80064e-05
815 -5.73467e-05
816 -1.70929e-05
817 -6.15199e-05
818 -0.000164683
819 8.32233e-05
820 -0.000133545
821 -9.08484e-05
822 0.000122835
823 0.000146744
824 3.18178e-06
825 8.70762e-05
826 2.36224e-05
827 -0.000188066
828 0.000143221
829 -4.81067e-05
830 9.56836e-06
831 6.71874e-05
832 0.000173359
833 0.000177121
834 0.000106809
835 -8.4713e-05
836 3.37186e-05
837 -8.88149e-05
838 -1.6503e-05
839 0.000154627
840 8.39118e-05
841 9.17196e-07
842 -1.42566e-05
843 -5.21661e-05
844 -8.13644e-05
845 3.16949e-05
846 -3.6772e-05
847 6.59532e-05
848 -4.15532e-05
849 4.66085e-05
850 -3.95048e-05
851 -3.75776e-05
852 -2.73185e-05
853 1.01776e-05
854 0.000256002
855 -9.41219e-05
856 -2.58387e-05
857 -3.60218e-06
858 0.000169933
859 -0.000105271
860 7.59403e-05
861 0.00017204
862 1.34367e-05
863 0.000160319
864 3.09456e-05
865 7.74015e-05
866 5.38765e-05
867 -0.000214618
868 -2.15892e-05
869 -5.889e-05
870 7.58623e-05
871 6.51443e-06
872 -0.000151383
873 -1.8663e-06
874 -8.2176e-05
875 -8.35888e-05
876 1.30807e-05
877 0.000173571
878 8.60763e-05
879 -9.91198e-06
880 -0.000161335
881 8.2408e-05
882 -3.9197e-05
883 0.000143949
884 -1.59441e-05
885 -3.24978e-05
886 0.000198921
887 -0.000111916
888 0.000171526
889 -9.99185e-05
890 -8.41831e-05
891 -9.03122e-05
892 2.55173e-05
893 5.05378e-05
894 7.81587e-05
895 -0.000166058
896 -9.14769e-05
897 -8.90325e-06
898 -7.75636e-05
899 -9.36286e-05
900 7.86759e-05
901 7.88947e-06
902 -9.19856e-05
903 0.000229581
904 1.09043e-05
905 0.000152312
906 -9.32631e-05
907 -4.89907e-05
908 -2.56916e-05
909 8.13496e-06
910 7.30922e-05
911 0.000175201
912 -0.000159473
913 5.32536e-05
914 -3.9354e-05
915 7.54271e-07
916 -3.21304e-05
917 -0.00013039
918 -0.000142177
919 0.000105816
920 -6.12612e-05
921 0.000251834
922 -0.000205762
923 9.56456e-05
924 -0.000175803
925 -0.00012747
926 -4.26872e-05
927 6.70229e-05
928 -2.9429e-05
929 -0.000120293
930 -4.10981e-05
931 8.90225e-05
932 8.0446e-05
933 0.000111842
934 -4.78523e-05
935 -5.15084e-06
936 6.89631e-05
937 -4.81569e-05
938 5.03837e-05
939 0.000189367
940 -4.40789e-05
941 -0.000101117
942 -3.35161e-05
943 3.45727e-05
944 -7.685e-05
945 -3.53474e-05
946 4.67914e-05
947 -0.000279978
948 -2.17719e-05
949 7.23962e-05
950 6.5292e-05
951 0.000173483
952 -6.9839e-05
953 4.91497e-05
954 4.95828e-05
955 -0.000172333
956 8.9846e-05
957 -0.000117483
958 -4.27353e-05
959 3.71385e-05
960 -5.45827e-05
961 0.000131293
962 -9.35436e-05
963 -0.000152547
964 -8.19171e-05
965 -3.94231e-05
966 1.05441e-05
967 0.000226706
968 -8.04996e-05
969 -0.000199586
970 -8.51716e-05
971 1.51222e-05
972 0.000109479
973 -9.01009e-05
974 -5.64743e-05
975 9.01229e-05
976 7.19927e-05
977 0.000115311
978 0.000113063
979 7.07799e-05
980 1.54547e-05
981 -4.11918e-05
982 -0.000124161
983 9.88734e-05
984 -8.32755e-05
985 9.05771e-05
986 7.97137e-05
987 8.72488e-05
988 -0.0001837
989 -0.000115528
990 0.000156391
991 0.000289369
992 -8.91814e-05
993 8.59554e-05
994 0.000109033
995 -4.67829e-05
996 -8.7032e-05
997 -0.000121692
998 -0.000271998
999 -2.69037e-06
1000 -2.81836e-05
