-0.49999999999998
-0.47664715178108
-0.4556403279347
-0.43659955844749
-0.41922833459351
-0.40329172735224
-0.3886008691687
-0.37500182545536
-0.36236752105541
-0.35059181264625
-0.3395850834
-0.32927092858971
-0.31958363135785
-0.31046621703349
-0.30186893574402
-0.29374806561389
-0.28606495858195
-0.27878527183147
-0.27187834273152
-0.26531667588058
-0.25907551858459
-0.25313250675774
-0.24746736740623
-0.24206166696053
-0.23689859705497
-0.231962791122
-0.22724016652167
-0.22271778797026
-0.21838374884433
-0.21422706757278
-0.21023759683292
-0.20640594366699
-0.20272339895675
-0.19918187495251
-0.19577384976394
-0.19249231789133
-0.18933074601756
-0.18628303339748
-0.18334347627844
-0.18050673586625
-0.1777678094188
-0.17512200410639
-0.17256491332604
-0.17009239519807
-0.1677005530076
-0.16538571738407
-0.16314443003657
-0.16097342888554
-0.15886963444964
-0.15683013736347
-0.15485218691583
-0.15293318051063
-0.15107065396337
-0.14926227255572
-0.1475058227787
-0.14579920470254
-0.14414042491769
-0.14252758999687
-0.14095890043344
-0.13943264501546
-0.13794719559909
-0.13650100224813
-0.13509258870993
-0.13372054820062
-0.13238353947497
-0.1310802831586
-0.12980955832219
-0.12857019927917
-0.12736109258991
-0.12618117425706
-0.12502942709787
-0.1239048782805
-0.12280659701262
-0.12173369237121
-0.12068531126378
-0.11966063651165
-0.11865888504702
-0.11767930621587
-0.11672118017957
-0.11578381640869
-0.11486655226273
-0.11396875165018
-0.1130898037637
-0.11222912188558
-0.11138614225889
-0.11056032302036
-0.10975114319087
-0.10895810172015
-0.10818071658234
-0.10741852391917
-0.10667107722805
-0.10593794659226
-0.10521871795076
-0.10451299240532
-0.10382038556275
-0.10314052691021
-0.10247305922172
-0.10181763799395
-0.10117393090993
-0.10054161732875
-0.099920387800076
-0.099309943601975
-0.098709996300829
-0.098120267332082
-0.097540487600741
-0.096970397100548
-0.096409744550828
-0.09585828705009
-0.095315789745487
-0.094782025517316
-0.094256774677779
-0.093739824683267
-0.093230969859484
-0.092730011138751
-0.092236755808885
-0.09175101727306
-0.091272614820125
-0.090801373404842
-0.090337123437569
-0.089879700582924
-0.089428945566994
-0.08898470399268
-0.088546826162783
-0.08811516691048
-0.087689585436808
-0.087269945154862
-0.086856113540377
-0.086447961988393
-0.08604536567573
-0.085648203429011
-0.085256357597964
-0.084869713933785
-0.084488161472312
-0.084111592421809
-0.083739902055156
-0.083372988606235
-0.083010753170341
-0.082653099608436
-0.082299934455079
-0.081951166829877
-0.081606708352291
-0.081266473059676
-0.080930377328392
-0.080598339797877
-0.080270281297545
-0.079946124776388
-0.079625795235183
-0.079309219661181
-0.07899632696518
-0.078687047920893
-0.078381315106494
-0.078079062848289
-0.077780227166386
-0.077484745722312
-0.077192557768489
-0.076903604099492
-0.076617827005021
-0.076335170224526
-0.076055578903402
-0.075778999550712
-0.075505379998365
-0.075234669361705
-0.074966818001438
-0.074701777486863
-0.074439500560352
-0.074179941103021
-0.073923054101568
-0.073668795616209
-0.07341712274969
-0.073167993617331
-0.072921367318046
-0.072677203906335
-0.072435464365182
-0.072196110579838
-0.071959105312464
-0.071724412177588
-0.071491995618351
-0.071261820883528
-0.071033854005266
-0.070808061777545
-0.070584411735316
-0.070362872134298
-0.070143411931413
-0.06992600076583
-0.069710608940605
-0.069497207404889
-0.069285767736688
-0.069076262126151
-0.06886866335938
-0.068662944802724
-0.068459080387561
-0.06825704459554
-0.068056812444262
-0.067858359473405
-0.067661661731256
-0.067466695761648
-0.067273438591286
-0.067081867717454
-0.066891961096076
-0.066703697130137
-0.066517054658439
-0.066332012944688
-0.0661485516669
-0.065966650907108
-0.065786291141375
-0.06560745323009
-0.065430118408542
-0.065254268277768
-0.065079884795653
-0.064906950268294
-0.0647354473416
-0.064565358993131
-0.064396668524169
-0.064229359552003
-0.064063416002442
-0.063898822102522
-0.063735562373426
-0.06357362162359
-0.063412984942009
-0.063253637691717
-0.063095565503448
-0.062938754269475
-0.062783190137605
-0.062628859505346
-0.062475749014227
-0.062323845544271
-0.062173136208614
-0.062023608348271
-0.061875249527037
-0.061728047526527
-0.061581990341342
-0.061437066174367
-0.061293263432189
-0.061150570720635
-0.061008976840429
-0.060868470782954
-0.060729041726135
-0.060590679030417
-0.060453372234853
-0.06031711105329
-0.06018188537065
-0.060047685239312
-0.059914500875579
-0.059782322656234
-0.059651141115191
-0.059520946940219
-0.059391730969757
-0.0592634841898
-0.059136197730873
-0.059009862865067
-0.05888447100316
-0.0587600136918
-0.058636482610763
-0.058513869570275
-0.058392166508397
-0.058271365488482
-0.058151458696682
-0.058032438439525
-0.057914297141544
-0.057797027342963
-0.057680621697446
-0.057565072969889
-0.057450374034271
-0.057336517871551
-0.057223497567623
-0.057111306311308
-0.056999937392405
-0.056889384199773
-0.056779640219476
-0.056670699032947
-0.056562554315222
-0.056455199833197
-0.056348629443922
-0.056242837092953
-0.05613781681272
-0.056033562720946
-0.055930069019098
-0.055827329990875
-0.055725340000722
-0.055624093492388
-0.055523584987513
-0.055423809084242
-0.055324760455874
-0.055226433849541
-0.055128824084917
-0.05503192605295
-0.05493573471463
-0.054840245099778
-0.054745452305863
-0.054651351496847
-0.05455793790205
-0.054465206815048
-0.054373153592586
-0.054281773653517
-0.054191062477771
-0.054101015605332
-0.054011628635252
-0.053922897224673
-0.053834817087881
-0.05374738399537
-0.053660593772934
-0.05357444230077
-0.053488925512611
-0.053404039394864
-0.053319779985773
-0.053236143374604
-0.053153125700837
-0.05307072315338
-0.052988931969799
-0.052907748435564
-0.052827168883308
-0.052747189692105
-0.05266780728676
-0.052589018137114
-0.05251081875736
-0.052433205705384
-0.052356175582101
-0.052279725030823
-0.052203850736626
-0.052128549425737
-0.052053817864932
-0.05197965286094
-0.051906051259872
-0.051833009946645
-0.051760525844431
-0.051688595914108
-0.051617217153727
-0.051546386597985
-0.051476101317714
-0.051406358419374
-0.051337155044559
-0.051268488369512
-0.05120035560465
-0.051132753994096
-0.051065680815225
-0.050999133378209
-0.050933109025582
-0.050867605131806
-0.050802619102849
-0.050738148375765
-0.050674190418293
-0.050610742728449
-0.05054780283414
-0.050485368292776
-0.050423436690892
-0.050362005643776
-0.050301072795108
-0.050240635816599
-0.050180692407643
-0.050121240294973
-0.050062277232321
-0.050003801000086
-0.049945809405014
-0.049888300279871
-0.049831271483134
-0.049774720898681
-0.049718646435492
-0.049663046027346
-0.049607917632535
-0.049553259233577
-0.049499068836932
-0.049445344472729
-0.049392084194495
-0.049339286078886
-0.049286948225428
-0.049235068756262
-0.049183645815889
-0.049132677570923
-0.049082162209848
-0.049032097942782
-0.048982483001238
-0.048933315637896
-0.048884594126377
-0.048836316761021
-0.048788481856667
-0.048741087748439
-0.048694132791537
-0.048647615361028
-0.048601533851644
-0.048555886677582
-0.048510672272307
-0.048465889088359
-0.048421535597166
-0.048377610288855
-0.048334111672071
-0.048291038273798
-0.048248388639179
-0.048206161331346
-0.048164354931251
-0.048122968037492
-0.048081999266157
-0.048041447250657
-0.048001310641566
-0.047961588106472
-0.047922278329816
-0.047883380012747
-0.047844891872971
-0.047806812644607
-0.047769141078044
-0.047731875939799
-0.047695016012385
-0.047658560094166
-0.047622506999233
-0.04758685555727
-0.047551604613422
-0.047516753028175
-0.04748229967723
-0.047448243451378
-0.047414583256385
-0.047381318012872
-0.0473484466562
-0.04731596813636
-0.047283881417855
-0.047252185479597
-0.047220879314796
-0.047189961930857
-0.047159432349274
-0.047129289605533
-0.047099532749006
-0.047070160842857
-0.047041172963946
-0.047012568202733
-0.046984345663186
-0.046956504462691
-0.04692904373196
-0.046901962614947
-0.046875260268759
-0.046848935863575
-0.04682298858256
-0.046797417621785
-0.046772222190148
-0.046747401509295
-0.046722954813544
-0.04669888134981
-0.046675180377532
-0.046651851168599
-0.046628893007281
-0.046606305190159
-0.046584087026056
-0.046562237835974
-0.046540756953024
-0.046519643722367
-0.046498897501146
-0.046478517658433
-0.046458503575159
-0.046438854644063
-0.046419570269632
-0.046400649868046
-0.046382092867121
-0.046363898706257
-0.046346066836385
-0.046328596719918
-0.046311487830697
-0.046294739653946
-0.046278351686222
-0.046262323435369
-0.046246654420473
-0.046231344171819
-0.046216392230844
-0.0462017981501
-0.04618756149321
-0.046173681834826
-0.046160158760599
-0.04614699186713
-0.046134180761941
-0.046121725063438
-0.046109624400875
-0.046097878414321
-0.04608648675463
-0.046075449083405
-0.046064765072971
-0.046054434406346
-0.046044456777209
-0.046034831889879
-0.046025559459279
-0.046016639210922
-0.046008070880876
-0.045999854215749
-0.045991988972659
-0.04598447491922
-0.045977311833514
-0.045970499504078
-0.045964037729879
-0.045957926320304
-0.045952165095133
-0.045946753884533
-0.045941692529037
-0.045936980879531
-0.045932618797243
-0.045928606153729
-0.045924942830861
-0.045921628720818
-0.045918663726077
-0.045916047759404
-0.045913780743843
-0.045911862612715
-0.045910293309608
-0.045909072788375
-0.045908201013127
-0.04590767795823
-0.045907503608306
-0.04590767795823
-0.045908201013127
-0.045909072788375
-0.045910293309609
-0.045911862612715
-0.045913780743843
-0.045916047759403
-0.045918663726077
-0.045921628720818
-0.04592494283086
-0.045928606153729
-0.045932618797243
-0.045936980879531
-0.045941692529036
-0.045946753884533
-0.045952165095133
-0.045957926320303
-0.045964037729879
-0.045970499504077
-0.045977311833514
-0.04598447491922
-0.045991988972659
-0.045999854215749
-0.046008070880876
-0.046016639210922
-0.046025559459279
-0.046034831889878
-0.046044456777209
-0.046054434406345
-0.046064765072971
-0.046075449083404
-0.04608648675463
-0.046097878414321
-0.046109624400875
-0.046121725063438
-0.046134180761941
-0.046146991867129
-0.046160158760599
-0.046173681834826
-0.046187561493209
-0.0462017981501
-0.046216392230844
-0.046231344171819
-0.046246654420473
-0.046262323435369
-0.046278351686222
-0.046294739653946
-0.046311487830697
-0.046328596719918
-0.046346066836385
-0.046363898706256
-0.046382092867121
-0.046400649868046
-0.046419570269632
-0.046438854644063
-0.046458503575159
-0.046478517658433
-0.046498897501146
-0.046519643722367
-0.046540756953024
-0.046562237835974
-0.046584087026056
-0.046606305190159
-0.046628893007281
-0.046651851168599
-0.046675180377532
-0.04669888134981
-0.046722954813544
-0.046747401509295
-0.046772222190148
-0.046797417621785
-0.046822988582561
-0.046848935863576
-0.046875260268759
-0.046901962614947
-0.04692904373196
-0.046956504462691
-0.046984345663186
-0.047012568202733
-0.047041172963946
-0.047070160842857
-0.047099532749006
-0.047129289605533
-0.047159432349274
-0.047189961930856
-0.047220879314796
-0.047252185479597
-0.047283881417855
-0.04731596813636
-0.0473484466562
-0.047381318012872
-0.047414583256384
-0.047448243451378
-0.04748229967723
-0.047516753028175
-0.047551604613422
-0.04758685555727
-0.047622506999233
-0.047658560094166
-0.047695016012385
-0.047731875939799
-0.047769141078043
-0.047806812644607
-0.047844891872971
-0.047883380012746
-0.047922278329816
-0.047961588106471
-0.048001310641566
-0.048041447250656
-0.048081999266157
-0.048122968037492
-0.048164354931251
-0.048206161331346
-0.048248388639178
-0.048291038273797
-0.048334111672071
-0.048377610288854
-0.048421535597165
-0.048465889088359
-0.048510672272307
-0.048555886677582
-0.048601533851644
-0.048647615361028
-0.048694132791537
-0.048741087748439
-0.048788481856666
-0.048836316761021
-0.048884594126377
-0.048933315637895
-0.048982483001237
-0.049032097942782
-0.049082162209848
-0.049132677570923
-0.049183645815889
-0.049235068756262
-0.049286948225428
-0.049339286078885
-0.049392084194495
-0.049445344472729
-0.049499068836932
-0.049553259233577
-0.049607917632535
-0.049663046027346
-0.049718646435492
-0.049774720898681
-0.049831271483134
-0.049888300279871
-0.049945809405014
-0.050003801000086
-0.050062277232321
-0.050121240294973
-0.050180692407643
-0.050240635816599
-0.050301072795108
-0.050362005643776
-0.050423436690892
-0.050485368292776
-0.05054780283414
-0.050610742728449
-0.050674190418293
-0.050738148375766
-0.050802619102849
-0.050867605131807
-0.050933109025582
-0.050999133378209
-0.051065680815225
-0.051132753994097
-0.05120035560465
-0.051268488369512
-0.051337155044559
-0.051406358419374
-0.051476101317714
-0.051546386597985
-0.051617217153727
-0.051688595914108
-0.051760525844431
-0.051833009946645
-0.051906051259872
-0.05197965286094
-0.052053817864932
-0.052128549425738
-0.052203850736626
-0.052279725030824
-0.052356175582102
-0.052433205705384
-0.052510818757361
-0.052589018137114
-0.05266780728676
-0.052747189692105
-0.052827168883308
-0.052907748435564
-0.0529889319698
-0.053070723153381
-0.053153125700838
-0.053236143374605
-0.053319779985773
-0.053404039394863
-0.053488925512611
-0.05357444230077
-0.053660593772934
-0.05374738399537
-0.053834817087881
-0.053922897224673
-0.054011628635252
-0.054101015605332
-0.054191062477771
-0.054281773653518
-0.054373153592586
-0.054465206815048
-0.05455793790205
-0.054651351496847
-0.054745452305863
-0.054840245099778
-0.05493573471463
-0.05503192605295
-0.055128824084917
-0.055226433849541
-0.055324760455874
-0.055423809084242
-0.055523584987513
-0.055624093492388
-0.055725340000722
-0.055827329990875
-0.055930069019098
-0.056033562720946
-0.056137816812719
-0.056242837092953
-0.056348629443922
-0.056455199833196
-0.056562554315222
-0.056670699032947
-0.056779640219476
-0.056889384199775
-0.056999937392407
-0.05711130631131
-0.057223497567625
-0.057336517871553
-0.057450374034273
-0.057565072969892
-0.057680621697448
-0.057797027342965
-0.057914297141545
-0.058032438439527
-0.058151458696684
-0.058271365488484
-0.058392166508399
-0.058513869570277
-0.058636482610765
-0.058760013691802
-0.058884471003162
-0.059009862865069
-0.059136197730875
-0.059263484189802
-0.059391730969759
-0.059520946940221
-0.059651141115193
-0.059782322656236
-0.059914500875581
-0.060047685239314
-0.060181885370652
-0.060317111053292
-0.060453372234855
-0.060590679030419
-0.060729041726137
-0.060868470782956
-0.061008976840431
-0.061150570720637
-0.061293263432191
-0.061437066174369
-0.061581990341344
-0.061728047526529
-0.061875249527039
-0.062023608348273
-0.062173136208616
-0.062323845544273
-0.062475749014228
-0.062628859505347
-0.062783190137606
-0.062938754269476
-0.06309556550345
-0.063253637691718
-0.063412984942011
-0.063573621623592
-0.063735562373428
-0.063898822102524
-0.064063416002444
-0.064229359552005
-0.06439666852417
-0.064565358993133
-0.064735447341601
-0.064906950268295
-0.065079884795654
-0.065254268277769
-0.065430118408544
-0.065607453230091
-0.065786291141376
-0.065966650907109
-0.066148551666901
-0.06633201294469
-0.06651705465844
-0.066703697130138
-0.066891961096078
-0.067081867717456
-0.067273438591288
-0.06746669576165
-0.067661661731258
-0.067858359473407
-0.068056812444264
-0.068257044595542
-0.068459080387563
-0.068662944802726
-0.068868663359382
-0.069076262126153
-0.06928576773669
-0.069497207404891
-0.069710608940607
-0.069926000765832
-0.070143411931415
-0.0703628721343
-0.070584411735318
-0.070808061777548
-0.071033854005269
-0.071261820883531
-0.071491995618354
-0.071724412177589
-0.071959105312466
-0.07219611057984
-0.072435464365184
-0.072677203906337
-0.072921367318048
-0.073167993617333
-0.073417122749692
-0.07366879561621
-0.07392305410157
-0.074179941103023
-0.074439500560353
-0.074701777486865
-0.074966818001439
-0.075234669361706
-0.075505379998366
-0.075778999550713
-0.076055578903404
-0.076335170224528
-0.076617827005023
-0.076903604099493
-0.07719255776849
-0.077484745722314
-0.077780227166388
-0.078079062848291
-0.078381315106495
-0.078687047920894
-0.078996326965182
-0.079309219661182
-0.079625795235185
-0.079946124776389
-0.080270281297546
-0.080598339797879
-0.080930377328393
-0.081266473059677
-0.081606708352293
-0.081951166829878
-0.08229993445508
-0.082653099608437
-0.083010753170342
-0.083372988606237
-0.083739902055157
-0.084111592421811
-0.084488161472313
-0.084869713933787
-0.085256357597966
-0.085648203429013
-0.086045365675732
-0.086447961988395
-0.086856113540379
-0.087269945154864
-0.087689585436809
-0.088115166910482
-0.088546826162785
-0.088984703992681
-0.089428945566996
-0.089879700582925
-0.09033712343757
-0.090801373404843
-0.091272614820126
-0.091751017273061
-0.092236755808886
-0.092730011138752
-0.093230969859484
-0.093739824683267
-0.09425677467778
-0.094782025517317
-0.095315789745488
-0.095858287050091
-0.096409744550829
-0.096970397100549
-0.097540487600742
-0.098120267332083
-0.09870999630083
-0.099309943601976
-0.099920387800077
-0.10054161732875
-0.10117393090994
-0.10181763799395
-0.10247305922172
-0.10314052691022
-0.10382038556275
-0.10451299240532
-0.10521871795076
-0.10593794659227
-0.10667107722806
-0.10741852391917
-0.10818071658234
-0.10895810172015
-0.10975114319087
-0.11056032302037
-0.11138614225889
-0.11222912188558
-0.1130898037637
-0.11396875165018
-0.11486655226273
-0.11578381640869
-0.11672118017957
-0.11767930621587
-0.11865888504702
-0.11966063651165
-0.12068531126378
-0.12173369237121
-0.12280659701262
-0.12390487828051
-0.12502942709787
-0.12618117425706
-0.12736109258991
-0.12857019927917
-0.12980955832219
-0.1310802831586
-0.13238353947497
-0.13372054820062
-0.13509258870993
-0.13650100224813
-0.13794719559909
-0.13943264501546
-0.14095890043344
-0.14252758999687
-0.1441404249177
-0.14579920470254
-0.1475058227787
-0.14926227255572
-0.15107065396336
-0.15293318051062
-0.15485218691583
-0.15683013736347
-0.15886963444964
-0.16097342888554
-0.16314443003657
-0.16538571738407
-0.1677005530076
-0.17009239519806
-0.17256491332604
-0.17512200410638
-0.1777678094188
-0.18050673586625
-0.18334347627844
-0.18628303339747
-0.18933074601755
-0.19249231789132
-0.19577384976393
-0.1991818749525
-0.20272339895674
-0.20640594366699
-0.21023759683291
-0.21422706757278
-0.21838374884433
-0.22271778797026
-0.22724016652166
-0.231962791122
-0.23689859705497
-0.24206166696053
-0.24746736740623
-0.25313250675774
-0.25907551858459
-0.26531667588057
-0.27187834273151
-0.27878527183147
-0.28606495858195
-0.29374806561389
-0.30186893574401
-0.31046621703348
-0.31958363135785
-0.32927092858971
-0.3395850834
-0.35059181264625
-0.3623675210554
-0.37500182545535
-0.38860086916869
-0.40329172735224
-0.41922833459351
-0.43659955844749
-0.4556403279347
-0.47664715178109
-0.49999999999998
