-0.50000618946127
-0.45244823977816
-0.40950247690931
-0.37071241332161
-0.33566777448171
-0.3039996906077
-0.27537640751984
-0.249499457397
-0.22610023758419
-0.20493695190901
-0.18579187441776
-0.16846890017007
-0.1527913518453
-0.13860001450437
-0.12575137399397
-0.11411603723791
-0.10357731508553
-0.094029950524408
-0.085378976951524
-0.077538692864747
-0.070431740814207
-0.063988279762368
-0.05814524116431
-0.052845660112542
-0.048038073809394
-0.043675980447704
-0.03971735230904
-0.036124197538001
-0.032862165630465
-0.029900192190605
-0.027210178973265
-0.024766705640754
-0.022546770031953
-0.020529554071342
-0.018696212740637
-0.017029683799823
-0.015514516180736
-0.014136715188169
-0.012883602833184
-0.011743691793368
-0.010706571647178
-0.0097628061663013
-0.0089038405725287
-0.008121917775698
-0.0074100027080468
-0.0067617139589324
-0.0061712619935321
-0.0056333933106344
-0.0051433399588764
-0.0046967738885264
-0.0042897656678004
-0.0039187471393568
-0.0035804776345748
-0.0032720134009511
-0.0029906799319026
-0.0027340469188161
-0.0024999055726709
-0.0022862480873234
-0.0020912490388185
-0.0019132485351758
-0.0017507369491619
-0.0016023410828699
-0.0014668116275826
-0.0013430117956485
-0.0012299070130038
-0.0011265555717563
-0.0010321001519089
-0.00094576013008565
-0.00086682460098736
-0.00079464604444713
-0.00072863457736587
-0.00066825273562571
-0.00061301073630753
-0.00056246217527582
-0.00051620011946476
-0.00047385355705915
-0.00043508417225545
-0.0003995834144343
-0.00036706983442957
-0.00033728666315383
-0.00030999961016763
-0.00028499486188578
-0.00026207726102226
-0.00024106865059363
-0.00022180636736591
-0.00020414187103612
-0.00018793949672066
-0.00017307531947669
-0.000159436120633
-0.00014691844665114
-0.0001354277520987
-0.00012487761909764
-0.00011518904630722
-0.00010628980115286
-9.8113829577123e-05
-9.0600718125912e-05
-8.3695203652064e-05
-7.7346726351958e-05
-7.1509022247063e-05
-6.6139751565694e-05
-6.1200159817683e-05
-5.6654768634723e-05
-5.2471093721667e-05
-4.8619387502293e-05
-4.5072404261171e-05
-4.1805185785036e-05
-3.8794865683124e-05
-3.602049073411e-05
-3.3462857752731e-05
-3.1104364606068e-05
-2.8928874132924e-05
-2.692158982928e-05
-2.5068942267033e-05
-2.3358485302566e-05
-2.1778801220136e-05
-2.0319414024821e-05
-1.8970710175587e-05
-1.7723866109623e-05
-1.6570781968409e-05
-1.5504020975723e-05
-1.4516753994297e-05
-1.3602708797819e-05
-1.2756123656133e-05
-1.1971704860773e-05
-1.1244587848669e-05
-1.057030161564e-05
-9.9447361371535e-06
-9.364112536329e-06
-8.8249557636069e-06
-8.3240695754797e-06
-7.8585136120844e-06
-7.4255823973765e-06
-7.0227860961091e-06
-6.647832878508e-06
-6.2986127575352e-06
-5.9731827702117e-06
-5.6697533936545e-06
-5.3866760870435e-06
-5.1224318667567e-06
-4.8756208282148e-06
-4.6449525316814e-06
-4.4292371821553e-06
-4.2273775357909e-06
-4.0383614709852e-06
-3.8612551701579e-06
-3.695196859608e-06
-3.5393910621392e-06
-3.3931033177e-06
-3.255655336638e-06
-3.1264205461387e-06
-3.0048199977241e-06
-2.8903186089156e-06
-2.7824217073144e-06
-2.680671854399e-06
-2.5846459269265e-06
-2.4939524308686e-06
-2.4082290345915e-06
-2.3271402965042e-06
-2.2503755773625e-06
-2.1776471187025e-06
-2.1086882729238e-06
-2.0432518779173e-06
-1.9811087577276e-06
-1.9220463431445e-06
-1.8658674022151e-06
-1.8123888699015e-06
-1.7614407713389e-06
-1.7128652284606e-06
-1.6665155458999e-06
-1.6222553675364e-06
-1.5799578997146e-06
-1.5395051943161e-06
-1.5007874890827e-06
-1.4637025967648e-06
-1.4281553445374e-06
-1.3940570545535e-06
-1.3613250648828e-06
-1.329882289482e-06
-1.2996568085715e-06
-1.2705814921469e-06
-1.2425936528801e-06
-1.2156347247006e-06
-1.1896499652417e-06
-1.1645881820485e-06
-1.1404014786549e-06
-1.1170450199685e-06
-1.0944768156794e-06
-1.0726575189918e-06
-1.0515502417076e-06
-1.0311203818786e-06
-1.0113354651965e-06
-9.9216499716575e-07
-9.7358032718854e-07
-9.5555452210585e-07
-9.3806224901029e-07
-9.2107966650423e-07
-9.0458432478418e-07
-8.8855507173724e-07
-8.7297196622999e-07
-8.5781619923966e-07
-8.4307001626088e-07
-8.2871665127647e-07
-8.1474026123404e-07
-8.011258660234e-07
-7.8785929317004e-07
-7.7492712659081e-07
-7.6231665796734e-07
-7.5001584313234e-07
-7.3801325948702e-07
-7.2629806775852e-07
-7.1485997623915e-07
-7.0368920757916e-07
-6.927764663505e-07
-6.8211291103835e-07
-6.7169012653696e-07
-6.6150009880868e-07
-6.5153519138709e-07
-6.4178812297932e-07
-6.3225194746225e-07
-6.2292003429936e-07
-6.1378605024889e-07
-6.0484394338128e-07
-5.9608792647285e-07
-5.8751246305334e-07
-5.7911225309205e-07
-5.7088222031582e-07
-5.6281750019349e-07
-5.5491342852233e-07
-5.4716553068522e-07
-5.3956951250547e-07
-5.3212124925949e-07
-5.2481677879211e-07
-5.1765229176371e-07
-5.1062412500385e-07
-5.0372875330946e-07
-4.9696278321294e-07
-4.9032294679437e-07
-4.8380609453527e-07
-4.774091906857e-07
-4.7112930737548e-07
-4.649636196377e-07
-4.5890940048211e-07
-4.5296401676313e-07
-4.4712492447688e-07
-4.4138966487463e-07
-4.3575586109582e-07
-4.3022121351801e-07
-4.2478349775223e-07
-4.1944056020803e-07
-4.1419031569015e-07
-4.0903074416552e-07
-4.0395988865462e-07
-3.9897585167669e-07
-3.9407679374859e-07
-3.8926093006614e-07
-3.8452652952426e-07
-3.7987191152503e-07
-3.7529544415439e-07
-3.7079554289486e-07
-3.6637066817621e-07
-3.6201932406179e-07
-3.577400563351e-07
-3.5353145098752e-07
-3.4939213295223e-07
-3.4532076425848e-07
-3.4131604319752e-07
-3.3737670262828e-07
-3.3350150909209e-07
-3.296892613715e-07
-3.2593878871948e-07
-3.2224895150941e-07
-3.1861863882034e-07
-3.1504676771211e-07
-3.1153228253618e-07
-3.0807415382281e-07
-3.0467137706928e-07
-3.0132297370212e-07
-2.9802798743646e-07
-2.9478548582707e-07
-2.9159455824931e-07
-2.8845431602569e-07
-2.8536389120274e-07
-2.8232243606317e-07
-2.7932912289832e-07
-2.7638314263121e-07
-2.7348370499908e-07
-2.706300374253e-07
-2.6782138480986e-07
-2.65057009191e-07
-2.6233618880856e-07
-2.5965821784686e-07
-2.570224060982e-07
-2.5442807812738e-07
-2.5187457369875e-07
-2.4936124641052e-07
-2.4688746369039e-07
-2.4445260644452e-07
-2.4205606874119e-07
-2.396972573887e-07
-2.3737559162336e-07
-2.3509050280937e-07
-2.3284143381287e-07
-2.3062783918607e-07
-2.2844918466473e-07
-2.2630494666995e-07
-2.2419461241854e-07
-2.2211767933146e-07
-2.200736549784e-07
-2.1806205674718e-07
-2.1608241154492e-07
-2.1413425554609e-07
-2.1221713433637e-07
-2.1033060216968e-07
-2.0847422194477e-07
-2.0664756515941e-07
-2.0485021153237e-07
-2.0308174892738e-07
-2.0134177310572e-07
-1.9962988755796e-07
-1.9794570311221e-07
-1.9628883814286e-07
-1.9465891813628e-07
-1.9305557581297e-07
-1.9147845064944e-07
-1.8992718874086e-07
-1.8840144279131e-07
-1.8690087211417e-07
-1.8542514217687e-07
-1.8397392469377e-07
-1.8254689712773e-07
-1.8114374338214e-07
-1.7976415269422e-07
-1.7840782001524e-07
-1.7707444592964e-07
-1.7576373646563e-07
-1.7447540289257e-07
-1.7320916174258e-07
-1.7196473447002e-07
-1.7074184776222e-07
-1.6954023309639e-07
-1.6835962658474e-07
-1.6719976939257e-07
-1.6606040694115e-07
-1.6494128937316e-07
-1.6384217116082e-07
-1.6276281117869e-07
-1.6170297263752e-07
-1.6066242270252e-07
-1.5964093240478e-07
-1.5863827807762e-07
-1.5765423853295e-07
-1.5668859706136e-07
-1.5574114076362e-07
-1.5481166020662e-07
-1.5389995006849e-07
-1.5300580827278e-07
-1.521290363957e-07
-1.512694395258e-07
-1.5042682589924e-07
-1.4960100742755e-07
-1.4879179940931e-07
-1.4799901979753e-07
-1.4722249020196e-07
-1.4646203512132e-07
-1.4571748227809e-07
-1.449886624133e-07
-1.4427540912788e-07
-1.4357755882296e-07
-1.4289495104767e-07
-1.4222742794568e-07
-1.415748346005e-07
-1.4093701853731e-07
-1.4031383022061e-07
-1.3970512275045e-07
-1.3911075167398e-07
-1.3853057509188e-07
-1.3796445368358e-07
-1.3741225059433e-07
-1.3687383143377e-07
-1.3634906415386e-07
-1.3583781900877e-07
-1.3533996860424e-07
-1.3485538778277e-07
-1.3438395390398e-07
-1.3392554620105e-07
-1.3348004630649e-07
-1.3304733775195e-07
-1.3262730637582e-07
-1.3221984026691e-07
-1.3182482916346e-07
-1.3144216498384e-07
-1.3107174193415e-07
-1.3071345570531e-07
-1.303672042649e-07
-1.3003288729763e-07
-1.2971040655381e-07
-1.293996654597e-07
-1.2910056935258e-07
-1.2881302540716e-07
-1.285369424488e-07
-1.282722313152e-07
-1.2801880418683e-07
-1.2777657531193e-07
-1.2754546047737e-07
-1.2732537708423e-07
-1.2711624421987e-07
-1.2691798266611e-07
-1.2673051466132e-07
-1.2655376418426e-07
-1.2638765648395e-07
-1.262321187632e-07
-1.2608707948332e-07
-1.2595246859049e-07
-1.2582821751225e-07
-1.2571425924226e-07
-1.2561052827107e-07
-1.2551696025484e-07
-1.2543349247614e-07
-1.2536006365589e-07
-1.2529661364239e-07
-1.2524308400052e-07
-1.2519941722079e-07
-1.2516555744587e-07
-1.2514144988096e-07
-1.2512704136239e-07
-1.2512227982832e-07
-1.2512711437586e-07
-1.2514149545798e-07
-1.2516537500411e-07
-1.2519870576776e-07
-1.252414420141e-07
-1.2529353895428e-07
-1.2535495343169e-07
-1.2542564294966e-07
-1.2550556646979e-07
-1.2559468420193e-07
-1.2569295733726e-07
-1.2580034807537e-07
-1.2591682029157e-07
-1.2604233811778e-07
-1.261768675103e-07
-1.2632037517159e-07
-1.2647282904057e-07
-1.2663419797883e-07
-1.2680445223954e-07
-1.2698356279132e-07
-1.2717150164706e-07
-1.2736824205782e-07
-1.2757375830166e-07
-1.2778802549497e-07
-1.2801101996465e-07
-1.2824271885261e-07
-1.2848310040903e-07
-1.2873214384508e-07
-1.2898982956034e-07
-1.2925613848497e-07
-1.2953105289696e-07
-1.2981455591421e-07
-1.3010663163149e-07
-1.3040726487891e-07
-1.3071644188195e-07
-1.3103414938553e-07
-1.3136037529593e-07
-1.316951083587e-07
-1.3203833814254e-07
-1.3239005536392e-07
-1.3275025146881e-07
-1.3311891890005e-07
-1.3349605095819e-07
-1.3388164184566e-07
-1.3427568651015e-07
-1.3467818120347e-07
-1.3508912248429e-07
-1.355085083033e-07
-1.3593633721543e-07
-1.3637260858485e-07
-1.3681732301723e-07
-1.3727048130077e-07
-1.3773208590969e-07
-1.3820213954539e-07
-1.3868064604215e-07
-1.391676100698e-07
-1.3966303710197e-07
-1.4016693329968e-07
-1.406793059983e-07
-1.4120016321533e-07
-1.4172951363665e-07
-1.4226736704398e-07
-1.4281373396764e-07
-1.4336862578863e-07
-1.4393205456942e-07
-1.4450403338683e-07
-1.4508457618221e-07
-1.4567369739984e-07
-1.4627141277417e-07
-1.4687773844956e-07
-1.4749269166338e-07
-1.4811629035175e-07
-1.4874855335787e-07
-1.4938950005213e-07
-1.5003915132913e-07
-1.5069752818017e-07
-1.5136465264788e-07
-1.5204054786309e-07
-1.527252373272e-07
-1.5341874581618e-07
-1.5412109853337e-07
-1.5483232176081e-07
-1.5555244277738e-07
-1.5628148917348e-07
-1.5701948965817e-07
-1.5776647403049e-07
-1.5852247232574e-07
-1.5928751608148e-07
-1.6006163698758e-07
-1.6084486808361e-07
-1.61637243134e-07
-1.6243879670214e-07
-1.6324956419661e-07
-1.6406958162974e-07
-1.648988865131e-07
-1.6573751636447e-07
-1.6658551023796e-07
-1.6744290781439e-07
-1.6830974949438e-07
-1.6918607673906e-07
-1.7007193180326e-07
-1.7096735776852e-07
-1.7187239862236e-07
-1.7278709937403e-07
-1.7371150555331e-07
-1.7464566395938e-07
-1.7558962219442e-07
-1.7654342841488e-07
-1.775071322755e-07
-1.7848078392291e-07
-1.7946443430808e-07
-1.804581356188e-07
-1.8146194099527e-07
-1.8247590414608e-07
-1.8350007987932e-07
-1.8453452397049e-07
-1.8557929328266e-07
-1.8663444534068e-07
-1.8770003878775e-07
-1.8877613309371e-07
-1.898627889536e-07
-1.9096006766393e-07
-1.9206803204978e-07
-1.931867452884e-07
-1.9431627199056e-07
-1.954566774906e-07
-1.9660802853886e-07
-1.9777039230222e-07
-1.98943837355e-07
-2.0012843348882e-07
-2.0132425102261e-07
-2.0253136169208e-07
-2.0374983824083e-07
-2.0497975436494e-07
-2.0622118488159e-07
-2.0747420584466e-07
-2.0873889404468e-07
-2.1001532763513e-07
-2.113035860196e-07
-2.1260374931543e-07
-2.1391589916134e-07
-2.1524011818503e-07
-2.1657649005776e-07
-2.1792509976472e-07
-2.1928603336291e-07
-2.2065937827282e-07
-2.2204522290527e-07
-2.2344365698843e-07
-2.2485477138664e-07
-2.2627865845873e-07
-2.2771541130083e-07
-2.2916512495923e-07
-2.3062789506863e-07
-2.3210381897267e-07
-2.3359299526883e-07
-2.3509552356127e-07
-2.3661150528457e-07
-2.3814104276717e-07
-2.3968423996568e-07
-2.412412019992e-07
-2.4281203559187e-07
-2.4439684875785e-07
-2.4599575090698e-07
-2.4760885281995e-07
-2.4923626688252e-07
-2.5087810690014e-07
-2.5253448817985e-07
-2.5420552720495e-07
-2.5589134256188e-07
-2.57592053658e-07
-2.5930778249762e-07
-2.6103865163942e-07
-2.6278478566028e-07
-2.6454631067798e-07
-2.6632335456208e-07
-2.6811604647007e-07
-2.6992451787246e-07
-2.7174890132399e-07
-2.735893313678e-07
-2.7544594414427e-07
-2.7731887790071e-07
-2.7920827223613e-07
-2.8111426878124e-07
-2.830370107818e-07
-2.8497664379103e-07
-2.8693331477981e-07
-2.8890717276502e-07
-2.9089836873571e-07
-2.929070556046e-07
-2.949333882011e-07
-2.9697752361012e-07
-2.9903962051007e-07
-3.011198400632e-07
-3.0321834535125e-07
-3.0533530138666e-07
-3.074708757999e-07
-3.0962523781469e-07
-3.1179855948915e-07
-3.1399101461037e-07
-3.1620277947546e-07
-3.184340326034e-07
-3.2068495491822e-07
-3.2295572977873e-07
-3.2524654275229e-07
-3.2755758211086e-07
-3.2988903833802e-07
-3.3224110461595e-07
-3.3461397658854e-07
-3.3700785282776e-07
-3.3942293383881e-07
-3.4185942344713e-07
-3.4431752812554e-07
-3.4679745671963e-07
-3.4929942126176e-07
-3.5182363640473e-07
-3.5437031980359e-07
-3.5693969203907e-07
-3.5953197665809e-07
-3.6214740029128e-07
-3.6478619257e-07
-3.6744858634368e-07
-3.7013481768957e-07
-3.7284512568327e-07
-3.7557975285998e-07
-3.7833894537095e-07
-3.8112295222079e-07
-3.8393202616089e-07
-3.8676642413631e-07
-3.8962640481384e-07
-3.9251223230812e-07
-3.9542417388472e-07
-3.983625003119e-07
-4.0132748656157e-07
-4.0431941123803e-07
-4.0733855711398e-07
-4.1038521091845e-07
-4.1345966341931e-07
-4.1656220974617e-07
-4.1969314913781e-07
-4.2285278532771e-07
-4.260414265638e-07
-4.2925938517543e-07
-4.3250697846748e-07
-4.3578452842447e-07
-4.3909236165464e-07
-4.4243080980053e-07
-4.458002090214e-07
-4.4920090135068e-07
-4.5263323310045e-07
-4.5609755647652e-07
-4.5959422860401e-07
-4.6312361240118e-07
-4.6668607669045e-07
-4.702819947797e-07
-4.7391174658072e-07
-4.7757571837074e-07
-4.8127430171814e-07
-4.8500789471493e-07
-4.887769016872e-07
-4.9258173350267e-07
-4.9642280743904e-07
-5.0030054772521e-07
-5.0421538523103e-07
-5.0816775798943e-07
-5.1215811105373e-07
-5.1618689710744e-07
-5.2025457597249e-07
-5.2436161551049e-07
-5.2850849124772e-07
-5.3269568646749e-07
-5.3692369328534e-07
-5.4119301172751e-07
-5.4550415070478e-07
-5.4985762783958e-07
-5.5425396973164e-07
-5.5869371223593e-07
-5.6317740091222e-07
-5.6770559076507e-07
-5.7227884687073e-07
-5.7689774446733e-07
-5.8156286939891e-07
-5.862748182048e-07
-5.9103419834781e-07
-5.9584162854425e-07
-6.0069773952277e-07
-6.056031736236e-07
-6.1055858546358e-07
-6.1556464220211e-07
-6.206220241782e-07
-6.2573142476496e-07
-6.3089355124362e-07
-6.3610912488775e-07
-6.4137888137483e-07
-6.4670357136741e-07
-6.5208396095642e-07
-6.5752083189143e-07
-6.6301498232404e-07
-6.6856722720961e-07
-6.7417839870012e-07
-6.79849347084e-07
-6.8558094070322e-07
-6.9137406741868e-07
-6.9722963398246e-07
-7.0314856808297e-07
-7.0913181812721e-07
-7.1518035445179e-07
-7.2129516939725e-07
-7.2747727876017e-07
-7.3372772233729e-07
-7.4004756464585e-07
-7.4643789622779e-07
-7.5289983392482e-07
-7.5943452272958e-07
-7.6604313591504e-07
-7.7272687681725e-07
-7.7948697959225e-07
-7.8632471055091e-07
-7.9324136940553e-07
-8.0023829064821e-07
-8.0731684477813e-07
-8.1447844016252e-07
-8.2172452404376e-07
-8.2905658451242e-07
-8.3647615241513e-07
-8.4398480288968e-07
-8.5158415710169e-07
-8.5927588517408e-07
-8.670617071526e-07
-8.7494339608718e-07
-8.8292278033376e-07
-8.9100174597993e-07
-8.9918223957499e-07
-9.074662710983e-07
-9.1585591694572e-07
-9.2435332337217e-07
-9.3296070952428e-07
-9.4168037125643e-07
-9.5051468553535e-07
-9.5946611381552e-07
-9.6853720658409e-07
-9.7773060877078e-07
-9.8704906339377e-07
-9.9649541857241e-07
-1.0060726315106e-06
-1.0157837754259e-06
-1.0256320461129e-06
-1.0356207681785e-06
-1.0457534027042e-06
-1.0560335551929e-06
-1.0664649836442e-06
-1.0770516073124e-06
-1.087797517979e-06
-1.0987069870219e-06
-1.1097844786197e-06
-1.1210346612954e-06
-1.1324624193534e-06
-1.1440728673446e-06
-1.1558713642718e-06
-1.167863528481e-06
-1.1800552543768e-06
-1.1924527307025e-06
-1.2050624587509e-06
-1.2178912735133e-06
-1.2309463650796e-06
-1.2442353022935e-06
-1.2577660585327e-06
-1.2715470380945e-06
-1.285587106718e-06
-1.2998956215636e-06
-1.3144824661777e-06
-1.3293580863532e-06
-1.3445335293497e-06
-1.3600204868786e-06
-1.375831340005e-06
-1.3919792078477e-06
-1.4084780011477e-06
-1.4253424788462e-06
-1.4425883094727e-06
-1.4602321374134e-06
-1.4782916543909e-06
-1.4967856767269e-06
-1.5157342282662e-06
-1.5351586301532e-06
-1.5550815984891e-06
-1.5755273486038e-06
-1.5965217076198e-06
-1.618092238285e-06
-1.6402683698554e-06
-1.6630815418571e-06
-1.6865653580605e-06
-1.7107557539797e-06
-1.7356911773538e-06
-1.7614127838529e-06
-1.7879646491542e-06
-1.8153939972429e-06
-1.8437514495772e-06
-1.8730912914765e-06
-1.9034717659575e-06
-1.9349553866047e-06
-1.9676092796919e-06
-2.0015055538038e-06
-2.0367217003294e-06
-2.0733410295481e-06
-2.1114531391663e-06
-2.1511544272544e-06
-2.1925486454031e-06
-2.2357474987821e-06
-2.2808713004781e-06
-2.3280496760574e-06
-2.3774223334441e-06
-2.4291398953054e-06
-2.4833648036323e-06
-2.5402723024281e-06
-2.6000515041088e-06
-2.6629065482957e-06
-2.7290578602643e-06
-2.7987435185281e-06
-2.8722207402611e-06
-2.9497674965779e-06
-3.031684267265e-06
-3.1182959501984e-06
-3.2099539343581e-06
-3.3070383568588e-06
-3.4099605566714e-06
-3.5191657441409e-06
-3.6351359041974e-06
-3.7583929562752e-06
-3.8895021930981e-06
-4.0290760221339e-06
-4.1777780403767e-06
-4.3363274691962e-06
-4.5055039831417e-06
-4.6861529693621e-06
-4.8791912557895e-06
-5.0856133509778e-06
-5.3064982413181e-06
-5.5430167996473e-06
-5.7964398566322e-06
-6.0681469991973e-06
-6.3596361621409e-06
-6.6725340837433e-06
-7.0086077084885e-06
-7.3697766170184e-06
-7.7581265937395e-06
-8.1759244158925e-06
-8.6256339944724e-06
-9.1099339839283e-06
-9.6317370021914e-06
-1.0194210605135e-05
-1.0800800184169e-05
-1.1455253965468e-05
-1.2161650304146e-05
-1.2924427493487e-05
-1.3748416322084e-05
-1.4638875637325e-05
-1.5601531199754e-05
-1.6642618138239e-05
-1.7768927344383e-05
-1.8987856182106e-05
-2.0307463918913e-05
-2.1736532327713e-05
-2.3284631951564e-05
-2.4962194569944e-05
-2.6780592458309e-05
-2.8752225091439e-05
-3.0890614000053e-05
-3.3210506567555e-05
-3.5727989617968e-05
-3.8460613746112e-05
-4.1427529416836e-05
-4.4649635975178e-05
-4.8149744812528e-05
-5.1952758060009e-05
-5.6085864318751e-05
-6.0578753075828e-05
-6.5463849632785e-05
-7.0776572540876e-05
-7.6555615742771e-05
-8.2843257840557e-05
-8.9685701144087e-05
-9.7133443426709e-05
-0.00010524168560413
-0.000114070778874
-0.00012368671521224
-0.00013416166551008
-0.0001455745700705
-0.00015801178665962
-0.00017156780182739
-0.00018634601180225
-0.00020245957989309
-0.00022003237804209
-0.0002392000209522
-0.00026011100206615
-0.00028292794163151
-0.00030782895811793
-0.00033500917543434
-0.00036468237964522
-0.00039708284031008
-0.00043246731313449
-0.0004711172423314
-0.00051334118300678
-0.00055947746598726
-0.00060989712983409
-0.00066500714736724
-0.00072525397686974
-0.00079112747129801
-0.00086316518230698
-0.00094195709976169
-0.0010281508716834
-0.0011224575543008
-0.0012256579471262
-0.0013386095737677
-0.0014622543756267
-0.0015976271927394
-0.0017458651139266
-0.0019082177871495
-0.0020860587906795
-0.0022808981764263
-0.002494396308712
-0.0027283791349891
-0.0029848550396885
-0.0032660334486566
-0.0035743453697339
-0.0039124660750616
-0.0042833401530242
-0.0046902091824401
-0.0051366423091275
-0.0056265700354917
-0.0061643215677296
-0.0067546661029609
-0.0074028584805417
-0.00811468966844
-0.0088965426074421
-0.0097554539936444
-0.010699182643928
-0.011736285160564
-0.012876199690696
-0.014129338665035
-0.015507191498834
-0.017022438348161
-0.018689076137048
-0.02052255820773
-0.022539949098535
-0.024760096123873
-0.027203819620423
-0.029894123935181
-0.032856431467281
-0.036118842339361
-0.039712422569055
-0.043671523940602
-0.048034139145074
-0.052842296169709
-0.058142496378142
-0.063986201239638
-0.070430373244016
-0.077538077187363
-0.085379148741041
-0.094030938032817
-0.10357913688593
-0.1141186993927
-0.12575486665912
-0.13860430786315
-0.15279639124227
-0.16847460028851
-0.18579811230897
-0.20494355863763
-0.22610698819781
-0.24950605885687
-0.27538248413712
-0.30400476641093
-0.33567125178674
-0.37071354657344
-0.40950034060186
-0.45244168891139
-0.49999381053867
