   0.0000000e+00  -5.0000000e-01
   1.0000000e-01  -4.6007616e-01
   2.0000000e-01  -4.2514894e-01
   3.0000000e-01  -3.9448295e-01
   4.0000000e-01  -3.6746251e-01
   5.0000000e-01  -3.4357060e-01
   6.0000000e-01  -3.2237177e-01
   7.0000000e-01  -3.0349825e-01
   8.0000000e-01  -2.8663846e-01
   9.0000000e-01  -2.7152777e-01
   1.0000000e+00  -2.5794073e-01
   1.1000000e+00  -2.4568476e-01
   1.2000000e+00  -2.3459492e-01
   1.3000000e+00  -2.2452957e-01
   1.4000000e+00  -2.1536673e-01
   1.5000000e+00  -2.0700110e-01
   1.6000000e+00  -1.9934155e-01
   1.7000000e+00  -1.9230899e-01
   1.8000000e+00  -1.8583464e-01
   1.9000000e+00  -1.7985851e-01
   2.0000000e+00  -1.7432817e-01
   2.1000000e+00  -1.6919769e-01
   2.2000000e+00  -1.6442672e-01
   2.3000000e+00  -1.5997976e-01
   2.4000000e+00  -1.5582548e-01
   2.5000000e+00  -1.5193618e-01
   2.6000000e+00  -1.4828732e-01
   2.7000000e+00  -1.4485711e-01
   2.8000000e+00  -1.4162616e-01
   2.9000000e+00  -1.3857718e-01
   3.0000000e+00  -1.3569471e-01
   3.1000000e+00  -1.3296493e-01
   3.2000000e+00  -1.3037539e-01
   3.3000000e+00  -1.2791504e-01
   3.4000000e+00  -1.2557374e-01
   3.5000000e+00  -1.2334246e-01
   3.6000000e+00  -1.2121302e-01
   3.7000000e+00  -1.1917800e-01
   3.8000000e+00  -1.1723067e-01
   3.9000000e+00  -1.1536494e-01
   4.0000000e+00  -1.1357523e-01
   4.1000000e+00  -1.1185647e-01
   4.2000000e+00  -1.1020405e-01
   4.3000000e+00  -1.0861372e-01
   4.4000000e+00  -1.0708161e-01
   4.5000000e+00  -1.0560416e-01
   4.6000000e+00  -1.0417811e-01
   4.7000000e+00  -1.0280043e-01
   4.8000000e+00  -1.0146838e-01
   4.9000000e+00  -1.0017937e-01
   5.0000000e+00  -9.8931061e-02
   5.1000000e+00  -9.7721255e-02
   5.2000000e+00  -9.6547927e-02
   5.3000000e+00  -9.5409196e-02
   5.4000000e+00  -9.4303317e-02
   5.5000000e+00  -9.3228663e-02
   5.6000000e+00  -9.2183722e-02
   5.7000000e+00  -9.1167082e-02
   5.8000000e+00  -9.0177426e-02
   5.9000000e+00  -8.9213522e-02
   6.0000000e+00  -8.8274219e-02
   6.1000000e+00  -8.7358436e-02
   6.2000000e+00  -8.6465162e-02
   6.3000000e+00  -8.5593447e-02
   6.4000000e+00  -8.4742397e-02
   6.5000000e+00  -8.3911172e-02
   6.6000000e+00  -8.3098981e-02
   6.7000000e+00  -8.2305078e-02
   6.8000000e+00  -8.1528760e-02
   6.9000000e+00  -8.0769363e-02
   7.0000000e+00  -8.0026258e-02
   7.1000000e+00  -7.9298850e-02
   7.2000000e+00  -7.8586578e-02
   7.3000000e+00  -7.7888908e-02
   7.4000000e+00  -7.7205334e-02
   7.5000000e+00  -7.6535376e-02
   7.6000000e+00  -7.5878577e-02
   7.7000000e+00  -7.5234504e-02
   7.8000000e+00  -7.4602744e-02
   7.9000000e+00  -7.3982903e-02
   8.0000000e+00  -7.3374606e-02
   8.1000000e+00  -7.2777498e-02
   8.2000000e+00  -7.2191235e-02
   8.3000000e+00  -7.1615493e-02
   8.4000000e+00  -7.1049961e-02
   8.5000000e+00  -7.0494340e-02
   8.6000000e+00  -6.9948346e-02
   8.7000000e+00  -6.9411706e-02
   8.8000000e+00  -6.8884159e-02
   8.9000000e+00  -6.8365454e-02
   9.0000000e+00  -6.7855351e-02
   9.1000000e+00  -6.7353619e-02
   9.2000000e+00  -6.6860037e-02
   9.3000000e+00  -6.6374391e-02
   9.4000000e+00  -6.5896478e-02
   9.5000000e+00  -6.5426100e-02
   9.6000000e+00  -6.4963068e-02
   9.7000000e+00  -6.4507197e-02
   9.8000000e+00  -6.4058319e-02
   9.9000000e+00  -6.3616257e-02
   1.0000000e+01  -6.3180850e-02
   1.0100000e+01  -6.2751940e-02
   1.0200000e+01  -6.2329376e-02
   1.0300000e+01  -6.1913011e-02
   1.0400000e+01  -6.1502703e-02
   1.0500000e+01  -6.1098314e-02
   1.0600000e+01  -6.0699713e-02
   1.0700000e+01  -6.0306772e-02
   1.0800000e+01  -5.9919365e-02
   1.0900000e+01  -5.9537374e-02
   1.1000000e+01  -5.9160681e-02
   1.1100000e+01  -5.8789175e-02
   1.1200000e+01  -5.8422747e-02
   1.1300000e+01  -5.8061290e-02
   1.1400000e+01  -5.7704703e-02
   1.1500000e+01  -5.7352885e-02
   1.1600000e+01  -5.7005741e-02
   1.1700000e+01  -5.6663176e-02
   1.1800000e+01  -5.6325100e-02
   1.1900000e+01  -5.5991424e-02
   1.2000000e+01  -5.5662064e-02
   1.2100000e+01  -5.5336934e-02
   1.2200000e+01  -5.5015955e-02
   1.2300000e+01  -5.4699047e-02
   1.2400000e+01  -5.4386134e-02
   1.2500000e+01  -5.4077141e-02
   1.2600000e+01  -5.3771996e-02
   1.2700000e+01  -5.3470628e-02
   1.2800000e+01  -5.3172968e-02
   1.2900000e+01  -5.2878950e-02
   1.3000000e+01  -5.2588507e-02
   1.3100000e+01  -5.2301578e-02
   1.3200000e+01  -5.2018098e-02
   1.3300000e+01  -5.1738010e-02
   1.3400000e+01  -5.1461252e-02
   1.3500000e+01  -5.1187768e-02
   1.3600000e+01  -5.0917503e-02
   1.3700000e+01  -5.0650400e-02
   1.3800000e+01  -5.0386408e-02
   1.3900000e+01  -5.0125473e-02
   1.4000000e+01  -4.9867545e-02
   1.4100000e+01  -4.9612575e-02
   1.4200000e+01  -4.9360514e-02
   1.4300000e+01  -4.9111314e-02
   1.4400000e+01  -4.8864930e-02
   1.4500000e+01  -4.8621316e-02
   1.4600000e+01  -4.8380428e-02
   1.4700000e+01  -4.8142223e-02
   1.4800000e+01  -4.7906659e-02
   1.4900000e+01  -4.7673694e-02
   1.5000000e+01  -4.7443288e-02
   1.5100000e+01  -4.7215401e-02
   1.5200000e+01  -4.6989995e-02
   1.5300000e+01  -4.6767032e-02
   1.5400000e+01  -4.6546476e-02
   1.5500000e+01  -4.6328289e-02
   1.5600000e+01  -4.6112437e-02
   1.5700000e+01  -4.5898884e-02
   1.5800000e+01  -4.5687597e-02
   1.5900000e+01  -4.5478542e-02
   1.6000000e+01  -4.5271687e-02
   1.6100000e+01  -4.5067000e-02
   1.6200000e+01  -4.4864450e-02
   1.6300000e+01  -4.4664005e-02
   1.6400000e+01  -4.4465636e-02
   1.6500000e+01  -4.4269314e-02
   1.6600000e+01  -4.4075009e-02
   1.6700000e+01  -4.3882694e-02
   1.6800000e+01  -4.3692340e-02
   1.6900000e+01  -4.3503920e-02
   1.7000000e+01  -4.3317408e-02
   1.7100000e+01  -4.3132777e-02
   1.7200000e+01  -4.2950002e-02
   1.7300000e+01  -4.2769057e-02
   1.7400000e+01  -4.2589918e-02
   1.7500000e+01  -4.2412561e-02
   1.7600000e+01  -4.2236961e-02
   1.7700000e+01  -4.2063096e-02
   1.7800000e+01  -4.1890942e-02
   1.7900000e+01  -4.1720477e-02
   1.8000000e+01  -4.1551678e-02
   1.8100000e+01  -4.1384525e-02
   1.8200000e+01  -4.1218996e-02
   1.8300000e+01  -4.1055069e-02
   1.8400000e+01  -4.0892724e-02
   1.8500000e+01  -4.0731942e-02
   1.8600000e+01  -4.0572702e-02
   1.8700000e+01  -4.0414984e-02
   1.8800000e+01  -4.0258771e-02
   1.8900000e+01  -4.0104041e-02
   1.9000000e+01  -3.9950779e-02
   1.9100000e+01  -3.9798964e-02
   1.9200000e+01  -3.9648579e-02
   1.9300000e+01  -3.9499607e-02
   1.9400000e+01  -3.9352031e-02
   1.9500000e+01  -3.9205833e-02
   1.9600000e+01  -3.9060996e-02
   1.9700000e+01  -3.8917505e-02
   1.9800000e+01  -3.8775343e-02
   1.9900000e+01  -3.8634495e-02
   2.0000000e+01  -3.8494944e-02
   2.0100000e+01  -3.8356676e-02
   2.0200000e+01  -3.8219674e-02
   2.0300000e+01  -3.8083926e-02
   2.0400000e+01  -3.7949415e-02
   2.0500000e+01  -3.7816127e-02
   2.0600000e+01  -3.7684049e-02
   2.0700000e+01  -3.7553166e-02
   2.0800000e+01  -3.7423465e-02
   2.0900000e+01  -3.7294932e-02
   2.1000000e+01  -3.7167554e-02
   2.1100000e+01  -3.7041318e-02
   2.1200000e+01  -3.6916211e-02
   2.1300000e+01  -3.6792220e-02
   2.1400000e+01  -3.6669333e-02
   2.1500000e+01  -3.6547538e-02
   2.1600000e+01  -3.6426822e-02
   2.1700000e+01  -3.6307175e-02
   2.1800000e+01  -3.6188583e-02
   2.1900000e+01  -3.6071035e-02
   2.2000000e+01  -3.5954521e-02
   2.2100000e+01  -3.5839028e-02
   2.2200000e+01  -3.5724547e-02
   2.2300000e+01  -3.5611065e-02
   2.2400000e+01  -3.5498573e-02
   2.2500000e+01  -3.5387060e-02
   2.2600000e+01  -3.5276515e-02
   2.2700000e+01  -3.5166929e-02
   2.2800000e+01  -3.5058291e-02
   2.2900000e+01  -3.4950591e-02
   2.3000000e+01  -3.4843819e-02
   2.3100000e+01  -3.4737967e-02
   2.3200000e+01  -3.4633023e-02
   2.3300000e+01  -3.4528980e-02
   2.3400000e+01  -3.4425828e-02
   2.3500000e+01  -3.4323558e-02
   2.3600000e+01  -3.4222160e-02
   2.3700000e+01  -3.4121626e-02
   2.3800000e+01  -3.4021948e-02
   2.3900000e+01  -3.3923116e-02
   2.4000000e+01  -3.3825122e-02
   2.4100000e+01  -3.3727959e-02
   2.4200000e+01  -3.3631617e-02
   2.4300000e+01  -3.3536088e-02
   2.4400000e+01  -3.3441366e-02
   2.4500000e+01  -3.3347440e-02
   2.4600000e+01  -3.3254305e-02
   2.4700000e+01  -3.3161952e-02
   2.4800000e+01  -3.3070374e-02
   2.4900000e+01  -3.2979564e-02
   2.5000000e+01  -3.2889513e-02
   2.5100000e+01  -3.2800214e-02
   2.5200000e+01  -3.2711662e-02
   2.5300000e+01  -3.2623848e-02
   2.5400000e+01  -3.2536765e-02
   2.5500000e+01  -3.2450407e-02
   2.5600000e+01  -3.2364767e-02
   2.5700000e+01  -3.2279838e-02
   2.5800000e+01  -3.2195614e-02
   2.5900000e+01  -3.2112088e-02
   2.6000000e+01  -3.2029253e-02
   2.6100000e+01  -3.1947104e-02
   2.6200000e+01  -3.1865634e-02
   2.6300000e+01  -3.1784837e-02
   2.6400000e+01  -3.1704707e-02
   2.6500000e+01  -3.1625238e-02
   2.6600000e+01  -3.1546424e-02
   2.6700000e+01  -3.1468259e-02
   2.6800000e+01  -3.1390737e-02
   2.6900000e+01  -3.1313853e-02
   2.7000000e+01  -3.1237601e-02
   2.7100000e+01  -3.1161976e-02
   2.7200000e+01  -3.1086972e-02
   2.7300000e+01  -3.1012583e-02
   2.7400000e+01  -3.0938804e-02
   2.7500000e+01  -3.0865631e-02
   2.7600000e+01  -3.0793057e-02
   2.7700000e+01  -3.0721079e-02
   2.7800000e+01  -3.0649689e-02
   2.7900000e+01  -3.0578885e-02
   2.8000000e+01  -3.0508660e-02
   2.8100000e+01  -3.0439010e-02
   2.8200000e+01  -3.0369930e-02
   2.8300000e+01  -3.0301415e-02
   2.8400000e+01  -3.0233461e-02
   2.8500000e+01  -3.0166063e-02
   2.8600000e+01  -3.0099216e-02
   2.8700000e+01  -3.0032916e-02
   2.8800000e+01  -2.9967158e-02
   2.8900000e+01  -2.9901939e-02
   2.9000000e+01  -2.9837253e-02
   2.9100000e+01  -2.9773096e-02
   2.9200000e+01  -2.9709464e-02
   2.9300000e+01  -2.9646354e-02
   2.9400000e+01  -2.9583760e-02
   2.9500000e+01  -2.9521679e-02
   2.9600000e+01  -2.9460106e-02
   2.9700000e+01  -2.9399038e-02
   2.9800000e+01  -2.9338471e-02
   2.9900000e+01  -2.9278401e-02
   3.0000000e+01  -2.9218823e-02
   3.0100000e+01  -2.9159735e-02
   3.0200000e+01  -2.9101132e-02
   3.0300000e+01  -2.9043011e-02
   3.0400000e+01  -2.8985369e-02
   3.0500000e+01  -2.8928200e-02
   3.0600000e+01  -2.8871503e-02
   3.0700000e+01  -2.8815272e-02
   3.0800000e+01  -2.8759506e-02
   3.0900000e+01  -2.8704200e-02
   3.1000000e+01  -2.8649352e-02
   3.1100000e+01  -2.8594956e-02
   3.1200000e+01  -2.8541012e-02
   3.1300000e+01  -2.8487514e-02
   3.1400000e+01  -2.8434460e-02
   3.1500000e+01  -2.8381847e-02
   3.1600000e+01  -2.8329671e-02
   3.1700000e+01  -2.8277930e-02
   3.1800000e+01  -2.8226620e-02
   3.1900000e+01  -2.8175738e-02
   3.2000000e+01  -2.8125281e-02
   3.2100000e+01  -2.8075247e-02
   3.2200000e+01  -2.8025632e-02
   3.2300000e+01  -2.7976433e-02
   3.2400000e+01  -2.7927648e-02
   3.2500000e+01  -2.7879273e-02
   3.2600000e+01  -2.7831307e-02
   3.2700000e+01  -2.7783745e-02
   3.2800000e+01  -2.7736586e-02
   3.2900000e+01  -2.7689826e-02
   3.3000000e+01  -2.7643463e-02
   3.3100000e+01  -2.7597495e-02
   3.3200000e+01  -2.7551918e-02
   3.3300000e+01  -2.7506731e-02
   3.3400000e+01  -2.7461930e-02
   3.3500000e+01  -2.7417513e-02
   3.3600000e+01  -2.7373478e-02
   3.3700000e+01  -2.7329822e-02
   3.3800000e+01  -2.7286542e-02
   3.3900000e+01  -2.7243637e-02
   3.4000000e+01  -2.7201104e-02
   3.4100000e+01  -2.7158940e-02
   3.4200000e+01  -2.7117143e-02
   3.4300000e+01  -2.7075712e-02
   3.4400000e+01  -2.7034643e-02
   3.4500000e+01  -2.6993934e-02
   3.4600000e+01  -2.6953584e-02
   3.4700000e+01  -2.6913590e-02
   3.4800000e+01  -2.6873950e-02
   3.4900000e+01  -2.6834661e-02
   3.5000000e+01  -2.6795722e-02
   3.5100000e+01  -2.6757131e-02
   3.5200000e+01  -2.6718885e-02
   3.5300000e+01  -2.6680983e-02
   3.5400000e+01  -2.6643422e-02
   3.5500000e+01  -2.6606200e-02
   3.5600000e+01  -2.6569316e-02
   3.5700000e+01  -2.6532768e-02
   3.5800000e+01  -2.6496553e-02
   3.5900000e+01  -2.6460670e-02
   3.6000000e+01  -2.6425117e-02
   3.6100000e+01  -2.6389892e-02
   3.6200000e+01  -2.6354993e-02
   3.6300000e+01  -2.6320419e-02
   3.6400000e+01  -2.6286167e-02
   3.6500000e+01  -2.6252236e-02
   3.6600000e+01  -2.6218624e-02
   3.6700000e+01  -2.6185330e-02
   3.6800000e+01  -2.6152351e-02
   3.6900000e+01  -2.6119686e-02
   3.7000000e+01  -2.6087334e-02
   3.7100000e+01  -2.6055292e-02
   3.7200000e+01  -2.6023560e-02
   3.7300000e+01  -2.5992135e-02
   3.7400000e+01  -2.5961015e-02
   3.7500000e+01  -2.5930201e-02
   3.7600000e+01  -2.5899689e-02
   3.7700000e+01  -2.5869478e-02
   3.7800000e+01  -2.5839567e-02
   3.7900000e+01  -2.5809954e-02
   3.8000000e+01  -2.5780639e-02
   3.8100000e+01  -2.5751618e-02
   3.8200000e+01  -2.5722892e-02
   3.8300000e+01  -2.5694458e-02
   3.8400000e+01  -2.5666315e-02
   3.8500000e+01  -2.5638462e-02
   3.8600000e+01  -2.5610898e-02
   3.8700000e+01  -2.5583620e-02
   3.8800000e+01  -2.5556629e-02
   3.8900000e+01  -2.5529921e-02
   3.9000000e+01  -2.5503497e-02
   3.9100000e+01  -2.5477355e-02
   3.9200000e+01  -2.5451493e-02
   3.9300000e+01  -2.5425911e-02
   3.9400000e+01  -2.5400606e-02
   3.9500000e+01  -2.5375579e-02
   3.9600000e+01  -2.5350827e-02
   3.9700000e+01  -2.5326350e-02
   3.9800000e+01  -2.5302147e-02
   3.9900000e+01  -2.5278215e-02
   4.0000000e+01  -2.5254555e-02
   4.0100000e+01  -2.5231164e-02
   4.0200000e+01  -2.5208042e-02
   4.0300000e+01  -2.5185188e-02
   4.0400000e+01  -2.5162601e-02
   4.0500000e+01  -2.5140280e-02
   4.0600000e+01  -2.5118223e-02
   4.0700000e+01  -2.5096429e-02
   4.0800000e+01  -2.5074898e-02
   4.0900000e+01  -2.5053629e-02
   4.1000000e+01  -2.5032620e-02
   4.1100000e+01  -2.5011871e-02
   4.1200000e+01  -2.4991380e-02
   4.1300000e+01  -2.4971147e-02
   4.1400000e+01  -2.4951170e-02
   4.1500000e+01  -2.4931450e-02
   4.1600000e+01  -2.4911984e-02
   4.1700000e+01  -2.4892772e-02
   4.1800000e+01  -2.4873813e-02
   4.1900000e+01  -2.4855107e-02
   4.2000000e+01  -2.4836652e-02
   4.2100000e+01  -2.4818447e-02
   4.2200000e+01  -2.4800492e-02
   4.2300000e+01  -2.4782786e-02
   4.2400000e+01  -2.4765328e-02
   4.2500000e+01  -2.4748118e-02
   4.2600000e+01  -2.4731154e-02
   4.2700000e+01  -2.4714435e-02
   4.2800000e+01  -2.4697962e-02
   4.2900000e+01  -2.4681732e-02
   4.3000000e+01  -2.4665747e-02
   4.3100000e+01  -2.4650004e-02
   4.3200000e+01  -2.4634503e-02
   4.3300000e+01  -2.4619243e-02
   4.3400000e+01  -2.4604224e-02
   4.3500000e+01  -2.4589445e-02
   4.3600000e+01  -2.4574906e-02
   4.3700000e+01  -2.4560605e-02
   4.3800000e+01  -2.4546542e-02
   4.3900000e+01  -2.4532716e-02
   4.4000000e+01  -2.4519128e-02
   4.4100000e+01  -2.4505775e-02
   4.4200000e+01  -2.4492659e-02
   4.4300000e+01  -2.4479777e-02
   4.4400000e+01  -2.4467130e-02
   4.4500000e+01  -2.4454716e-02
   4.4600000e+01  -2.4442536e-02
   4.4700000e+01  -2.4430589e-02
   4.4800000e+01  -2.4418874e-02
   4.4900000e+01  -2.4407391e-02
   4.5000000e+01  -2.4396139e-02
   4.5100000e+01  -2.4385118e-02
   4.5200000e+01  -2.4374327e-02
   4.5300000e+01  -2.4363766e-02
   4.5400000e+01  -2.4353434e-02
   4.5500000e+01  -2.4343331e-02
   4.5600000e+01  -2.4333457e-02
   4.5700000e+01  -2.4323810e-02
   4.5800000e+01  -2.4314392e-02
   4.5900000e+01  -2.4305200e-02
   4.6000000e+01  -2.4296235e-02
   4.6100000e+01  -2.4287497e-02
   4.6200000e+01  -2.4278984e-02
   4.6300000e+01  -2.4270697e-02
   4.6400000e+01  -2.4262636e-02
   4.6500000e+01  -2.4254799e-02
   4.6600000e+01  -2.4247187e-02
   4.6700000e+01  -2.4239799e-02
   4.6800000e+01  -2.4232636e-02
   4.6900000e+01  -2.4225695e-02
   4.7000000e+01  -2.4218978e-02
   4.7100000e+01  -2.4212484e-02
   4.7200000e+01  -2.4206213e-02
   4.7300000e+01  -2.4200165e-02
   4.7400000e+01  -2.4194338e-02
   4.7500000e+01  -2.4188734e-02
   4.7600000e+01  -2.4183351e-02
   4.7700000e+01  -2.4178189e-02
   4.7800000e+01  -2.4173249e-02
   4.7900000e+01  -2.4168530e-02
   4.8000000e+01  -2.4164032e-02
   4.8100000e+01  -2.4159755e-02
   4.8200000e+01  -2.4155698e-02
   4.8300000e+01  -2.4151861e-02
   4.8400000e+01  -2.4148244e-02
   4.8500000e+01  -2.4144847e-02
   4.8600000e+01  -2.4141671e-02
   4.8700000e+01  -2.4138713e-02
   4.8800000e+01  -2.4135976e-02
   4.8900000e+01  -2.4133458e-02
   4.9000000e+01  -2.4131159e-02
   4.9100000e+01  -2.4129079e-02
   4.9200000e+01  -2.4127219e-02
   4.9300000e+01  -2.4125577e-02
   4.9400000e+01  -2.4124155e-02
   4.9500000e+01  -2.4122952e-02
   4.9600000e+01  -2.4121967e-02
   4.9700000e+01  -2.4121201e-02
   4.9800000e+01  -2.4120654e-02
   4.9900000e+01  -2.4120326e-02
   5.0000000e+01  -2.4120217e-02
   5.0100000e+01  -2.4120326e-02
   5.0200000e+01  -2.4120654e-02
   5.0300000e+01  -2.4121201e-02
   5.0400000e+01  -2.4121967e-02
   5.0500000e+01  -2.4122952e-02
   5.0600000e+01  -2.4124155e-02
   5.0700000e+01  -2.4125577e-02
   5.0800000e+01  -2.4127219e-02
   5.0900000e+01  -2.4129079e-02
   5.1000000e+01  -2.4131159e-02
   5.1100000e+01  -2.4133458e-02
   5.1200000e+01  -2.4135976e-02
   5.1300000e+01  -2.4138713e-02
   5.1400000e+01  -2.4141671e-02
   5.1500000e+01  -2.4144847e-02
   5.1600000e+01  -2.4148244e-02
   5.1700000e+01  -2.4151861e-02
   5.1800000e+01  -2.4155698e-02
   5.1900000e+01  -2.4159755e-02
   5.2000000e+01  -2.4164032e-02
   5.2100000e+01  -2.4168530e-02
   5.2200000e+01  -2.4173249e-02
   5.2300000e+01  -2.4178189e-02
   5.2400000e+01  -2.4183351e-02
   5.2500000e+01  -2.4188734e-02
   5.2600000e+01  -2.4194338e-02
   5.2700000e+01  -2.4200165e-02
   5.2800000e+01  -2.4206213e-02
   5.2900000e+01  -2.4212484e-02
   5.3000000e+01  -2.4218978e-02
   5.3100000e+01  -2.4225695e-02
   5.3200000e+01  -2.4232636e-02
   5.3300000e+01  -2.4239799e-02
   5.3400000e+01  -2.4247187e-02
   5.3500000e+01  -2.4254799e-02
   5.3600000e+01  -2.4262636e-02
   5.3700000e+01  -2.4270697e-02
   5.3800000e+01  -2.4278984e-02
   5.3900000e+01  -2.4287497e-02
   5.4000000e+01  -2.4296235e-02
   5.4100000e+01  -2.4305200e-02
   5.4200000e+01  -2.4314392e-02
   5.4300000e+01  -2.4323810e-02
   5.4400000e+01  -2.4333457e-02
   5.4500000e+01  -2.4343331e-02
   5.4600000e+01  -2.4353434e-02
   5.4700000e+01  -2.4363766e-02
   5.4800000e+01  -2.4374327e-02
   5.4900000e+01  -2.4385118e-02
   5.5000000e+01  -2.4396139e-02
   5.5100000e+01  -2.4407391e-02
   5.5200000e+01  -2.4418874e-02
   5.5300000e+01  -2.4430589e-02
   5.5400000e+01  -2.4442536e-02
   5.5500000e+01  -2.4454716e-02
   5.5600000e+01  -2.4467130e-02
   5.5700000e+01  -2.4479777e-02
   5.5800000e+01  -2.4492659e-02
   5.5900000e+01  -2.4505775e-02
   5.6000000e+01  -2.4519128e-02
   5.6100000e+01  -2.4532716e-02
   5.6200000e+01  -2.4546542e-02
   5.6300000e+01  -2.4560605e-02
   5.6400000e+01  -2.4574906e-02
   5.6500000e+01  -2.4589445e-02
   5.6600000e+01  -2.4604224e-02
   5.6700000e+01  -2.4619243e-02
   5.6800000e+01  -2.4634503e-02
   5.6900000e+01  -2.4650004e-02
   5.7000000e+01  -2.4665747e-02
   5.7100000e+01  -2.4681732e-02
   5.7200000e+01  -2.4697962e-02
   5.7300000e+01  -2.4714435e-02
   5.7400000e+01  -2.4731154e-02
   5.7500000e+01  -2.4748118e-02
   5.7600000e+01  -2.4765328e-02
   5.7700000e+01  -2.4782786e-02
   5.7800000e+01  -2.4800492e-02
   5.7900000e+01  -2.4818447e-02
   5.8000000e+01  -2.4836652e-02
   5.8100000e+01  -2.4855107e-02
   5.8200000e+01  -2.4873813e-02
   5.8300000e+01  -2.4892772e-02
   5.8400000e+01  -2.4911984e-02
   5.8500000e+01  -2.4931450e-02
   5.8600000e+01  -2.4951170e-02
   5.8700000e+01  -2.4971147e-02
   5.8800000e+01  -2.4991380e-02
   5.8900000e+01  -2.5011871e-02
   5.9000000e+01  -2.5032620e-02
   5.9100000e+01  -2.5053629e-02
   5.9200000e+01  -2.5074898e-02
   5.9300000e+01  -2.5096429e-02
   5.9400000e+01  -2.5118223e-02
   5.9500000e+01  -2.5140280e-02
   5.9600000e+01  -2.5162601e-02
   5.9700000e+01  -2.5185188e-02
   5.9800000e+01  -2.5208042e-02
   5.9900000e+01  -2.5231164e-02
   6.0000000e+01  -2.5254555e-02
   6.0100000e+01  -2.5278215e-02
   6.0200000e+01  -2.5302147e-02
   6.0300000e+01  -2.5326350e-02
   6.0400000e+01  -2.5350827e-02
   6.0500000e+01  -2.5375579e-02
   6.0600000e+01  -2.5400606e-02
   6.0700000e+01  -2.5425911e-02
   6.0800000e+01  -2.5451493e-02
   6.0900000e+01  -2.5477355e-02
   6.1000000e+01  -2.5503497e-02
   6.1100000e+01  -2.5529921e-02
   6.1200000e+01  -2.5556629e-02
   6.1300000e+01  -2.5583620e-02
   6.1400000e+01  -2.5610898e-02
   6.1500000e+01  -2.5638462e-02
   6.1600000e+01  -2.5666315e-02
   6.1700000e+01  -2.5694458e-02
   6.1800000e+01  -2.5722892e-02
   6.1900000e+01  -2.5751618e-02
   6.2000000e+01  -2.5780639e-02
   6.2100000e+01  -2.5809954e-02
   6.2200000e+01  -2.5839567e-02
   6.2300000e+01  -2.5869478e-02
   6.2400000e+01  -2.5899689e-02
   6.2500000e+01  -2.5930201e-02
   6.2600000e+01  -2.5961015e-02
   6.2700000e+01  -2.5992135e-02
   6.2800000e+01  -2.6023560e-02
   6.2900000e+01  -2.6055292e-02
   6.3000000e+01  -2.6087334e-02
   6.3100000e+01  -2.6119686e-02
   6.3200000e+01  -2.6152351e-02
   6.3300000e+01  -2.6185330e-02
   6.3400000e+01  -2.6218624e-02
   6.3500000e+01  -2.6252236e-02
   6.3600000e+01  -2.6286167e-02
   6.3700000e+01  -2.6320419e-02
   6.3800000e+01  -2.6354993e-02
   6.3900000e+01  -2.6389892e-02
   6.4000000e+01  -2.6425117e-02
   6.4100000e+01  -2.6460670e-02
   6.4200000e+01  -2.6496553e-02
   6.4300000e+01  -2.6532768e-02
   6.4400000e+01  -2.6569316e-02
   6.4500000e+01  -2.6606200e-02
   6.4600000e+01  -2.6643422e-02
   6.4700000e+01  -2.6680983e-02
   6.4800000e+01  -2.6718885e-02
   6.4900000e+01  -2.6757131e-02
   6.5000000e+01  -2.6795722e-02
   6.5100000e+01  -2.6834661e-02
   6.5200000e+01  -2.6873950e-02
   6.5300000e+01  -2.6913590e-02
   6.5400000e+01  -2.6953584e-02
   6.5500000e+01  -2.6993934e-02
   6.5600000e+01  -2.7034643e-02
   6.5700000e+01  -2.7075712e-02
   6.5800000e+01  -2.7117143e-02
   6.5900000e+01  -2.7158940e-02
   6.6000000e+01  -2.7201104e-02
   6.6100000e+01  -2.7243637e-02
   6.6200000e+01  -2.7286542e-02
   6.6300000e+01  -2.7329822e-02
   6.6400000e+01  -2.7373478e-02
   6.6500000e+01  -2.7417513e-02
   6.6600000e+01  -2.7461930e-02
   6.6700000e+01  -2.7506731e-02
   6.6800000e+01  -2.7551918e-02
   6.6900000e+01  -2.7597495e-02
   6.7000000e+01  -2.7643463e-02
   6.7100000e+01  -2.7689826e-02
   6.7200000e+01  -2.7736586e-02
   6.7300000e+01  -2.7783745e-02
   6.7400000e+01  -2.7831307e-02
   6.7500000e+01  -2.7879273e-02
   6.7600000e+01  -2.7927648e-02
   6.7700000e+01  -2.7976433e-02
   6.7800000e+01  -2.8025632e-02
   6.7900000e+01  -2.8075247e-02
   6.8000000e+01  -2.8125281e-02
   6.8100000e+01  -2.8175738e-02
   6.8200000e+01  -2.8226620e-02
   6.8300000e+01  -2.8277930e-02
   6.8400000e+01  -2.8329671e-02
   6.8500000e+01  -2.8381847e-02
   6.8600000e+01  -2.8434460e-02
   6.8700000e+01  -2.8487514e-02
   6.8800000e+01  -2.8541012e-02
   6.8900000e+01  -2.8594956e-02
   6.9000000e+01  -2.8649352e-02
   6.9100000e+01  -2.8704200e-02
   6.9200000e+01  -2.8759506e-02
   6.9300000e+01  -2.8815272e-02
   6.9400000e+01  -2.8871503e-02
   6.9500000e+01  -2.8928200e-02
   6.9600000e+01  -2.8985369e-02
   6.9700000e+01  -2.9043011e-02
   6.9800000e+01  -2.9101132e-02
   6.9900000e+01  -2.9159735e-02
   7.0000000e+01  -2.9218823e-02
   7.0100000e+01  -2.9278401e-02
   7.0200000e+01  -2.9338471e-02
   7.0300000e+01  -2.9399038e-02
   7.0400000e+01  -2.9460106e-02
   7.0500000e+01  -2.9521679e-02
   7.0600000e+01  -2.9583760e-02
   7.0700000e+01  -2.9646354e-02
   7.0800000e+01  -2.9709464e-02
   7.0900000e+01  -2.9773096e-02
   7.1000000e+01  -2.9837253e-02
   7.1100000e+01  -2.9901939e-02
   7.1200000e+01  -2.9967158e-02
   7.1300000e+01  -3.0032916e-02
   7.1400000e+01  -3.0099216e-02
   7.1500000e+01  -3.0166063e-02
   7.1600000e+01  -3.0233461e-02
   7.1700000e+01  -3.0301415e-02
   7.1800000e+01  -3.0369930e-02
   7.1900000e+01  -3.0439010e-02
   7.2000000e+01  -3.0508660e-02
   7.2100000e+01  -3.0578885e-02
   7.2200000e+01  -3.0649689e-02
   7.2300000e+01  -3.0721079e-02
   7.2400000e+01  -3.0793057e-02
   7.2500000e+01  -3.0865631e-02
   7.2600000e+01  -3.0938804e-02
   7.2700000e+01  -3.1012583e-02
   7.2800000e+01  -3.1086972e-02
   7.2900000e+01  -3.1161976e-02
   7.3000000e+01  -3.1237601e-02
   7.3100000e+01  -3.1313853e-02
   7.3200000e+01  -3.1390737e-02
   7.3300000e+01  -3.1468259e-02
   7.3400000e+01  -3.1546424e-02
   7.3500000e+01  -3.1625238e-02
   7.3600000e+01  -3.1704707e-02
   7.3700000e+01  -3.1784837e-02
   7.3800000e+01  -3.1865634e-02
   7.3900000e+01  -3.1947104e-02
   7.4000000e+01  -3.2029253e-02
   7.4100000e+01  -3.2112088e-02
   7.4200000e+01  -3.2195614e-02
   7.4300000e+01  -3.2279838e-02
   7.4400000e+01  -3.2364767e-02
   7.4500000e+01  -3.2450407e-02
   7.4600000e+01  -3.2536765e-02
   7.4700000e+01  -3.2623848e-02
   7.4800000e+01  -3.2711662e-02
   7.4900000e+01  -3.2800214e-02
   7.5000000e+01  -3.2889513e-02
   7.5100000e+01  -3.2979564e-02
   7.5200000e+01  -3.3070374e-02
   7.5300000e+01  -3.3161952e-02
   7.5400000e+01  -3.3254305e-02
   7.5500000e+01  -3.3347440e-02
   7.5600000e+01  -3.3441366e-02
   7.5700000e+01  -3.3536088e-02
   7.5800000e+01  -3.3631617e-02
   7.5900000e+01  -3.3727959e-02
   7.6000000e+01  -3.3825122e-02
   7.6100000e+01  -3.3923116e-02
   7.6200000e+01  -3.4021948e-02
   7.6300000e+01  -3.4121626e-02
   7.6400000e+01  -3.4222160e-02
   7.6500000e+01  -3.4323558e-02
   7.6600000e+01  -3.4425828e-02
   7.6700000e+01  -3.4528980e-02
   7.6800000e+01  -3.4633023e-02
   7.6900000e+01  -3.4737967e-02
   7.7000000e+01  -3.4843819e-02
   7.7100000e+01  -3.4950591e-02
   7.7200000e+01  -3.5058291e-02
   7.7300000e+01  -3.5166929e-02
   7.7400000e+01  -3.5276515e-02
   7.7500000e+01  -3.5387060e-02
   7.7600000e+01  -3.5498573e-02
   7.7700000e+01  -3.5611065e-02
   7.7800000e+01  -3.5724547e-02
   7.7900000e+01  -3.5839028e-02
   7.8000000e+01  -3.5954521e-02
   7.8100000e+01  -3.6071035e-02
   7.8200000e+01  -3.6188583e-02
   7.8300000e+01  -3.6307175e-02
   7.8400000e+01  -3.6426822e-02
   7.8500000e+01  -3.6547538e-02
   7.8600000e+01  -3.6669333e-02
   7.8700000e+01  -3.6792220e-02
   7.8800000e+01  -3.6916211e-02
   7.8900000e+01  -3.7041318e-02
   7.9000000e+01  -3.7167554e-02
   7.9100000e+01  -3.7294932e-02
   7.9200000e+01  -3.7423465e-02
   7.9300000e+01  -3.7553166e-02
   7.9400000e+01  -3.7684049e-02
   7.9500000e+01  -3.7816127e-02
   7.9600000e+01  -3.7949415e-02
   7.9700000e+01  -3.8083926e-02
   7.9800000e+01  -3.8219674e-02
   7.9900000e+01  -3.8356676e-02
   8.0000000e+01  -3.8494944e-02
   8.0100000e+01  -3.8634495e-02
   8.0200000e+01  -3.8775343e-02
   8.0300000e+01  -3.8917505e-02
   8.0400000e+01  -3.9060996e-02
   8.0500000e+01  -3.9205833e-02
   8.0600000e+01  -3.9352031e-02
   8.0700000e+01  -3.9499607e-02
   8.0800000e+01  -3.9648579e-02
   8.0900000e+01  -3.9798964e-02
   8.1000000e+01  -3.9950779e-02
   8.1100000e+01  -4.0104041e-02
   8.1200000e+01  -4.0258771e-02
   8.1300000e+01  -4.0414984e-02
   8.1400000e+01  -4.0572702e-02
   8.1500000e+01  -4.0731942e-02
   8.1600000e+01  -4.0892724e-02
   8.1700000e+01  -4.1055069e-02
   8.1800000e+01  -4.1218996e-02
   8.1900000e+01  -4.1384525e-02
   8.2000000e+01  -4.1551678e-02
   8.2100000e+01  -4.1720477e-02
   8.2200000e+01  -4.1890942e-02
   8.2300000e+01  -4.2063096e-02
   8.2400000e+01  -4.2236961e-02
   8.2500000e+01  -4.2412561e-02
   8.2600000e+01  -4.2589918e-02
   8.2700000e+01  -4.2769057e-02
   8.2800000e+01  -4.2950002e-02
   8.2900000e+01  -4.3132777e-02
   8.3000000e+01  -4.3317408e-02
   8.3100000e+01  -4.3503920e-02
   8.3200000e+01  -4.3692340e-02
   8.3300000e+01  -4.3882694e-02
   8.3400000e+01  -4.4075009e-02
   8.3500000e+01  -4.4269314e-02
   8.3600000e+01  -4.4465636e-02
   8.3700000e+01  -4.4664005e-02
   8.3800000e+01  -4.4864450e-02
   8.3900000e+01  -4.5067000e-02
   8.4000000e+01  -4.5271687e-02
   8.4100000e+01  -4.5478542e-02
   8.4200000e+01  -4.5687597e-02
   8.4300000e+01  -4.5898884e-02
   8.4400000e+01  -4.6112437e-02
   8.4500000e+01  -4.6328289e-02
   8.4600000e+01  -4.6546476e-02
   8.4700000e+01  -4.6767032e-02
   8.4800000e+01  -4.6989995e-02
   8.4900000e+01  -4.7215401e-02
   8.5000000e+01  -4.7443288e-02
   8.5100000e+01  -4.7673694e-02
   8.5200000e+01  -4.7906659e-02
   8.5300000e+01  -4.8142223e-02
   8.5400000e+01  -4.8380428e-02
   8.5500000e+01  -4.8621316e-02
   8.5600000e+01  -4.8864930e-02
   8.5700000e+01  -4.9111314e-02
   8.5800000e+01  -4.9360514e-02
   8.5900000e+01  -4.9612575e-02
   8.6000000e+01  -4.9867545e-02
   8.6100000e+01  -5.0125473e-02
   8.6200000e+01  -5.0386408e-02
   8.6300000e+01  -5.0650400e-02
   8.6400000e+01  -5.0917503e-02
   8.6500000e+01  -5.1187768e-02
   8.6600000e+01  -5.1461252e-02
   8.6700000e+01  -5.1738010e-02
   8.6800000e+01  -5.2018098e-02
   8.6900000e+01  -5.2301578e-02
   8.7000000e+01  -5.2588507e-02
   8.7100000e+01  -5.2878950e-02
   8.7200000e+01  -5.3172968e-02
   8.7300000e+01  -5.3470628e-02
   8.7400000e+01  -5.3771996e-02
   8.7500000e+01  -5.4077141e-02
   8.7600000e+01  -5.4386134e-02
   8.7700000e+01  -5.4699047e-02
   8.7800000e+01  -5.5015955e-02
   8.7900000e+01  -5.5336934e-02
   8.8000000e+01  -5.5662064e-02
   8.8100000e+01  -5.5991424e-02
   8.8200000e+01  -5.6325100e-02
   8.8300000e+01  -5.6663176e-02
   8.8400000e+01  -5.7005741e-02
   8.8500000e+01  -5.7352885e-02
   8.8600000e+01  -5.7704703e-02
   8.8700000e+01  -5.8061290e-02
   8.8800000e+01  -5.8422747e-02
   8.8900000e+01  -5.8789175e-02
   8.9000000e+01  -5.9160681e-02
   8.9100000e+01  -5.9537374e-02
   8.9200000e+01  -5.9919365e-02
   8.9300000e+01  -6.0306772e-02
   8.9400000e+01  -6.0699713e-02
   8.9500000e+01  -6.1098314e-02
   8.9600000e+01  -6.1502703e-02
   8.9700000e+01  -6.1913011e-02
   8.9800000e+01  -6.2329376e-02
   8.9900000e+01  -6.2751940e-02
   9.0000000e+01  -6.3180850e-02
   9.0100000e+01  -6.3616257e-02
   9.0200000e+01  -6.4058319e-02
   9.0300000e+01  -6.4507197e-02
   9.0400000e+01  -6.4963068e-02
   9.0500000e+01  -6.5426100e-02
   9.0600000e+01  -6.5896478e-02
   9.0700000e+01  -6.6374391e-02
   9.0800000e+01  -6.6860037e-02
   9.0900000e+01  -6.7353619e-02
   9.1000000e+01  -6.7855351e-02
   9.1100000e+01  -6.8365454e-02
   9.1200000e+01  -6.8884159e-02
   9.1300000e+01  -6.9411706e-02
   9.1400000e+01  -6.9948346e-02
   9.1500000e+01  -7.0494340e-02
   9.1600000e+01  -7.1049961e-02
   9.1700000e+01  -7.1615493e-02
   9.1800000e+01  -7.2191235e-02
   9.1900000e+01  -7.2777498e-02
   9.2000000e+01  -7.3374606e-02
   9.2100000e+01  -7.3982903e-02
   9.2200000e+01  -7.4602744e-02
   9.2300000e+01  -7.5234504e-02
   9.2400000e+01  -7.5878577e-02
   9.2500000e+01  -7.6535376e-02
   9.2600000e+01  -7.7205334e-02
   9.2700000e+01  -7.7888908e-02
   9.2800000e+01  -7.8586578e-02
   9.2900000e+01  -7.9298850e-02
   9.3000000e+01  -8.0026258e-02
   9.3100000e+01  -8.0769363e-02
   9.3200000e+01  -8.1528760e-02
   9.3300000e+01  -8.2305078e-02
   9.3400000e+01  -8.3098981e-02
   9.3500000e+01  -8.3911172e-02
   9.3600000e+01  -8.4742397e-02
   9.3700000e+01  -8.5593447e-02
   9.3800000e+01  -8.6465162e-02
   9.3900000e+01  -8.7358436e-02
   9.4000000e+01  -8.8274219e-02
   9.4100000e+01  -8.9213522e-02
   9.4200000e+01  -9.0177426e-02
   9.4300000e+01  -9.1167082e-02
   9.4400000e+01  -9.2183722e-02
   9.4500000e+01  -9.3228663e-02
   9.4600000e+01  -9.4303317e-02
   9.4700000e+01  -9.5409196e-02
   9.4800000e+01  -9.6547927e-02
   9.4900000e+01  -9.7721255e-02
   9.5000000e+01  -9.8931061e-02
   9.5100000e+01  -1.0017937e-01
   9.5200000e+01  -1.0146838e-01
   9.5300000e+01  -1.0280043e-01
   9.5400000e+01  -1.0417811e-01
   9.5500000e+01  -1.0560416e-01
   9.5600000e+01  -1.0708161e-01
   9.5700000e+01  -1.0861372e-01
   9.5800000e+01  -1.1020405e-01
   9.5900000e+01  -1.1185647e-01
   9.6000000e+01  -1.1357523e-01
   9.6100000e+01  -1.1536494e-01
   9.6200000e+01  -1.1723067e-01
   9.6300000e+01  -1.1917800e-01
   9.6400000e+01  -1.2121302e-01
   9.6500000e+01  -1.2334246e-01
   9.6600000e+01  -1.2557374e-01
   9.6700000e+01  -1.2791504e-01
   9.6800000e+01  -1.3037539e-01
   9.6900000e+01  -1.3296493e-01
   9.7000000e+01  -1.3569471e-01
   9.7100000e+01  -1.3857718e-01
   9.7200000e+01  -1.4162616e-01
   9.7300000e+01  -1.4485711e-01
   9.7400000e+01  -1.4828732e-01
   9.7500000e+01  -1.5193618e-01
   9.7600000e+01  -1.5582548e-01
   9.7700000e+01  -1.5997976e-01
   9.7800000e+01  -1.6442672e-01
   9.7900000e+01  -1.6919769e-01
   9.8000000e+01  -1.7432817e-01
   9.8100000e+01  -1.7985851e-01
   9.8200000e+01  -1.8583464e-01
   9.8300000e+01  -1.9230899e-01
   9.8400000e+01  -1.9934155e-01
   9.8500000e+01  -2.0700110e-01
   9.8600000e+01  -2.1536673e-01
   9.8700000e+01  -2.2452957e-01
   9.8800000e+01  -2.3459492e-01
   9.8900000e+01  -2.4568476e-01
   9.9000000e+01  -2.5794073e-01
   9.9100000e+01  -2.7152777e-01
   9.9200000e+01  -2.8663846e-01
   9.9300000e+01  -3.0349825e-01
   9.9400000e+01  -3.2237177e-01
   9.9500000e+01  -3.4357060e-01
   9.9600000e+01  -3.6746251e-01
   9.9700000e+01  -3.9448295e-01
   9.9800000e+01  -4.2514894e-01
   9.9900000e+01  -4.6007616e-01
   1.0000000e+02  -5.0000000e-01
