-0.50000649723361
-0.45243171960605
-0.40947378717617
-0.37067535082452
-0.33562539824304
-0.30395443317327
-0.27533017371816
-0.24945371103137
-0.22605607683145
-0.20489517436325
-0.185753032788
-0.16843334964784
-0.15275929012407
-0.13857151537338
-0.12572641535583
-0.11409452431933
-0.10355909953002
-0.094014845976995
-0.085366771671383
-0.077529159833243
-0.070424645743314
-0.063983387352509
-0.058142319910809
-0.052844485915952
-0.048038432606465
-0.043677670046304
-0.039720183581308
-0.036127995101073
-0.032866768122663
-0.029905452232699
-0.027215962888829
-0.024772892996437
-0.02255325304735
-0.020536236938728
-0.018703010887
-0.017036523117011
-0.0155213322441
-0.014143452479532
-0.012890213980231
-0.011750136834483
-0.010712817328271
-0.0097688252741178
-0.0089096113073175
-0.0081274231648181
-0.0074152300610593
-0.0067666543639357
-0.0061759098538852
-0.0056377459207606
-0.0051473971175066
-0.004700537547516
-0.0042932396145039
-0.0039219367104647
-0.0035833894592861
-0.0032746551713646
-0.0029930601985514
-0.0027361749093325
-0.0025017910316501
-0.002287901135546
-0.0020926800500924
-0.0019144680291614
-0.0017517554986514
-0.0016031692340971
-0.0014674598322433
-0.001343490353413
-0.0012302260234003
-0.0011267248943975
-0.0010321293741206
-0.0009456585410804
-0.00086660117180478
-0.00079430941295249
-0.00072819303766913
-0.0006677142313437
-0.00061238285715073
-0.00056175215649381
-0.00051541484373368
-0.0004729995584387
-0.00043416764188396
-0.00039861020766747
-0.00036604547916242
-0.00033621636909531
-0.00030888827886602
-0.00028384709732708
-0.00026089738064674
-0.00023986069659584
-0.00022057411816154
-0.00020288885279531
-0.00018666899488211
-0.00017179039016935
-0.00015813960194416
-0.00014561296968957
-0.00013411575181048
-0.00012356134480046
-0.00011387057191589
-0.00010497103507465
-9.679652426111e-05
-8.9286479255198e-05
-8.2385498971495e-05
-7.6042894127718e-05
-7.0212279357336e-05
-6.4851201224148e-05
-5.9920798933662e-05
-5.5385494815861e-05
-5.1212711926072e-05
-4.7372616348684e-05
-4.3837882006337e-05
-4.058347597876e-05
-3.7586462511229e-05
-3.4825824060828e-05
-3.2282297873765e-05
-2.9938226724041e-05
-2.7777422566807e-05
-2.5785041969396e-05
-2.3947472287463e-05
-2.2252227642014e-05
-2.0687853842737e-05
-1.9243841471755e-05
-1.7910546418181e-05
-1.6679117214349e-05
-1.5541428583826e-05
-1.4490020651001e-05
-1.351804333883e-05
-1.2619205490738e-05
-1.1787728314498e-05
-1.1018302774601e-05
-1.0306050590668e-05
-9.6464885333555e-06
-9.0354957345142e-06
-8.4692837514401e-06
-7.9443691494585e-06
-7.4575483894728e-06
-7.0058748203902e-06
-6.5866375996003e-06
-6.1973423754816e-06
-5.835693582509e-06
-5.499578213677e-06
-5.1870509413132e-06
-4.8963204768205e-06
-4.6257370601378e-06
-4.373780986149e-06
-4.1390520811851e-06
-3.9202600466958e-06
-3.7162156001403e-06
-3.5258223451461e-06
-3.3480693090803e-06
-3.1820240937499e-06
-3.0268265866054e-06
-2.8816831868293e-06
-2.7458615014369e-06
-2.6186854760593e-06
-2.4995309205084e-06
-2.3878213971927e-06
-2.2830244451854e-06
-2.1846481081686e-06
-2.0922377434382e-06
-2.0053730897413e-06
-1.9236655688253e-06
-1.8467558073256e-06
-1.7743113541113e-06
-1.706024583166e-06
-1.6416107635216e-06
-1.5808062816591e-06
-1.5233670090735e-06
-1.4690667967175e-06
-1.4176960898867e-06
-1.3690606536143e-06
-1.3229803978349e-06
-1.2792882965884e-06
-1.2378293909823e-06
-1.1984598720199e-06
-1.1610462342737e-06
-1.1254644967454e-06
-1.0915994837476e-06
-1.0593441635108e-06
-1.0285990357553e-06
-9.9927156981783e-07
-9.7127568417379e-07
-9.4453126650651e-07
-9.1896373304423e-07
-8.9450361843605e-07
-8.7108619896124e-07
-8.4865114521166e-07
-8.2714220065389e-07
-8.0650688408456e-07
-7.8669621603007e-07
-7.6766446508264e-07
-7.4936891361748e-07
-7.3176964157836e-07
-7.1482932572844e-07
-6.9851305524219e-07
-6.8278815997042e-07
-6.676240524083e-07
-6.5299208057028e-07
-6.388653927759e-07
-6.2521881189264e-07
-6.1202871892055e-07
-5.9927294499677e-07
-5.8693067228582e-07
-5.7498234088296e-07
-5.6340956284157e-07
-5.5219504421174e-07
-5.4132250815918e-07
-5.3077662983713e-07
-5.2054297163234e-07
-5.1060792394739e-07
-5.0095865073021e-07
-4.9158303902073e-07
-4.8246965109197e-07
-4.7360768165681e-07
-4.6498691603919e-07
-4.5659769272143e-07
-4.4843086830421e-07
-4.4047778506636e-07
-4.3273023922771e-07
-4.2518045374285e-07
-4.1782105136105e-07
-4.1064503011728e-07
-4.0364574041802e-07
-3.9681686335717e-07
-3.9015239134183e-07
-3.8364660911761e-07
-3.7729407617013e-07
-3.7108961127343e-07
-3.6502827651649e-07
-3.5910536390909e-07
-3.5331638166307e-07
-3.4765704201154e-07
-3.4212324979287e-07
-3.3671109147322e-07
-3.31416825005e-07
-3.2623687110126e-07
-3.2116780280478e-07
-3.1620633899381e-07
-3.113493351398e-07
-3.0659377709449e-07
-3.0193677330523e-07
-2.9737554902555e-07
-2.9290744052159e-07
-2.8852988833831e-07
-2.842404329926e-07
-2.8003670957853e-07
-2.7591644302706e-07
-2.7187744363104e-07
-2.6791760317926e-07
-2.6403489067643e-07
-2.6022734866725e-07
-2.5649309029606e-07
-2.5283029489447e-07
-2.4923720628374e-07
-2.4571212867352e-07
-2.422534244509e-07
-2.3885951131535e-07
-2.3552886035035e-07
-2.3225999278856e-07
-2.2905147872713e-07
-2.2590193405618e-07
-2.2281001967855e-07
-2.1977443864866e-07
-2.1679393443701e-07
-2.1386728993543e-07
-2.1099332522117e-07
-2.0817089638657e-07
-2.0539889388659e-07
-2.0267624115912e-07
-2.0000189360445e-07
-1.9737483686143e-07
-1.9479408615014e-07
-1.9225868481593e-07
-1.8976770350974e-07
-1.8732023895961e-07
-1.8491541237696e-07
-1.8255237019105e-07
-1.8023028182922e-07
-1.7794833912101e-07
-1.7570575572554e-07
-1.7350176618524e-07
-1.7133562481456e-07
-1.6920660681052e-07
-1.6711400470748e-07
-1.6505713007503e-07
-1.6303531157914e-07
-1.6104789527138e-07
-1.590942434066e-07
-1.5717373412687e-07
-1.5528576128232e-07
-1.5342973320705e-07
-1.5160507293563e-07
-1.4981121722012e-07
-1.4804761639771e-07
-1.4631373412117e-07
-1.4460904652236e-07
-1.4293304207532e-07
-1.4128522125878e-07
-1.3966509586521e-07
-1.3807218951068e-07
-1.3650603628581e-07
-1.3496618087443e-07
-1.3345217825264e-07
-1.3196359346463e-07
-1.3050000122187e-07
-1.2906098570838e-07
-1.2764614030363e-07
-1.2625506703922e-07
-1.2488737684708e-07
-1.2354268910911e-07
-1.2222063118407e-07
-1.2092083865385e-07
-1.1964295468034e-07
-1.1838663010807e-07
-1.171515231131e-07
-1.1593729896064e-07
-1.1474362986153e-07
-1.1357019506533e-07
-1.1241668025856e-07
-1.1128277752779e-07
-1.1016818539001e-07
-1.0907260842088e-07
-1.0799575726379e-07
-1.0693734838598e-07
-1.0589710397867e-07
-1.0487475159508e-07
-1.0387002436423e-07
-1.0288266066267e-07
-1.0191240420477e-07
-1.0095900363024e-07
-1.0002221242225e-07
-9.9101788858251e-08
-9.819749616069e-08
-9.7309101931135e-08
-9.6436378391051e-08
-9.5579101876984e-08
-9.4737053516036e-08
-9.3910018231608e-08
-9.3097785078392e-08
-9.2300147227582e-08
-9.15169017873e-08
-9.0747849652561e-08
-8.9992795509609e-08
-8.9251547577846e-08
-8.8523917879396e-08
-8.7809721866272e-08
-8.7108778280608e-08
-8.6420909577314e-08
-8.5745941173141e-08
-8.5083701930257e-08
-8.4434023760916e-08
-8.3796741750637e-08
-8.3171694098269e-08
-8.2558721752138e-08
-8.1957668358844e-08
-8.1368381699537e-08
-8.0790710878517e-08
-8.0224508372554e-08
-7.9669629363652e-08
-7.9125931396868e-08
-7.8593275063761e-08
-7.8071523143477e-08
-7.7560541042961e-08
-7.7060196630535e-08
-7.657035995898e-08
-7.6090903718696e-08
-7.5621703058125e-08
-7.5162634769578e-08
-7.4713578396546e-08
-7.4274415412045e-08
-7.3845029616791e-08
-7.3425306901597e-08
-7.3015135152313e-08
-7.2614404145975e-08
-7.2223005979753e-08
-7.1840834452492e-08
-7.1467785493713e-08
-7.1103756622965e-08
-7.0748647499317e-08
-7.0402359598768e-08
-7.0064796070073e-08
-6.9735861799506e-08
-6.9415463514489e-08
-6.9103509631651e-08
-6.8799910273447e-08
-6.8504577179269e-08
-6.8217423651764e-08
-6.7938364623825e-08
-6.7667316563298e-08
-6.7404197743604e-08
-6.71489276268e-08
-6.6901427363823e-08
-6.6661619377905e-08
-6.64294277122e-08
-6.6204777985351e-08
-6.5987596841156e-08
-6.5777812453016e-08
-6.5575354644865e-08
-6.5380154127402e-08
-6.5192143233318e-08
-6.5011255426963e-08
-6.4837425648739e-08
-6.467058988599e-08
-6.4510685482734e-08
-6.4357651014196e-08
-6.4211426169211e-08
-6.4071952047913e-08
-6.3939170556329e-08
-6.3813025106762e-08
-6.3693460103953e-08
-6.3580421026443e-08
-6.3473854512968e-08
-6.3373708367327e-08
-6.3279931321222e-08
-6.3192473327641e-08
-6.3111285126498e-08
-6.3036318870713e-08
-6.2967527502631e-08
-6.2904864942284e-08
-6.2848286101996e-08
-6.2797746981038e-08
-6.2753204597116e-08
-6.2714616669698e-08
-6.2681942067574e-08
-6.2655140620551e-08
-6.2634172867179e-08
-6.2619000562248e-08
-6.2609585965039e-08
-6.2605892553167e-08
-6.2607884393996e-08
-6.26155267811e-08
-6.262878564512e-08
-6.2647627676661e-08
-6.2672020485797e-08
-6.2701932752658e-08
-6.273733354012e-08
-6.2778193040587e-08
-6.2824481955255e-08
-6.2876172235501e-08
-6.29332360769e-08
-6.2995646754228e-08
-6.3063378375077e-08
-6.3136405647027e-08
-6.3214703902096e-08
-6.3298249756828e-08
-6.3387019701254e-08
-6.3480991694996e-08
-6.3580144034687e-08
-6.3684455892944e-08
-6.379390701455e-08
-6.3908478146508e-08
-6.4028150394761e-08
-6.4152905557813e-08
-6.4282726303541e-08
-6.4417595969616e-08
-6.4557498379305e-08
-6.4702418225639e-08
-6.485234065898e-08
-6.5007251605568e-08
-6.5167137574267e-08
-6.5331985972813e-08
-6.5501784348256e-08
-6.5676521290568e-08
-6.5856185888256e-08
-6.6040767866391e-08
-6.6230257359994e-08
-6.6424645557364e-08
-6.6623923872156e-08
-6.6828084519601e-08
-6.7037120228548e-08
-6.7251024265265e-08
-6.746979069008e-08
-6.7693413986191e-08
-6.7921889310975e-08
-6.8155212359079e-08
-6.8393379426895e-08
-6.8636387242965e-08
-6.88842335171e-08
-6.9136915947773e-08
-6.9394433334042e-08
-6.965678477757e-08
-6.9923969850491e-08
-7.0195989090627e-08
-7.0472842912899e-08
-7.0754533080786e-08
-7.1041061334457e-08
-7.1332430198605e-08
-7.1628642757375e-08
-7.1929702583996e-08
-7.2235613665229e-08
-7.2546380845994e-08
-7.2862009348577e-08
-7.3182504782973e-08
-7.3507873542538e-08
-7.3838122500074e-08
-7.4173259051183e-08
-7.4513291007999e-08
-7.4858226888859e-08
-7.5208075763e-08
-7.5562846949046e-08
-7.5922550738048e-08
-7.6287197550682e-08
-7.6656798595219e-08
-7.7031365494984e-08
-7.7410910497084e-08
-7.7795446052597e-08
-7.818498588508e-08
-7.8579543505952e-08
-7.8979133176148e-08
-7.9383769971397e-08
-7.9793469029588e-08
-8.0208246492888e-08
-8.0628118619196e-08
-8.1053102454346e-08
-8.1483215770522e-08
-8.1918476324608e-08
-8.2358902749687e-08
-8.2804514424094e-08
-8.3255330678097e-08
-8.3711372092271e-08
-8.4172659052091e-08
-8.4639213040218e-08
-8.5111055936068e-08
-8.558821014423e-08
-8.6070698609798e-08
-8.6558544586033e-08
-8.705177253399e-08
-8.7550406597088e-08
-8.8054472205568e-08
-8.8563995053148e-08
-8.9079001309723e-08
-8.9599517863502e-08
-9.0125572121579e-08
-9.0657192002982e-08
-9.1194406009008e-08
-9.1737243400338e-08
-9.2285733605977e-08
-9.283990705851e-08
-9.3399794633833e-08
-9.3965427509184e-08
-9.4536838007079e-08
-9.5114058640198e-08
-9.5697122411798e-08
-9.6286063259042e-08
-9.6880915725994e-08
-9.7481714643775e-08
-9.8088495584975e-08
-9.8701294790954e-08
-9.932014925051e-08
-9.9945096320561e-08
-1.0057617412476e-07
-1.0121342127832e-07
-1.0185687729281e-07
-1.0250658199275e-07
-1.0316257632491e-07
-1.0382490131618e-07
-1.0449359904538e-07
-1.0516871200267e-07
-1.0585028373151e-07
-1.0653835786509e-07
-1.072329790823e-07
-1.0793419294781e-07
-1.0864204517702e-07
-1.0935658257207e-07
-1.1007785257941e-07
-1.1080590323029e-07
-1.1154078332971e-07
-1.1228254255683e-07
-1.1303123093808e-07
-1.1378689952739e-07
-1.1454960022453e-07
-1.1531938530205e-07
-1.1609630813924e-07
-1.1688042275944e-07
-1.1767178382182e-07
-1.1847044692215e-07
-1.1927646834132e-07
-1.2008990533743e-07
-1.2091081573521e-07
-1.2173925831032e-07
-1.2257529255861e-07
-1.2341897906157e-07
-1.2427037873249e-07
-1.2512955402873e-07
-1.2599656756132e-07
-1.2687148324565e-07
-1.27754365825e-07
-1.286452806277e-07
-1.2954429436074e-07
-1.3045147420852e-07
-1.3136688853332e-07
-1.3229060643088e-07
-1.3322269813379e-07
-1.3416323472337e-07
-1.35112288229e-07
-1.3606993157335e-07
-1.3703623883322e-07
-1.3801128502063e-07
-1.3899514618478e-07
-1.3998789907719e-07
-1.4098962205977e-07
-1.4200039381187e-07
-1.430202951559e-07
-1.4404940692768e-07
-1.450878114962e-07
-1.461355922696e-07
-1.4719283387115e-07
-1.4825962171221e-07
-1.4933604297869e-07
-1.5042218541574e-07
-1.5151813822127e-07
-1.5262399162463e-07
-1.5373983745742e-07
-1.5486576829899e-07
-1.5600187823135e-07
-1.5714826237549e-07
-1.5830501756501e-07
-1.594722415171e-07
-1.606500333539e-07
-1.6183849362106e-07
-1.6303772415117e-07
-1.642478281041e-07
-1.6546891027115e-07
-1.6670107644229e-07
-1.6794443422001e-07
-1.691990925031e-07
-1.7046516149276e-07
-1.7174275334255e-07
-1.7303198113386e-07
-1.7433296011927e-07
-1.7564580661736e-07
-1.7697063872908e-07
-1.78307576128e-07
-1.796567401748e-07
-1.8101825394241e-07
-1.823922420125e-07
-1.8377883091823e-07
-1.851781486794e-07
-1.8659032527043e-07
-1.8801549235372e-07
-1.8945378376394e-07
-1.9090533448276e-07
-1.9237028202672e-07
-1.9384876576347e-07
-1.953409266272e-07
-1.9684690790782e-07
-1.9836685468518e-07
-1.999009142139e-07
-2.0144923580482e-07
-2.0301197087597e-07
-2.0458927304241e-07
-2.061812980405e-07
-2.077882039312e-07
-2.0941015106149e-07
-2.1104730186982e-07
-2.126998213149e-07
-2.143678770015e-07
-2.1605163842773e-07
-2.1775127788939e-07
-2.1946697081685e-07
-2.2119889339294e-07
-2.2294722623016e-07
-2.2471215203104e-07
-2.2649385595645e-07
-2.2829252629648e-07
-2.3010835389477e-07
-2.3194153264691e-07
-2.3379225931498e-07
-2.3566073351632e-07
-2.3754715812674e-07
-2.3945173892678e-07
-2.4137468501353e-07
-2.4331620880915e-07
-2.4527652555341e-07
-2.4725585425502e-07
-2.4925441731702e-07
-2.5127244048486e-07
-2.5331015323542e-07
-2.5536778824667e-07
-2.5744558270924e-07
-2.5954377673284e-07
-2.6166261493873e-07
-2.6380234542638e-07
-2.6596322069162e-07
-2.6814549764111e-07
-2.7034943621311e-07
-2.7257530142941e-07
-2.7482336311864e-07
-2.7709389490065e-07
-2.793871752759e-07
-2.8170348740313e-07
-2.8404311932589e-07
-2.8640636384347e-07
-2.8879351899905e-07
-2.9120488776016e-07
-2.9364077849727e-07
-2.9610150481619e-07
-2.985873861339e-07
-3.0109874716517e-07
-3.0363591877655e-07
-3.061992375742e-07
-3.0878904598126e-07
-3.1140569327355e-07
-3.1404953460281e-07
-3.1672093196192e-07
-3.1942025392489e-07
-3.2214787595716e-07
-3.2490418056816e-07
-3.276895577723e-07
-3.3050440476058e-07
-3.3334912651704e-07
-3.3622413581195e-07
-3.3912985367549e-07
-3.4206670936317e-07
-3.4503514058431e-07
-3.4803559378342e-07
-3.5106852482468e-07
-3.5413439856784e-07
-3.5723368945668e-07
-3.6036688175344e-07
-3.6353447011422e-07
-3.6673695937567e-07
-3.6997486538219e-07
-3.7324871502759e-07
-3.7655904655849e-07
-3.7990641015508e-07
-3.8329136826351e-07
-3.8671449578702e-07
-3.9017638074988e-07
-3.9367762463466e-07
-3.9721884270133e-07
-4.0080066487413e-07
-4.0442373554574e-07
-4.0808871500659e-07
-4.1179627872085e-07
-4.1554711929321e-07
-4.193419461636e-07
-4.231814867398e-07
-4.2706648640591e-07
-4.3099770982832e-07
-4.3497594147259e-07
-4.3900198620497e-07
-4.4307667045996e-07
-4.472008425163e-07
-4.5137537413033e-07
-4.5560116064098e-07
-4.5987912262452e-07
-4.6421020653096e-07
-4.6859538590821e-07
-4.7303566253719e-07
-4.7753206771056e-07
-4.8208566330869e-07
-4.8669754353291e-07
-4.9136883581541e-07
-4.9610070263698e-07
-5.0089434329789e-07
-5.0575099532604e-07
-5.1067193607826e-07
-5.1565848546951e-07
-5.2071200687447e-07
-5.2583390998386e-07
-5.310256529723e-07
-5.362887447709e-07
-5.4162474760104e-07
-5.4703527981973e-07
-5.5252201867961e-07
-5.5808670362263e-07
-5.6373113911076e-07
-5.6945719828263e-07
-5.7526682711456e-07
-5.8116204767023e-07
-5.8714496234706e-07
-5.9321775915752e-07
-5.9938271513881e-07
-6.0564220313159e-07
-6.119986955696e-07
-6.1845477114263e-07
-6.2501312116726e-07
-6.3167655554334e-07
-6.3844801023104e-07
-6.4533055489321e-07
-6.5232740074097e-07
-6.594419090369e-07
-6.6667760211004e-07
-6.7403817013313e-07
-6.8152748411506e-07
-6.8914960708692e-07
-6.969088053218e-07
-7.0480956248709e-07
-7.1285659359299e-07
-7.2105485954493e-07
-7.2940958361494e-07
-7.3792626938767e-07
-7.4661071872232e-07
-7.5546905254826e-07
-7.6450773196452e-07
-7.7373358166741e-07
-7.8315381534363e-07
-7.9277606178697e-07
-8.0260839514656e-07
-8.1265936458161e-07
-8.2293802894406e-07
-8.3345399236304e-07
-8.44217443137e-07
-8.5523919652513e-07
-8.6653073932858e-07
-8.7810427834906e-07
-8.8997279373829e-07
-9.0215009532156e-07
-9.1465088379419e-07
-9.274908168089e-07
-9.4068658026803e-07
-9.5425596546807e-07
-9.6821795190249e-07
-9.8259279694017e-07
-9.9740213347166e-07
-1.0126690741267e-06
-1.0284183239228e-06
-1.0446763041417e-06
-1.0614712833851e-06
-1.0788335215228e-06
-1.0967954238831e-06
-1.1153917091781e-06
-1.1346595903026e-06
-1.1546389706039e-06
-1.1753726565169e-06
-1.1969065865629e-06
-1.21929008134e-06
-1.2425761108259e-06
-1.2668215893011e-06
-1.292087689383e-06
-1.3184401855752e-06
-1.3459498254042e-06
-1.3746927316304e-06
-1.4047508403127e-06
-1.4362123714446e-06
-1.4691723443628e-06
-1.5037331334733e-06
-1.5400050713175e-06
-1.5781071061138e-06
-1.6181675098971e-06
-1.6603246523713e-06
-1.7047278375223e-06
-1.751538212977e-06
-1.8009297578823e-06
-1.8530903549088e-06
-1.9082229552309e-06
-1.9665468437739e-06
-2.0282990140163e-06
-2.0937356614968e-06
-2.1631338077199e-06
-2.236793064332e-06
-2.3150375527818e-06
-2.398217988394e-06
-2.4867139494626e-06
-2.5809363439404e-06
-2.6813300930983e-06
-2.7883770498968e-06
-2.902599175358e-06
-3.0245619951553e-06
-3.1548783601375e-06
-3.2942125418341e-06
-3.4432846894775e-06
-3.6028756828194e-06
-3.7738324173349e-06
-3.9570735600576e-06
-4.1535958192882e-06
-4.3644807737959e-06
-4.5909023158169e-06
-4.834134759261e-06
-5.0955616777306e-06
-5.376685538503e-06
-5.6791382034925e-06
-6.0046923805824e-06
-6.3552741055682e-06
-6.7329763652818e-06
-7.1400739460649e-06
-7.579039638095e-06
-8.0525619127134e-06
-8.5635642145753e-06
-9.115226013054e-06
-9.7110057816988e-06
-1.0354666084554e-05
-1.105030096307e-05
-1.1802365843835e-05
-1.261571020014e-05
-1.3495613226621e-05
-1.4447822811073e-05
-1.5478598114249e-05
-1.6594756096148e-05
-1.7803722364864e-05
-1.9113586755119e-05
-2.0533164085366e-05
-2.2072060586118e-05
-2.3740746538549e-05
-2.5550635715091e-05
-2.7514172272866e-05
-2.9644925809751e-05
-3.1957695369574e-05
-3.4468623248202e-05
-3.7195319551163e-05
-4.015699852976e-05
-4.3374627837235e-05
-4.6871091950257e-05
-5.0671371126022e-05
-5.4802737404787e-05
-5.9294969305692e-05
-6.4180587042066e-05
-6.9495110249574e-05
-7.5277340425753e-05
-8.1569670499185e-05
-8.8418424181183e-05
-9.5874228024645e-05
-0.00010399241940371
-0.00011283349394918
-0.00012246359633261
-0.00013295505867942
-0.00014438699132563
-0.00015684593110902
-0.0001704265529038
-0.0001852324506972
-0.00020137699513427
-0.00021898427516702
-0.00023819013222229
-0.00025914329615551
-0.00028200663321363
-0.00030695851726078
-0.00033419433670023
-0.00036392815077632
-0.00039639451036275
-0.00043185045990645
-0.00047057773890401
-0.00051288520320084
-0.00055911148850464
-0.00060962794082826
-0.00066484184115392
-0.00072519995445381
-0.00079119243635451
-0.00086335713421196
-0.000942284323223
-0.0010286219224721
-0.0011230812405291
-0.0012264433054617
-0.0013395658399076
-0.0014633909482928
-0.0015989535903787
-0.0017473909232291
-0.0019099526024119
-0.0020880121429601
-0.0022830794513473
-0.0024968146516724
-0.0027310433424597
-0.0029877734351645
-0.0032692137417473
-0.0035777944967792
-0.0039161900195758
-0.0042873437441895
-0.0046944958698037
-0.0051412139116053
-0.0056314264627553
-0.0061694605120517
-0.0067600826996373
-0.0074085449350958
-0.0081206348489685
-0.0089027316006883
-0.0097618676237132
-0.010705796952997
-0.011743070851543
-0.01288312153253
-0.014136354862363
-0.015514253028913
-0.017029488269544
-0.018696048876403
-0.020529378833581
-0.02254653259357
-0.024766346671036
-0.027209629922248
-0.029899374591015
-0.032860990439248
-0.03612256454536
-0.039715149649956
-0.0436730842594
-0.048034348088262
-0.052840956836004
-0.058139400757134
-0.063981132003519
-0.070423106299587
-0.077528385163622
-0.085366805620353
-0.09401572517151
-0.10356085071388
-0.11409716113158
-0.1257299344563
-0.13857589180308
-0.15276447177033
-0.16843925066395
-0.18575952579323
-0.20490208122237
-0.22606315778127
-0.24946065188572
-0.27533657084029
-0.30395977585545
-0.33562904807502
-0.37067651756391
-0.40947150055154
-0.45242479638486
-0.49999350276634
