-1.3348313251691
-1.0776947882688
-0.92934240040045
-0.82956463314172
-0.75630310000115
-0.69828634615103
-0.64992389439613
-0.60829209128449
-0.57172708231242
-0.53919085292538
-0.50997844830528
-0.48357639770176
-0.45959029597064
-0.43770536673556
-0.41766351417704
-0.39924905074489
-0.38227924604312
-0.36659771165545
-0.35206955220024
-0.33857767812089
-0.32601992133543
-0.31430672983621
-0.30335929466638
-0.2931080089733
-0.28349118776437
-0.27445399585985
-0.26594754434872
-0.25792812487202
-0.25035655760743
-0.24319763371397
-0.23641963671746
-0.22999393020617
-0.22389460147879
-0.21809815259656
-0.21258323174726
-0.20733039900722
-0.20232192155018
-0.19754159414093
-0.19297458140289
-0.18860727888792
-0.18442719042546
-0.1804228196025
-0.17658357353949
-0.17289967739121
-0.16936209822367
-0.1659624771061
-0.16269306841648
-0.15954668549418
-0.15651665188912
-0.15359675755499
-0.15078121941872
-0.14806464583088
-0.14544200446398
-0.14290859327914
-0.14046001422854
-0.13809214940077
-0.13580113935132
-0.13358336339076
-0.13143542162942
-0.12935411860063
-0.12733644830447
-0.12537958053183
-0.12348084834392
-0.12163773659605
-0.11984787140625
-0.11810901048028
-0.11641903421337
-0.11477593749764
-0.11317782217133
-0.11162289005241
-0.11010943650487
-0.10863584449129
-0.10720057906944
-0.10580218229535
-0.10443926849818
-0.10311051989609
-0.10181468252492
-0.100550562454
-0.099317022266142
-0.098112977780447
-0.096937394998942
-0.095789287259418
-0.094667712578561
-0.093571771170782
-0.09250060312943
-0.091453386258205
-0.090429334041614
-0.089427693744229
-0.088447744629395
-0.087488796288738
-0.086550187074602
-0.085631282628094
-0.084731474496075
-0.083850178830902
-0.082986835167245
-0.082140905270726
-0.081311872053527
-0.080499238552515
-0.079702526965694
-0.078921277743229
-0.078155048729401
-0.077403414352279
-0.076665964858037
-0.075942305587066
-0.075232056289287
-0.074534850476196
-0.073850334807396
-0.073178168509486
-0.072518022825349
-0.071869580492023
-0.071232535245382
-0.070606591350157
-0.069991463153694
-0.069386874662133
-0.068792559137665
-0.068208258715712
-0.067633724040849
-0.067068713920419
-0.066512994994887
-0.06596634142394
-0.06542853458751
-0.0648993628009
-0.064378621043217
-0.063866110698421
-0.063361639308312
-0.062865020336807
-0.062376072944925
-0.061894621775903
-0.061420496749943
-0.060953532868065
-0.06049357002461
-0.060040452827956
-0.059594030429038
-0.059154156357249
-0.058720688363403
-0.058293488269371
-0.057872421824059
-0.057457358565484
-0.057048171688538
-0.056644737918272
-0.056246937388397
-0.055854653524726
-0.055467772933372
-0.055086185293439
-0.054709783254034
-0.054338462335356
-0.053972120833713
-0.053610659730273
-0.053253982603378
-0.052901995544248
-0.052554607075951
-0.052211728075486
-0.051873271698799
-0.051539153308681
-0.051209290405346
-0.050883602559615
-0.050562011348594
-0.050244440293709
-0.049930814801029
-0.04962106210376
-0.049315111206836
-0.049012892833493
-0.048714339373773
-0.048419384834857
-0.048127964793157
-0.047840016348095
-0.047555478077511
-0.047274289994621
-0.046996393506447
-0.046721731373713
-0.046450247672087
-0.046181887754752
-0.045916598216242
-0.045654326857512
-0.045395022652154
-0.045138635713751
-0.044885117264312
-0.044634419603755
-0.044386496080369
-0.044141301062261
-0.043898789909716
-0.043658918948463
-0.043421645443766
-0.043186927575395
-0.04295472441334
-0.042724995894318
-0.04249770279902
-0.042272806730059
-0.042050270090615
-0.041830056063724
-0.041612128592226
-0.041396452359313
-0.041182992769668
-0.040971715931195
-0.040762588637276
-0.040555578349577
-0.040350653181364
-0.040147781881314
-0.039946933817803
-0.039748078963662
-0.039551187881384
-0.039356231708736
-0.039163182144834
-0.038972011436578
-0.038782692365494
-0.038595198234967
-0.038409502857803
-0.038225580544189
-0.038043406089941
-0.037862954765128
-0.03768420230299
-0.037507124889169
-0.03733169915124
-0.037157902148529
-0.036985711362214
-0.036815104685691
-0.036646060415209
-0.036478557240753
-0.036312574237173
-0.036148090855559
-0.035985086914839
-0.035823542593597
-0.035663438422126
-0.035504755274659
-0.035347474361844
-0.03519157722338
-0.035037045720874
-0.034883862030849
-0.034732008637973
-0.034581468328438
-0.034432224183484
-0.034284259573185
-0.034137558150235
-0.03399210384406
-0.033847880854945
-0.033704873648393
-0.033563066949581
-0.033422445737969
-0.033282995242044
-0.033144700934188
-0.03300754852567
-0.032871523961775
-0.032736613417033
-0.032602803290577
-0.032470080201609
-0.03233843098497
-0.032207842686829
-0.032078302560463
-0.031949798062141
-0.031822316847106
-0.031695846765658
-0.031570375859318
-0.031445892357085
-0.031322384671792
-0.031199841396528
-0.031078251301161
-0.030957603328921
-0.030837886593085
-0.03071909037372
-0.030601204114508
-0.03048421741964
-0.030368120050782
-0.030252901924112
-0.030138553107422
-0.030025063817272
-0.029912424416241
-0.029800625410197
-0.029689657445658
-0.029579511307196
-0.029470177914915
-0.029361648321956
-0.029253913712086
-0.029146965397318
-0.029040794815597
-0.028935393528531
-0.028830753219157
-0.02872686568979
-0.028623722859872
-0.028521316763912
-0.028419639549425
-0.028318683474964
-0.028218440908148
-0.028118904323757
-0.028020066301862
-0.027921919525991
-0.027824456781333
-0.027727670952985
-0.027631555024227
-0.027536102074842
-0.027441305279454
-0.02734715790593
-0.027253653313771
-0.027160784952583
-0.027068546360543
-0.026976931162912
-0.026885933070574
-0.02679554587861
-0.026705763464885
-0.026616579788692
-0.026527988889383
-0.026439984885064
-0.026352561971294
-0.026265714419818
-0.026179436577324
-0.026093722864215
-0.026008567773428
-0.025923965869247
-0.025839911786158
-0.025756400227714
-0.025673425965449
-0.025590983837766
-0.025509068748891
-0.025427675667822
-0.025346799627301
-0.025266435722813
-0.025186579111603
-0.025107225011701
-0.025028368700978
-0.024950005516211
-0.024872130852166
-0.024794740160706
-0.024717828949911
-0.024641392783202
-0.024565427278506
-0.024489928107415
-0.024414890994367
-0.024340311715849
-0.024266186099601
-0.024192510023849
-0.024119279416536
-0.024046490254585
-0.023974138563157
-0.02390222041494
-0.023830731929429
-0.023759669272249
-0.023689028654452
-0.023618806331864
-0.023548998604416
-0.023479601815505
-0.023410612351348
-0.023342026640371
-0.02327384115258
-0.023206052398974
-0.023138656930937
-0.023071651339672
-0.023005032255611
-0.022938796347869
-0.022872940323682
-0.022807460927865
-0.022742354942277
-0.022677619185303
-0.022613250511328
-0.022549245810237
-0.022485602006911
-0.022422316060743
-0.022359384965148
-0.022296805747094
-0.022234575466635
-0.022172691216454
-0.022111150121405
-0.02204994933808
-0.021989086054362
-0.021928557489007
-0.021868360891213
-0.021808493540209
-0.021748952744845
-0.021689735843195
-0.021630840202155
-0.021572263217057
-0.021514002311292
-0.021456054935923
-0.021398418569323
-0.021341090716811
-0.021284068910283
-0.021227350707872
-0.021170933693595
-0.02111481547701
-0.021058993692885
-0.021003466000857
-0.020948230085116
-0.020893283654081
-0.02083862444008
-0.020784250199052
-0.02073015871022
-0.020676347775809
-0.020622815220742
-0.020569558892345
-0.020516576660065
-0.020463866415181
-0.020411426070536
-0.020359253560247
-0.020307346839449
-0.020255703884016
-0.020204322690312
-0.02015320127492
-0.020102337674402
-0.020051729945031
-0.02000137616256
-0.019951274421969
-0.01990142283723
-0.019851819541072
-0.019802462684743
-0.01975335043779
-0.019704480987822
-0.019655852540299
-0.019607463318304
-0.019559311562339
-0.019511395530093
-0.019463713496257
-0.019416263752296
-0.019369044606258
-0.019322054382571
-0.01927529142184
-0.019228754080662
-0.019182440731427
-0.019136349762128
-0.019090479576182
-0.019044828592239
-0.018999395244003
-0.018954177980054
-0.018909175263672
-0.018864385572661
-0.018819807399187
-0.01877543924959
-0.018731279644243
-0.018687327117366
-0.01864358021688
-0.018600037504233
-0.018556697554258
-0.018513558955006
-0.018470620307598
-0.018427880226079
-0.018385337337256
-0.018342990280568
-0.018300837707927
-0.018258878283582
-0.018217110683982
-0.018175533597627
-0.018134145724943
-0.018092945778134
-0.018051932481065
-0.018011104569109
-0.017970460789041
-0.017929999898896
-0.01788972066784
-0.017849621876057
-0.017809702314621
-0.017769960785372
-0.017730396100797
-0.017691007083916
-0.017651792568165
-0.017612751397278
-0.017573882425169
-0.017535184515846
-0.017496656543252
-0.017458297391207
-0.01742010595327
-0.017382081132644
-0.017344221842071
-0.017306527003717
-0.017268995549088
-0.017231626418918
-0.017194418563074
-0.017157370940451
-0.017120482518886
-0.017083752275052
-0.01704717919437
-0.017010762270914
-0.016974500507321
-0.016938392914696
-0.016902438512525
-0.016866636328584
-0.01683098539886
-0.016795484767449
-0.016760133486485
-0.016724930616053
-0.0166898752241
-0.016654966386359
-0.016620203186264
-0.016585584714872
-0.016551110070786
-0.016516778360071
-0.016482588696183
-0.016448540199887
-0.016414631999191
-0.01638086322926
-0.016347233032351
-0.016313740557741
-0.016280384961644
-0.01624716540716
-0.016214081064184
-0.016181131109355
-0.016148314725972
-0.016115631103942
-0.016083079439701
-0.016050658936155
-0.016018368802613
-0.015986208254726
-0.015954176514414
-0.015922272809816
-0.015890496375224
-0.015858846451013
-0.015827322283595
-0.015795923125349
-0.015764648234564
-0.015733496875385
-0.015702468317749
-0.015671561837335
-0.015640776715502
-0.015610112239236
-0.015579567701092
-0.01554914239915
-0.015518835636946
-0.01548864672343
-0.015458574972909
-0.015428619704999
-0.015398780244569
-0.015369055921693
-0.015339446071599
-0.015309950034622
-0.015280567156153
-0.015251296786589
-0.015222138281288
-0.015193091000523
-0.015164154309431
-0.015135327577968
-0.01510661018087
-0.015078001497596
-0.015049500912292
-0.015021107813747
-0.014992821595342
-0.014964641655018
-0.014936567395221
-0.014908598222872
-0.014880733549314
-0.014852972790281
-0.01482531536585
-0.014797760700402
-0.014770308222586
-0.014742957365276
-0.014715707565531
-0.014688558264563
-0.014661508907687
-0.014634558944296
-0.014607707827819
-0.014580955015679
-0.014554299969265
-0.014527742153888
-0.014501281038752
-0.014474916096914
-0.014448646805253
-0.014422472644431
-0.014396393098863
-0.01437040765668
-0.014344515809698
-0.014318717053383
-0.01429301088682
-0.014267396812681
-0.014241874337187
-0.014216442970087
-0.01419110222462
-0.014165851617479
-0.014140690668794
-0.014115618902087
-0.014090635844253
-0.014065741025526
-0.014040933979448
-0.014016214242841
-0.013991581355781
-0.013967034861565
-0.013942574306688
-0.01391819924081
-0.013893909216731
-0.013869703790364
-0.013845582520708
-0.013821544969819
-0.013797590702784
-0.013773719287701
-0.013749930295642
-0.013726223300639
-0.013702597879649
-0.013679053612532
-0.013655590082034
-0.013632206873748
-0.013608903576099
-0.01358567978032
-0.013562535080426
-0.013539469073187
-0.013516481358111
-0.013493571537419
-0.013470739216017
-0.013447984001482
-0.013425305504032
-0.013402703336507
-0.013380177114348
-0.013357726455573
-0.013335350980755
-0.013313050313007
-0.013290824077949
-0.013268671903699
-0.013246593420846
-0.01322458826243
-0.013202656063923
-0.01318079646321
-0.013159009100563
-0.013137293618632
-0.013115649662413
-0.01309407687924
-0.013072574918758
-0.013051143432908
-0.013029782075905
-0.013008490504226
-0.012987268376584
-0.012966115353912
-0.012945031099349
-0.012924015278217
-0.012903067558007
-0.012882187608357
-0.012861375101041
-0.012840629709948
-0.01281995111106
-0.01279933898245
-0.012778793004246
-0.012758312858633
-0.012737898229821
-0.012717548804039
-0.012697264269517
-0.012677044316467
-0.012656888637067
-0.012636796925452
-0.012616768877691
-0.012596804191774
-0.012576902567602
-0.012557063706962
-0.01253728731352
-0.012517573092805
-0.012497920752192
-0.012478330000892
-0.012458800549927
-0.012439332112131
-0.012419924402126
-0.012400577136307
-0.012381290032837
-0.012362062811623
-0.012342895194313
-0.01232378690427
-0.012304737666572
-0.01228574720799
-0.012266815256974
-0.01224794154365
-0.012229125799794
-0.012210367758833
-0.012191667155822
-0.012173023727431
-0.012154437211945
-0.012135907349237
-0.012117433880765
-0.012099016549555
-0.012080655100195
-0.012062349278818
-0.01204409883309
-0.012025903512202
-0.012007763066856
-0.011989677249259
-0.011971645813098
-0.011953668513551
-0.011935745107248
-0.011917875352284
-0.011900059008201
-0.01188229583597
-0.011864585597988
-0.011846928058064
-0.011829322981416
-0.01181177013464
-0.011794269285729
-0.011776820204039
-0.011759422660289
-0.011742076426554
-0.011724781276247
-0.01170753698411
-0.011690343326212
-0.011673200079935
-0.011656107023955
-0.011639063938251
-0.011622070604085
-0.011605126803988
-0.011588232321756
-0.01157138694245
-0.011554590452365
-0.011537842639046
-0.01152114329126
-0.011504492198994
-0.011487889153448
-0.011471333947029
-0.011454826373328
-0.011438366227128
-0.011421953304389
-0.011405587402237
-0.011389268318959
-0.011372995853993
-0.011356769807922
-0.011340589982466
-0.011324456180465
-0.011308368205888
-0.01129232586381
-0.01127632896041
-0.011260377302963
-0.011244470699835
-0.011228608960467
-0.011212791895376
-0.011197019316145
-0.011181291035411
-0.011165606866869
-0.011149966625246
-0.011134370126317
-0.011118817186876
-0.011103307624739
-0.011087841258746
-0.011072417908731
-0.011057037395536
-0.011041699540996
-0.011026404167929
-0.011011151100133
-0.010995940162386
-0.010980771180422
-0.010965643980939
-0.010950558391591
-0.010935514240972
-0.010920511358622
-0.010905549575008
-0.010890628721529
-0.010875748630505
-0.010860909135166
-0.010846110069659
-0.010831351269017
-0.010816632569187
-0.010801953806995
-0.010787314820154
-0.010772715447254
-0.010758155527757
-0.010743634901994
-0.010729153411151
-0.010714710897274
-0.010700307203253
-0.01068594217282
-0.010671615650553
-0.010657327481853
-0.010643077512951
-0.010628865590895
-0.010614691563556
-0.010600555279609
-0.010586456588531
-0.010572395340604
-0.0105583713869
-0.010544384579284
-0.010530434770398
-0.010516521813667
-0.010502645563286
-0.01048880587422
-0.010475002602199
-0.010461235603703
-0.010447504735974
-0.010433809856997
-0.010420150825501
-0.010406527500953
-0.010392939743555
-0.010379387414236
-0.010365870374649
-0.010352388487166
-0.010338941614875
-0.010325529621576
-0.010312152371768
-0.010298809730655
-0.010285501564136
-0.010272227738803
-0.010258988121935
-0.010245782581493
-0.010232610986115
-0.01021947320512
-0.010206369108486
-0.010193298566865
-0.010180261451568
-0.010167257634563
-0.010154286988471
-0.010141349386559
-0.010128444702744
-0.010115572811578
-0.010102733588254
-0.010089926908595
-0.010077152649049
-0.010064410686698
-0.010051700899236
-0.010039023164976
-0.010026377362845
-0.010013763372378
-0.010001181073714
-0.0099886303475949
-0.0099761110753597
-0.0099636231389408
-0.0099511664208568
-0.0099387408042257
-0.0099263461727309
-0.0099139824106475
-0.0099016494028197
-0.009889347034665
-0.0098770751921713
-0.0098648337618905
-0.0098526226309332
-0.0098404416869719
-0.0098282908182301
-0.0098161699134853
-0.0098040788620608
-0.0097920175538243
-0.0097799858791855
-0.0097679837290883
-0.0097560109950164
-0.0097440675689819
-0.009732153343523
-0.0097202682117018
-0.0097084120671131
-0.0096965848038485
-0.0096847863165369
-0.0096730165003047
-0.0096612752507922
-0.009649562464146
-0.0096378780370144
-0.0096262218665434
-0.0096145938503802
-0.0096029938866631
-0.0095914218740198
-0.0095798777115641
-0.0095683612989035
-0.0095568725361185
-0.0095454113237708
-0.0095339775629014
-0.009522571155019
-0.0095111920021076
-0.0094998400066174
-0.0094885150714633
-0.0094772171000212
-0.0094659459961294
-0.0094547016640789
-0.0094434840086181
-0.0094322929349458
-0.0094211283487055
-0.009409990155993
-0.0093988782633436
-0.0093877925777337
-0.0093767330065788
-0.0093656994577286
-0.0093546918394657
-0.009343710060505
-0.0093327540299877
-0.0093218236574808
-0.0093109188529742
-0.0093000395268786
-0.0092891855900218
-0.009278356953648
-0.0092675535294151
-0.0092567752293888
-0.0092460219660468
-0.009235293652271
-0.0092245902013466
-0.0092139115269618
-0.0092032575432022
-0.0091926281645498
-0.0091820233058815
-0.0091714428824683
-0.009160886809969
-0.0091503550044295
-0.0091398473822803
-0.009129363860341
-0.0091189043558042
-0.0091084687862468
-0.0090980570696203
-0.009087669124251
-0.0090773048688377
-0.0090669642224477
-0.009056647104523
-0.0090463534348619
-0.0090360831336341
-0.0090258361213674
-0.009015612318951
-0.009005411647633
-0.0089952340290158
-0.0089850793850553
-0.0089749476380571
-0.008964838710685
-0.0089547525259414
-0.0089446890071794
-0.0089346480780934
-0.0089246296627232
-0.0089146336854462
-0.0089046600709786
-0.0088947087443733
-0.0088847796310199
-0.0088748726566307
-0.0088649877472649
-0.0088551248292988
-0.008845283829436
-0.0088354646747119
-0.0088256672924809
-0.0088158916104223
-0.0088061375565291
-0.008796405059116
-0.0087866940468184
-0.008777004448582
-0.0087673361936608
-0.0087576892116305
-0.0087480634323692
-0.0087384587860633
-0.0087288752032068
-0.0087193126145989
-0.0087097709513389
-0.0087002501448271
-0.0086907501267701
-0.0086812708291636
-0.0086718121843016
-0.0086623741247763
-0.0086529565834704
-0.0086435594935579
-0.0086341827885027
-0.0086248264020582
-0.0086154902682628
-0.0086061743214409
-0.0085968784962016
-0.0085876027274317
-0.0085783469503053
-0.00856911110027
-0.0085598951130534
-0.0085506989246605
-0.0085415224713662
-0.0085323656897239
-0.0085232285165538
-0.0085141108889521
-0.0085050127442782
-0.0084959340201588
-0.0084868746544936
-0.008477834585438
-0.0084688137514145
-0.0084598120911103
-0.0084508295434668
-0.008441866047688
-0.0084329215432358
-0.0084239959698241
-0.008415089267428
-0.0084062013762714
-0.0083973322368321
-0.0083884817898379
-0.0083796499762661
-0.0083708367373442
-0.0083620420145436
-0.0083532657495827
-0.008344507884425
-0.0083357683612754
-0.0083270471225814
-0.0083183441110331
-0.008309659269554
-0.0083009925413115
-0.0082923438697086
-0.0082837131983802
-0.0082751004711989
-0.0082665056322711
-0.0082579286259318
-0.0082493693967491
-0.008240827889519
-0.008232304049268
-0.0082237978212471
-0.0082153091509356
-0.0082068379840351
-0.008198384266474
-0.0081899479443997
-0.0081815289641836
-0.0081731272724157
-0.0081647428159062
-0.0081563755416829
-0.0081480253969879
-0.0081396923292844
-0.0081313762862458
-0.0081230772157589
-0.0081147950659286
-0.0081065297850626
-0.0080982813216854
-0.0080900496245281
-0.0080818346425305
-0.0080736363248387
-0.0080654546208064
-0.0080572894799915
-0.0080491408521544
-0.0080410086872613
-0.0080328929354787
-0.0080247935471734
-0.0080167104729138
-0.0080086436634655
-0.0080005930697928
-0.0079925586430567
-0.0079845403346142
-0.0079765380960169
-0.0079685518790121
-0.0079605816355371
