-0.50002938452612
-0.4793443317168
-0.46003209790951
-0.44198332742336
-0.42509850356296
-0.40928697626704
-0.39446609334222
-0.38056042355411
-0.36750106124418
-0.35522500336299
-0.34367459088222
-0.33279700748807
-0.32254382928367
-0.3128706199532
-0.30373656647785
-0.29510415105411
-0.28693885535883
-0.27920889374014
-0.27188497229683
-0.26494007114714
-0.25834924748666
-0.25208945729874
-0.24613939381482
-0.24047934102789
-0.23509104074607
-0.22995757183468
-0.22506324043964
-0.22039348011228
-0.21593476086911
-0.2116745063212
-0.20760101809701
-0.20370340686288
-0.19997152931607
-0.19639593058904
-0.19296779156005
-0.18967888061573
-0.18652150945653
-0.18348849257636
-0.18057311008368
-0.17776907356401
-0.17507049471255
-0.1724718564919
-0.16996798659298
-0.16755403299858
-0.16522544146734
-0.16297793477366
-0.16080749355351
-0.15871033862061
-0.15668291462929
-0.15472187497201
-0.15282406780934
-0.1509865231393
-0.14920644082163
-0.14748117947942
-0.14580824620795
-0.14418528702607
-0.14261007801169
-0.1410805170673
-0.13959461626669
-0.13815049473758
-0.13674637203917
-0.1353805619967
-0.13405146695841
-0.1327575724432
-0.13149744214963
-0.13026971329951
-0.12907309229156
-0.1279063506422
-0.12676832119279
-0.12565789456404
-0.12457401583981
-0.12351568146405
-0.12248193633575
-0.12147187108804
-0.12048461953856
-0.11951935629915
-0.11857529453415
-0.11765168385674
-0.1167478083544
-0.11586298473432
-0.11499656058112
-0.11414791271908
-0.11331644567216
-0.1125015902153
-0.11170280201098
-0.11091956032564
-0.11015136682066
-0.10939774441323
-0.10865823620254
-0.10793240445731
-0.10721982966057
-0.10652010960835
-0.10583285855879
-0.10515770642853
-0.10449429803355
-0.10384229237171
-0.10320136194448
-0.10257119211543
-0.10195148050338
-0.10134193640797
-0.10074228026599
-0.10015224313634
-0.099571566212254
-0.099000000358892
-0.098437305675121
-0.097883251077861
-0.097337613907843
-0.096800179555488
-0.096270741105786
-0.095749099001117
-0.095235060721008
-0.094728440477831
-0.094229058927643
-0.09373674289527
-0.093251325112861
-0.092772643971213
-0.092300543283125
-0.091834872058188
-0.091375484288332
-0.090922238743615
-0.09047499877768
-0.090033632142371
-0.089598010811026
-0.08916801081001
-0.088743512058054
-0.088324398212965
-0.087910556525371
-0.087501877699131
-0.087098255758044
-0.086699587918557
-0.08630577446821
-0.08591671864942
-0.085532326548469
-0.085152506989356
-0.08477717143228
-0.084406233876563
-0.084039610767748
-0.083677220908729
-0.083318985374645
-0.082964827431418
-0.082614672457735
-0.082268447870302
-0.081926083052241
-0.081587509284446
-0.081252659679802
-0.080921469120092
-0.080593874195486
-0.08026981314651
-0.079949225808333
-0.079632053557329
-0.079318239259751
-0.079007727222455
-0.078700463145582
-0.078396394077081
-0.078095468369042
-0.077797635635693
-0.077502846713053
-0.077211053620111
-0.076922209521513
-0.076636268691654
-0.076353186480137
-0.076072919278516
-0.075795424488311
-0.075520660490183
-0.075248586614271
-0.074979163111608
-0.074712351126595
-0.074448112670457
-0.07418641059568
-0.073927208571357
-0.073670471059413
-0.073416163291692
-0.073164251247828
-0.072914701633924
-0.072667481861951
-0.072422560029883
-0.072179904902512
-0.071939485892913
-0.071701273044569
-0.071465237014069
-0.071231349054424
-0.070999580998927
-0.070769905245547
-0.070542294741866
-0.070316722970489
-0.07009316393495
-0.069871592146067
-0.069651982608754
-0.069434310809248
-0.069218552702755
-0.069004684701485
-0.068792683663075
-0.068582526879363
-0.068374192065539
-0.068167657349615
-0.067962901262225
-0.067759902726752
-0.067558641049754
-0.067359095911666
-0.06716124735782
-0.066965075789697
-0.066770561956469
-0.066577686946786
-0.066386432180812
-0.066196779402479
-0.066008710671994
-0.065822208358546
-0.065637255133234
-0.0654538339622
-0.065271928099952
-0.065091521082892
-0.064912596723007
-0.064735139101764
-0.064559132564157
-0.064384561712926
-0.064211411402943
-0.064039666735746
-0.063869313054231
-0.06370033593748
-0.063532721195733
-0.063366454865504
-0.06320152320482
-0.063037912688591
-0.062875610004094
-0.062714602046601
-0.062554875915094
-0.062396418908109
-0.062239218519685
-0.062083262435417
-0.06192853852861
-0.061775034856532
-0.061622739656769
-0.061471641343664
-0.061321728504845
-0.061172989897858
-0.06102541444685
-0.060878991239372
-0.060733709523244
-0.060589558703486
-0.060446528339344
-0.060304608141383
-0.060163787968636
-0.060024057825847
-0.059885407860755
-0.059747828361466
-0.059611309753861
-0.059475842599094
-0.059341417591124
-0.059208025554326
-0.059075657441141
-0.058944304329779
-0.058813957421997
-0.058684608040907
-0.058556247628839
-0.05842886774525
-0.0583024600647
-0.058177016374836
-0.05805252857446
-0.05792898867161
-0.05780638878171
-0.057684721125735
-0.057563978028436
-0.057444151916589
-0.057325235317299
-0.057207220856315
-0.057090101256421
-0.056973869335814
-0.056858518006554
-0.056744040273027
-0.056630429230457
-0.056517678063419
-0.056405780044425
-0.056294728532508
-0.056184516971837
-0.056075138890388
-0.055966587898603
-0.055858857688111
-0.05575194203045
-0.055645834775839
-0.055540529851948
-0.05543602126271
-0.055332303087157
-0.055229369478272
-0.055127214661868
-0.055025832935488
-0.054925218667329
-0.05482536629518
-0.054726270325393
-0.054627925331857
-0.054530325955016
-0.054433466900872
-0.054337342940051
-0.054241948906844
-0.054147279698291
-0.05405333027328
-0.053960095651654
-0.053867570913344
-0.053775751197516
-0.053684631701729
-0.053594207681113
-0.053504474447565
-0.053415427368954
-0.053327061868343
-0.053239373423231
-0.053152357564791
-0.053066009877149
-0.052980325996653
-0.052895301611163
-0.052810932459359
-0.052727214330056
-0.052644143061531
-0.052561714540863
-0.052479924703283
-0.052398769531545
-0.052318245055293
-0.052238347350456
-0.052159072538627
-0.05208041678649
-0.052002376305227
-0.051924947349952
-0.051848126219136
-0.051771909254071
-0.051696292838314
-0.051621273397164
-0.051546847397125
-0.051473011345398
-0.051399761789377
-0.051327095316143
-0.05125500855198
-0.051183498161888
-0.051112560849121
-0.051042193354706
-0.050972392456998
-0.050903154971221
-0.050834477749034
-0.050766357678086
-0.050698791681605
-0.050631776717954
-0.050565309780234
-0.050499387895873
-0.050434008126223
-0.050369167566174
-0.05030486334375
-0.050241092619751
-0.050177852587359
-0.050115140471779
-0.050052953529873
-0.049991289049804
-0.049930144350687
-0.049869516782239
-0.049809403724447
-0.049749802587221
-0.049690710810081
-0.049632125861818
-0.049574045240186
-0.049516466471585
-0.049459387110752
-0.049402804740459
-0.049346716971212
-0.049291121440959
-0.049236015814798
-0.049181397784703
-0.049127265069225
-0.04907361541323
-0.049020446587627
-0.048967756389093
-0.048915542639822
-0.04886380318725
-0.048812535903816
-0.048761738686706
-0.048711409457598
-0.048661546162431
-0.048612146771158
-0.048563209277518
-0.048514731698797
-0.048466712075598
-0.048419148471632
-0.048372038973481
-0.048325381690378
-0.048279174754011
-0.048233416318302
-0.048188104559191
-0.048143237674448
-0.048098813883458
-0.048054831427035
-0.048011288567219
-0.047968183587086
-0.047925514790559
-0.04788328050223
-0.04784147906716
-0.04780010885072
-0.04775916823839
-0.047718655635613
-0.0476785694676
-0.047638908179168
-0.047599670234578
-0.047560854117372
-0.047522458330204
-0.047484481394684
-0.04744692185123
-0.047409778258907
-0.047373049195273
-0.047336733256246
-0.047300829055936
-0.047265335226517
-0.047230250418079
-0.047195573298495
-0.047161302553273
-0.047127436885434
-0.047093975015367
-0.047060915680711
-0.047028257636217
-0.046995999653627
-0.046964140521544
-0.046932679045323
-0.046901614046936
-0.046870944364862
-0.046840668853968
-0.046810786385404
-0.046781295846475
-0.046752196140544
-0.046723486186918
-0.046695164920742
-0.046667231292901
-0.046639684269903
-0.046612522833792
-0.046585745982043
-0.046559352727463
-0.046533342098101
-0.04650771313715
-0.046482464902852
-0.046457596468416
-0.046433106921916
-0.046408995366227
-0.046385260918905
-0.046361902712135
-0.046338919892633
-0.046316311621569
-0.046294077074484
-0.046272215441218
-0.046250725925827
-0.04622960774652
-0.046208860135573
-0.046188482339259
-0.04616847361779
-0.046148833245233
-0.046129560509455
-0.046110654712046
-0.046092115168265
-0.046073941206966
-0.046056132170556
-0.046038687414905
-0.046021606309313
-0.046004888236443
-0.045988532592261
-0.04597253878599
-0.04595690624005
-0.045941634390009
-0.045926722684528
-0.045912170585314
-0.045897977567077
-0.045884143117476
-0.045870666737074
-0.045857547939297
-0.04584478625039
-0.045832381209371
-0.045820332367997
-0.045808639290719
-0.045797301554648
-0.045786318749515
-0.045775690477637
-0.045765416353881
-0.045755496005629
-0.045745929072756
-0.045736715207582
-0.045727854074861
-0.045719345351735
-0.045711188727719
-0.045703383904669
-0.045695930596758
-0.045688828530455
-0.045682077444495
-0.045675677089869
-0.045669627229786
-0.045663927639674
-0.045658578107151
-0.045653578432001
-0.04564892842617
-0.045644627913754
-0.045640676730966
-0.045637074726148
-0.045633821759741
-0.04563091770428
-0.045628362444388
-0.045626155876767
-0.045624297910189
-0.04562278846549
-0.045621627475568
-0.045620814885376
-0.045620350651923
-0.045620234744268
-0.045620467143527
-0.045621047842866
-0.045621976847503
-0.04562325417472
-0.045624879853859
-0.045626853926328
-0.045629176445616
-0.045631847477281
-0.045634867098983
-0.045638235400475
-0.045641952483619
-0.045646018462409
-0.045650433462962
-0.045655197623559
-0.045660311094631
-0.045665774038798
-0.045671586630885
-0.045677749057919
-0.045684261519183
-0.045691124226207
-0.045698337402802
-0.04570590128509
-0.045713816121513
-0.045722082172874
-0.045730699712353
-0.045739669025545
-0.045748990410474
-0.045758664177638
-0.045768690650036
-0.04577907016319
-0.045789803065204
-0.045800889716771
-0.045812330491225
-0.045824125774576
-0.045836275965546
-0.045848781475618
-0.045861642729057
-0.045874860162978
-0.045888434227369
-0.045902365385148
-0.045916654112204
-0.045931300897448
-0.045946306242855
-0.045961670663522
-0.045977394687715
-0.045993478856923
-0.046009923725909
-0.046026729862769
-0.046043897848993
-0.046061428279512
-0.046079321762762
-0.046097578920747
-0.046116200389105
-0.046135186817161
-0.046154538867997
-0.04617425721852
-0.046194342559531
-0.046214795595789
-0.046235617046087
-0.046256807643319
-0.046278368134557
-0.046300299281127
-0.046322601858686
-0.046345276657294
-0.046368324481502
-0.046391746150428
-0.046415542497842
-0.046439714372252
-0.046464262636986
-0.046489188170279
-0.046514491865377
-0.046540174630601
-0.046566237389468
-0.046592681080764
-0.046619506658653
-0.046646715092771
-0.046674307368324
-0.046702284486187
-0.046730647463021
-0.046759397331356
-0.046788535139718
-0.046818061952726
-0.046847978851205
-0.046878286932305
-0.046908987309603
-0.046940081113229
-0.046971569489984
-0.047003453603454
-0.047035734634138
-0.047068413779568
-0.047101492254446
-0.047134971290756
-0.047168852137905
-0.047203136062855
-0.047237824350261
-0.047272918302597
-0.047308419240311
-0.047344328501948
-0.047380647444312
-0.047417377442604
-0.047454519890569
-0.047492076200655
-0.047530047804151
-0.047568436151364
-0.047607242711754
-0.047646468974122
-0.047686116446745
-0.047726186657569
-0.047766681154352
-0.047807601504858
-0.047848949297015
-0.047890726139103
-0.047932933659922
-0.047975573508991
-0.048018647356716
-0.048062156894587
-0.048106103835371
-0.048150489913302
-0.048195316884279
-0.048240586526064
-0.048286300638498
-0.048332461043687
-0.048379069586229
-0.048426128133419
-0.04847363857547
-0.048521602825729
-0.048570022820901
-0.048618900521277
-0.048668237910966
-0.048718036998126
-0.0487682998152
-0.048819028419163
-0.048870224891765
-0.048921891339775
-0.048974029895241
-0.049026642715741
-0.049079731984649
-0.049133299911398
-0.049187348731743
-0.049241880708047
-0.049296898129545
-0.049352403312637
-0.049408398601168
-0.049464886366722
-0.049521869008911
-0.04957934895569
-0.049637328663637
-0.049695810618298
-0.049754797334472
-0.049814291356535
-0.049874295258779
-0.049934811645733
-0.049995843152494
-0.050057392445077
-0.050119462220756
-0.050182055208415
-0.050245174168906
-0.050308821895414
-0.050373001213825
-0.050437714983102
-0.050502966095663
-0.050568757477768
-0.05063509208992
-0.050701972927253
-0.050769403019948
-0.050837385433645
-0.050905923269856
-0.050975019666402
-0.051044677797839
-0.051114900875903
-0.051185692149951
-0.051257054907433
-0.051328992474343
-0.051401508215686
-0.051474605535971
-0.051548287879688
-0.051622558731806
-0.051697421618281
-0.051772880106557
-0.051848937806099
-0.051925598368923
-0.052002865490121
-0.052080742908421
-0.052159234406748
-0.052238343812776
-0.052318074999524
-0.052398431885925
-0.052479418437435
-0.052561038666634
-0.052643296633857
-0.052726196447804
-0.052809742266191
-0.052893938296408
-0.05297878879617
-0.053064298074198
-0.053150470490903
-0.053237310459096
-0.05332482244468
-0.0534130109674
-0.053501880601557
-0.05359143597678
-0.053681681778773
-0.053772622750115
-0.053864263691032
-0.05395660946022
-0.054049664975661
-0.054143435215474
-0.054237925218745
-0.054333140086429
-0.05442908498221
-0.054525765133419
-0.054623185831951
-0.054721352435205
-0.054820270367039
-0.054919945118744
-0.05502038225004
-0.055121587390088
-0.05522356623852
-0.055326324566503
-0.055429868217792
-0.055534203109849
-0.055639335234943
-0.055745270661292
-0.055852015534233
-0.055959576077393
-0.056067958593909
-0.056177169467661
-0.056287215164525
-0.056398102233659
-0.056509837308821
-0.056622427109692
-0.056735878443263
-0.056850198205205
-0.056965393381312
-0.057081471048944
-0.05719843837852
-0.057316302635022
-0.057435071179553
-0.057554751470915
-0.057675351067223
-0.057796877627561
-0.057919338913663
-0.058042742791641
-0.058167097233747
-0.058292410320167
-0.058418690240867
-0.058545945297484
-0.058674183905227
-0.058803414594871
-0.058933646014754
-0.059064886932835
-0.059197146238812
-0.059330432946266
-0.059464756194865
-0.059600125252627
-0.05973654951823
-0.059874038523362
-0.060012601935156
-0.060152249558659
-0.060292991339371
-0.060434837365842
-0.060577797872338
-0.060721883241557
-0.060867104007428
-0.06101347085797
-0.061160994638232
-0.061309686353288
-0.061459557171319
-0.061610618426784
-0.061762881623642
-0.061916358438687
-0.062071060724942
-0.062227000515165
-0.062384190025432
-0.062542641658809
-0.062702368009134
-0.062863381864884
-0.06302569621317
-0.063189324243796
-0.063354279353477
-0.063520575150133
-0.063688225457315
-0.063857244318748
-0.064027646003013
-0.064199445008333
-0.064372656067508
-0.064547294153001
-0.064723374482124
-0.064900912522429
-0.065079923997202
-0.065260424891147
-0.065442431456215
-0.065625960217613
-0.06581102797998
-0.065997651833759
-0.066185849161733
-0.066375637645779
-0.066567035273808
-0.066760060346928
-0.066954731486801
-0.067151067643258
-0.067349088102101
-0.067548812493193
-0.067750260798768
-0.067953453362007
-0.068158410895888
-0.068365154492305
-0.068573705631496
-0.068784086191743
-0.068996318459404
-0.069210425139268
-0.06942642936524
-0.069644354711375
-0.069864225203279
-0.070086065329878
-0.070309900055601
-0.070535754832943
-0.070763655615463
-0.070993628871231
-0.071225701596721
-0.071459901331168
-0.071696256171475
-0.071934794787551
-0.072175546438267
-0.072418540987916
-0.072663808923283
-0.072911381371306
-0.073161290117381
-0.073413567624311
-0.073668247051959
-0.073925362277582
-0.074184947916955
-0.074447039346229
-0.074711672724624
-0.074978885017959
-0.075248714023059
-0.07552119839309
-0.075796377663849
-0.076074292281048
-0.07635498362866
-0.076638494058342
-0.076924866920019
-0.077214146593626
-0.077506378522138
-0.07780160924587
-0.078099886438161
-0.078401258942453
-0.078705776810893
-0.07901349134448
-0.079324455134824
-0.079638722107645
-0.079956347568028
-0.080277388247569
-0.080601902353466
-0.080929949619679
-0.08126159136021
-0.081596890524678
-0.081935911756214
-0.082278721451875
-0.082625387825609
-0.082975980973987
-0.083330572944769
-0.083689237808476
-0.08405205173312
-0.08441909306223
-0.084790442396355
-0.08516618267822
-0.085546399281712
-0.085931180104895
-0.08632061566726
-0.086714799211447
-0.087113826809608
-0.087517797474761
-0.087926813277281
-0.088340979466869
-0.088760404600279
-0.089185200675076
-0.089615483269811
-0.090051371690869
-0.090492989126433
-0.090940462807914
-0.091393924179238
-0.091853509074475
-0.092319357904188
-0.092791615851079
-0.093270433075378
-0.093755964930554
-0.094248372189933
-0.094747821284814
-0.095254484554779
-0.095768540510845
-0.096290174112253
-0.096819577057652
-0.097356948091495
-0.097902493326608
-0.098456426583809
-0.099018969749643
-0.099590353153271
-0.1001708159637
-0.10076060660855
-0.10135998321567
-0.10196921407903
-0.10258857815033
-0.1032183655579
-0.10385887815472
-0.10451043009715
-0.10517334845655
-0.10584797386564
-0.10653466120201
-0.10723378031102
-0.10794571677062
-0.108670872701
-0.10940966762168
-0.11016253935946
-0.11092994501035
-0.11171236195924
-0.11251028896106
-0.11332424728761
-0.1141547819445
-0.11500246296302
-0.11586788677198
-0.11675167765519
-0.11765448930044
-0.11857700644635
-0.11951994663411
-0.12048406207148
-0.1214701416171
-0.12247901289371
-0.1235115445397
-0.12456864860907
-0.12565128313068
-0.12676045483856
-0.12789722208614
-0.1290626979581
-0.13025805359481
-0.13148452174567
-0.13274340056876
-0.13403605769596
-0.13536393458425
-0.13672855117553
-0.13813151088957
-0.13957450597642
-0.1410593232574
-0.14258785028595
-0.14416208196279
-0.14578412764252
-0.14745621877272
-0.1491807171098
-0.15096012356036
-0.1527970877012
-0.15469441803601
-0.15665509305244
-0.15868227314937
-0.16077931351053
-0.16294977800854
-0.1651974542313
-0.16752636973184
-0.16994080961274
-0.17244533556757
-0.17504480651389
-0.17774440096629
-0.18054964131321
-0.18346642017808
-0.18650102906458
-0.18966018950642
-0.19295108696606
-0.19638140775248
-0.1999593792579
-0.20369381384559
-0.20759415675806
-0.21167053845554
-0.21593383184084
-0.22039571487821
-0.22506873917191
-0.22996640513495
-0.23510324445218
-0.24049491062392
-0.24615827846954
-0.2521115535751
-0.25837439278745
-0.2649680369909
-0.27191545755401
-0.27924151800463
-0.28697315268619
-0.29513956436726
-0.30377244302687
-0.31290620832119
-0.32257827856044
-0.33282936939155
-0.34370382580101
-0.35524999152935
-0.36752062053338
-0.38057333575473
-0.39447114116466
-0.40928299386984
-0.42508444399664
-0.44195835114159
-0.45999568740327
-0.47929643842194
