   8.5832653e-07
  -4.8077645e-07
   1.4897072e-06
  -6.2939121e-07
  -5.9395076e-07
  -6.2869404e-07
   3.5625165e-07
   1.3050858e-06
   3.6567445e-07
   7.7207788e-07
   1.2553260e-06
  -1.2833484e-07
   9.4862335e-07
  -1.2449953e-07
   2.0999405e-06
   2.6028184e-07
  -5.4547922e-07
   1.0043151e-07
  -7.3290409e-07
  -1.5241582e-06
   3.4978029e-07
   2.3285894e-07
   6.5400113e-07
  -8.4495454e-07
  -8.0511507e-07
  -4.9075082e-07
  -1.0057097e-06
   2.6913543e-06
   3.7153352e-07
  -6.5312632e-07
   4.2432291e-07
   1.2295283e-06
   6.7759679e-07
   9.1664964e-07
   4.8074548e-07
  -1.5071449e-06
  -7.5989332e-07
   1.0598428e-06
  -1.9808495e-07
   2.5920146e-07
   5.5492451e-07
  -1.0214217e-06
   1.9011279e-07
  -4.3478834e-07
  -1.4741667e-06
   3.9323297e-07
  -8.4408120e-07
  -5.0283444e-07
  -1.3392198e-06
  -6.0296369e-07
   4.3953242e-07
   1.5715063e-06
  -1.1315487e-06
   3.4531867e-07
   5.2338768e-07
   1.0439640e-06
   1.2598691e-06
  -1.1058795e-06
   6.1373147e-08
   1.2306937e-06
   5.4510573e-07
   1.3999760e-06
   1.2164883e-06
   2.3437996e-06
  -2.6200233e-06
  -3.3185056e-07
  -3.3863353e-07
  -1.4236228e-06
  -5.2123672e-07
   1.4222332e-06
   5.9293463e-08
   9.6058523e-07
   1.6349072e-06
  -2.9026900e-07
  -4.0961737e-07
  -1.3171196e-06
  -2.7729676e-07
  -7.1469272e-07
  -2.1928543e-07
  -2.2558312e-07
  -7.2836400e-07
  -1.1446828e-06
  -3.7768731e-07
   1.4625903e-08
  -8.9567127e-07
   3.5223937e-07
  -1.4412801e-07
  -2.6065639e-07
   9.1173329e-07
   2.3061824e-06
   8.4764344e-07
   6.4269087e-07
   4.7200446e-09
   1.2978651e-07
   5.8142927e-07
  -5.5298028e-07
  -1.4925588e-06
   4.2911186e-07
  -7.0186625e-07
   3.9371699e-07
  -8.3054226e-07
  -1.2534172e-06
  -1.4034301e-06
   2.8110146e-07
   1.9545392e-06
   2.0043805e-07
   4.9050352e-07
   1.4380903e-07
   2.3009589e-07
   2.3654751e-06
  -7.8126821e-07
  -1.5888927e-07
  -6.7370935e-07
   7.1404819e-07
   2.5518924e-07
  -3.2726229e-07
   7.4210709e-07
  -1.0057039e-06
   1.1942068e-07
   2.0044176e-07
   1.5738512e-06
   5.3862758e-07
   3.3060707e-08
  -1.3417461e-06
  -1.4709084e-06
   5.9063095e-07
  -7.0018362e-07
  -2.4119071e-07
  -8.6941697e-07
   1.8160318e-07
   2.2787984e-07
   1.7447199e-06
   1.8178741e-06
   1.0616329e-06
   1.0839854e-06
  -1.1696720e-06
   1.2757735e-06
  -9.4157240e-07
  -1.5994504e-06
   3.1662531e-06
   3.1866731e-07
  -6.6293668e-07
   7.9258946e-09
   6.9009419e-08
  -2.0700280e-06
  -7.1555006e-07
   5.2931945e-07
   3.5540311e-08
  -1.6628949e-06
  -4.9149233e-07
  -1.5006688e-07
   8.1332347e-08
  -1.6787770e-06
   2.5533609e-07
   1.5290513e-06
  -1.5927266e-06
   4.3879029e-07
   1.3436514e-06
   3.8034771e-07
   5.8906425e-07
  -4.7503821e-07
  -1.8518903e-07
  -1.1447154e-06
  -1.2150606e-07
  -5.5261798e-07
  -6.5803278e-07
   1.4472510e-06
  -1.1705736e-07
   6.2993479e-07
   3.7530720e-07
  -1.0148873e-06
  -1.8898582e-06
  -1.4337565e-06
   2.7594102e-07
  -3.0120803e-07
   7.5950291e-07
  -3.7994748e-07
  -1.3223029e-06
   9.6331577e-08
   1.1010479e-06
   2.6541883e-07
  -1.8595536e-07
  -4.2093316e-07
   1.2681221e-06
   9.1430716e-07
  -4.2965146e-07
  -1.3463938e-06
  -9.1355036e-07
   3.3332669e-07
  -1.0925888e-06
  -3.8695111e-07
  -1.2243518e-07
  -6.5977752e-07
  -6.2447744e-07
  -2.2631248e-07
  -5.5084095e-07
  -1.3422651e-06
   7.3658925e-07
  -9.1954887e-07
   1.0350393e-06
  -3.4340737e-07
  -3.0788286e-07
   1.2955708e-06
   2.6108856e-07
  -4.0227240e-07
  -8.2695565e-07
  -5.1721708e-07
   3.9990937e-07
   8.4713423e-07
   4.8010957e-08
  -4.9292308e-07
   3.3543708e-07
   6.7121445e-07
  -4.2166235e-07
   1.4431265e-06
  -3.6428099e-07
   8.9828815e-07
   9.6834383e-07
   5.6627426e-08
  -8.4666466e-08
   8.7201041e-07
  -1.8036553e-06
   3.3740077e-08
   6.9138610e-08
   3.6558678e-07
  -8.8485969e-07
  -1.4101754e-06
  -2.6383796e-06
   5.4510168e-07
   1.0780063e-06
  -4.4433036e-07
   2.3793270e-06
  -6.4097542e-07
  -1.3112816e-06
  -1.4568806e-07
   1.0578504e-07
   6.8235230e-07
   1.2103980e-07
  -7.6362115e-07
  -1.5230231e-06
  -5.8669293e-07
  -1.3637439e-06
   7.2359479e-07
  -1.0362758e-07
  -1.8530058e-06
   3.6559467e-07
  -9.2240811e-07
   1.3503775e-06
   5.2197867e-08
   2.2923327e-07
  -7.8737934e-07
   5.2301640e-07
   6.4903039e-08
   2.1616713e-07
  -3.2027339e-07
   6.4338000e-07
  -2.4392061e-06
   1.6568035e-07
   1.0482066e-06
  -1.9066665e-07
   5.7813358e-07
  -5.9549526e-07
   1.7274822e-07
  -5.8397691e-07
   1.1450259e-06
   4.6994284e-07
   1.3759268e-06
  -4.1759882e-08
  -5.9309233e-08
   3.1330407e-07
   1.4483907e-06
  -2.3901478e-06
  -1.6765540e-06
   1.2667532e-06
   1.8935345e-06
  -2.0477382e-07
   1.3538134e-06
   2.1701933e-06
   1.8969598e-07
  -4.5552702e-07
  -4.7719401e-07
  -2.5612953e-07
   7.9867388e-07
  -1.7064719e-07
   2.0373091e-06
  -3.3968121e-07
  -7.1585601e-07
   5.4451967e-07
   2.3531092e-07
   4.6252627e-07
  -2.0938764e-06
  -1.5000252e-07
  -1.8335255e-06
   1.8533876e-07
   7.6498907e-07
   1.1795790e-06
   7.5296775e-07
   4.8407754e-07
   7.7543760e-07
  -5.6661297e-08
  -3.8501412e-08
   1.0204475e-06
   1.0872839e-06
  -4.7083022e-07
  -1.7972797e-06
  -2.2953227e-06
  -1.6225786e-06
  -1.0000719e-06
   4.4711756e-07
  -7.7584091e-07
  -8.5334393e-08
   3.6939097e-07
  -1.3862109e-06
  -8.5024982e-07
  -7.4938165e-07
  -8.0178942e-07
  -4.3924942e-07
   7.8717947e-07
  -5.0747105e-07
   6.9431050e-07
   3.4032701e-07
   1.9185584e-07
   9.7503241e-07
   2.1401609e-06
   1.4673328e-06
  -1.5840338e-06
   5.2991186e-07
  -1.2468443e-06
  -2.0107963e-06
  -1.2107089e-06
  -2.1819122e-06
  -1.1312750e-06
   1.3542969e-06
  -4.7648703e-07
   2.6807219e-06
   3.9081707e-07
   1.0039973e-06
  -1.4599391e-07
  -2.7957835e-07
  -7.8336801e-07
   1.6081654e-07
  -1.4829353e-06
  -8.5006649e-07
  -1.0692246e-06
   1.6833832e-07
   1.5159018e-06
   2.1575289e-06
  -1.7557022e-06
   3.4674732e-07
  -6.5410149e-07
  -1.0814781e-06
   1.0338023e-07
  -4.7186439e-07
   5.1118812e-08
   7.6850577e-07
  -9.3548054e-07
  -1.5271060e-07
  -1.7003572e-06
  -3.8325255e-07
   9.8885180e-07
  -1.7456984e-06
   3.9085098e-07
  -1.3520000e-06
   2.1899425e-07
  -4.5029165e-07
  -2.7852866e-07
  -1.6038888e-06
  -9.1106859e-07
  -1.9302132e-07
   7.1678864e-08
  -1.9131339e-07
  -6.4122962e-07
   1.3285547e-06
  -1.9446342e-07
  -7.7589687e-07
  -7.5864713e-07
  -7.5598665e-08
   9.2900418e-07
  -4.2456753e-07
   8.7156557e-07
   2.2652446e-07
  -5.6332601e-07
  -8.1722221e-07
   1.7734405e-07
  -1.0332702e-07
  -9.0499059e-07
  -7.9434265e-07
   5.3912820e-07
   5.2166392e-07
  -3.1140040e-07
   8.2612770e-07
  -3.4994066e-07
  -1.1550269e-07
   1.2348217e-06
  -5.3992099e-07
  -2.0429554e-06
  -1.2888802e-06
   2.9084876e-07
  -2.1579224e-07
   2.7513403e-06
  -1.4150766e-06
  -2.4386901e-07
   4.0250701e-08
  -1.3738294e-06
   1.0791873e-06
   7.4393116e-07
   1.5428607e-06
   6.8752215e-07
  -3.5501683e-06
  -9.6705315e-07
   3.1179043e-07
  -8.1506894e-07
   2.8337045e-07
  -6.6237865e-08
  -5.4749678e-07
   6.8056248e-08
   5.1297374e-07
   1.1430961e-06
  -8.9394512e-07
  -5.7177244e-07
  -7.2064302e-07
   8.4789601e-07
   1.5726269e-06
   1.0557210e-06
   1.3410138e-06
   2.4927537e-07
  -8.0170584e-07
   6.7974785e-07
   1.7263798e-06
   5.0605951e-07
   9.2921146e-07
  -1.5434978e-06
   5.7105592e-07
  -1.5392195e-07
   5.5332857e-07
   1.2767843e-06
  -6.3941238e-07
   1.5059348e-06
  -9.4339357e-07
   4.0831693e-08
   3.0695563e-07
   1.0668231e-06
  -3.2314633e-07
  -9.3587415e-07
   1.4166141e-06
   3.6264293e-07
  -1.9136779e-06
   3.1992242e-07
  -1.7005868e-06
   7.9091599e-07
   1.3871666e-06
  -1.8277787e-07
  -9.0839336e-07
   1.2269298e-06
  -5.1070330e-07
  -8.1847195e-07
  -1.2617705e-06
  -1.4676480e-06
   2.7577919e-07
  -3.3174631e-07
   7.8848441e-07
  -5.6693965e-08
  -2.0968647e-07
  -1.7214655e-06
  -7.7546391e-07
   1.0442963e-07
  -4.2814514e-07
   1.2750468e-06
  -1.8314305e-06
  -1.8119794e-07
   1.1457557e-07
  -7.2235760e-07
   1.1200283e-07
   1.6612675e-06
  -1.0503888e-06
  -3.5088152e-07
  -1.4190805e-06
   7.2793751e-07
  -1.2060546e-06
  -8.5819423e-07
   1.4229533e-06
   8.2342030e-07
  -7.5597019e-07
   1.0165431e-06
  -6.5909606e-07
   1.0602735e-07
   1.8343668e-06
   2.2571633e-06
  -4.4315189e-07
  -3.0010971e-08
   1.0390907e-06
   6.0751186e-07
  -2.3302178e-07
  -2.0946976e-07
  -7.8402849e-07
  -2.2719804e-06
  -1.5665167e-07
  -1.1978686e-06
  -2.2794045e-07
   2.4682994e-06
   3.3886040e-08
   1.5095277e-06
  -1.1107145e-06
   1.2755727e-06
  -1.6736142e-06
  -2.7992622e-07
   2.9075348e-07
   6.2010272e-07
  -1.2426233e-07
  -1.0822238e-06
  -1.2176762e-06
  -7.2215737e-07
  -1.0191662e-06
  -5.7908614e-07
  -9.5052369e-07
   1.2420574e-06
   2.6991573e-07
   2.8346715e-07
  -8.3898397e-07
   2.7681160e-07
   3.2301216e-07
  -9.3604915e-07
  -1.1891737e-06
  -1.9349355e-06
   8.7279327e-07
  -1.0121483e-06
   4.6737872e-08
   8.3110919e-08
   9.1216280e-08
  -6.3820455e-07
  -2.2635146e-07
  -3.0691473e-07
   1.3495709e-06
  -1.1561836e-06
  -2.0591213e-07
   1.0664022e-06
   4.2106804e-07
  -1.0882094e-06
   7.9315151e-07
  -2.7018360e-06
  -4.9258979e-07
   1.5677471e-06
   4.9846071e-07
   7.9160832e-07
  -9.2953058e-08
  -3.8021641e-07
   6.9591636e-07
   2.3170597e-06
  -2.6839911e-07
   1.4370207e-06
  -5.3930257e-07
  -4.3007183e-07
   6.5073528e-07
  -9.0205261e-07
   9.4227566e-07
  -1.6832665e-06
  -2.4207484e-06
  -1.5892106e-07
   3.2888187e-07
   1.2754036e-06
   1.1966832e-07
   9.5442915e-07
   2.4056029e-07
   6.7949653e-07
  -9.6877019e-07
  -7.6407076e-08
  -5.9778988e-07
  -2.3698929e-07
   2.2966503e-06
  -1.4041561e-06
   3.4177138e-08
  -3.2090067e-07
   3.7938271e-07
   1.7926789e-06
   9.1231465e-07
  -6.5691377e-07
  -1.4337664e-06
   8.4799314e-07
  -9.9211790e-07
  -7.1526299e-07
   4.6535004e-07
  -1.5224483e-06
   1.5562474e-06
   1.0282125e-07
  -2.3408935e-07
   8.0782472e-07
   8.0621313e-07
  -2.4917093e-07
   1.1023330e-06
   3.6731130e-07
   1.1000027e-06
   2.6347478e-07
  -1.9109280e-07
   1.7487458e-06
  -7.8320605e-07
   6.3308459e-07
   2.0223895e-06
  -4.1334822e-07
   6.3463593e-07
   3.1955291e-07
  -3.4824568e-07
  -3.5542430e-09
   6.1778480e-07
   2.3284795e-06
   8.8642795e-07
  -2.4408549e-07
  -1.9731220e-06
   2.4906011e-07
   2.6097750e-07
  -7.9148069e-07
   1.0093333e-06
   3.9087272e-07
   5.8690036e-07
  -4.8618672e-07
  -6.8385438e-07
  -4.6742478e-07
  -1.1105806e-06
  -5.2254092e-07
   7.2684238e-07
  -2.2553467e-06
  -1.7719724e-06
   2.6589893e-08
   3.2849302e-07
  -9.4882988e-07
   5.3644217e-07
   1.2590219e-06
   6.8374282e-07
  -1.5633946e-06
  -7.3056368e-07
  -8.5381066e-07
  -3.3875277e-07
  -6.7128462e-07
  -8.4161461e-07
   1.9099134e-06
  -3.3296921e-07
  -1.5242654e-07
   2.8636226e-07
  -1.7322220e-06
  -1.1416331e-06
   4.6986480e-07
   3.5138965e-07
  -1.1610184e-06
   1.1256580e-06
  -6.6739051e-08
   1.4169065e-07
   1.0928365e-07
  -5.4997246e-07
  -1.8312811e-06
  -1.3087693e-07
  -1.5649710e-06
  -1.6466669e-07
   2.0734647e-07
   1.9796225e-07
  -1.3862719e-06
   3.6659998e-07
  -1.2104661e-06
   2.5167246e-07
   6.0320132e-07
   1.5984059e-06
  -2.0508042e-06
   8.2926218e-07
  -1.6215511e-07
  -7.5310133e-08
  -5.6240417e-07
   2.3415472e-07
  -2.5861854e-07
  -6.1876345e-07
  -5.3860572e-07
   6.1628195e-07
   4.9162706e-07
   1.1006199e-06
   3.6294463e-07
  -1.4589406e-07
  -1.1383716e-06
   3.1478393e-07
  -3.0658507e-07
   2.2151531e-07
   8.7457963e-07
  -4.9284745e-07
  -4.8226044e-07
  -2.5919344e-07
   2.1259629e-07
   2.0369371e-06
  -8.7289483e-07
   1.3399269e-06
  -2.1543241e-07
   8.9789626e-07
   5.9706761e-08
  -5.3421182e-07
  -2.5919968e-07
   9.5887405e-07
   1.2667856e-06
   9.6102160e-07
  -5.6376137e-07
  -1.2888239e-06
   4.0086769e-07
   5.2798025e-07
  -2.5125507e-06
   2.4230938e-08
   2.0955601e-06
  -1.8843655e-07
  -6.4419213e-07
  -1.0077666e-06
  -1.8109598e-06
  -4.8944000e-07
   3.0142884e-07
  -9.8390720e-07
   2.5346617e-07
   7.8796843e-07
  -5.9329593e-07
   4.9220374e-07
   5.6548467e-07
  -4.2805541e-08
   1.9564485e-06
  -1.2722022e-06
   2.7506608e-07
  -9.2674413e-07
  -7.2176181e-07
   4.4097388e-07
   1.0928945e-06
   1.7010306e-07
   1.3048498e-06
  -9.3013130e-07
   3.3815809e-07
  -5.3089393e-07
  -7.5735678e-07
  -2.6315600e-06
   7.6018212e-07
   1.8748503e-06
   4.9964056e-07
   1.3763231e-06
   5.8980426e-08
  -1.2304196e-06
  -8.7247172e-07
  -8.0266591e-07
   1.1023762e-06
  -4.8036144e-07
   9.1442287e-08
  -1.3331486e-06
  -1.8306492e-07
  -1.6258668e-06
  -7.0242354e-07
   7.5949225e-07
   1.7096535e-06
   4.8544116e-07
   9.7238245e-08
   1.0732611e-06
   7.2801946e-07
  -2.4488707e-06
  -1.7915666e-06
  -8.3335565e-07
  -8.7360848e-07
  -1.6002306e-06
  -6.7825365e-07
  -9.3117651e-07
   1.1002216e-06
  -6.0997533e-07
  -1.2760162e-06
  -4.1626622e-07
  -6.8496742e-07
   2.6216054e-07
  -2.3128574e-07
  -1.4855169e-06
   5.8032317e-07
  -3.6395137e-07
  -6.0002997e-07
  -8.5179614e-07
   7.9388798e-07
  -1.0892984e-07
  -1.5528130e-06
   2.1707944e-06
  -3.4169616e-07
   2.7105785e-07
   3.5482713e-07
  -1.3065258e-06
   1.2211425e-06
   2.5111743e-07
   1.4365359e-07
   1.3506400e-06
   1.5909514e-07
  -1.7222849e-06
  -1.6059778e-08
   1.1669934e-06
   1.2126328e-06
   2.6467601e-07
  -1.6934734e-06
   1.0964422e-06
  -5.7384452e-08
   1.9189276e-07
   1.2812723e-06
   4.0275684e-07
  -3.7222112e-06
  -1.6637364e-06
  -8.2800853e-07
  -1.2912930e-06
   1.5346412e-07
   1.5195966e-07
  -6.9311319e-07
   1.1694576e-06
  -7.8808248e-07
  -3.4559300e-07
  -6.6737794e-07
  -8.9646330e-07
   5.4617083e-08
  -1.3941561e-06
  -3.1219167e-07
   8.3032439e-07
   8.1378018e-07
  -1.9460769e-06
   4.0671919e-07
  -4.5798400e-07
   4.5053626e-07
   1.7211853e-07
  -3.1608022e-07
  -1.3316305e-08
   6.0790235e-07
   7.2602473e-07
  -7.4968924e-07
  -1.3273533e-06
  -4.1905233e-07
   1.0199973e-06
   3.4281247e-07
   3.9399920e-07
  -4.4253316e-07
  -7.6565978e-07
   2.0770325e-06
  -1.0516502e-07
  -3.3247460e-08
  -2.7369684e-07
   6.9714932e-08
  -3.1950966e-07
  -1.0442170e-06
   4.9294274e-07
   1.4397887e-06
   1.8486882e-07
  -7.4414909e-07
   5.6428195e-08
   1.0203035e-06
   1.7831433e-06
  -1.4052437e-06
   1.1400994e-07
  -4.3328399e-07
   5.4460160e-07
   1.6891646e-07
  -5.8862821e-07
  -1.8071882e-06
  -1.2141753e-06
  -6.0640040e-07
  -2.7370216e-07
   1.1757431e-06
  -5.9457203e-07
   3.7203391e-07
   9.0582358e-07
   2.3166297e-07
   8.4797972e-08
  -6.1054743e-07
   8.4131960e-07
   1.6286173e-06
   4.7553801e-07
   3.0731421e-07
   2.3536978e-07
   1.0340385e-06
  -3.3089745e-07
  -5.1219299e-07
   5.3186382e-07
  -3.0648127e-07
   8.9182369e-07
  -1.4638688e-06
   1.3263660e-06
  -7.3061910e-07
   2.3854942e-07
  -4.6787929e-07
   7.1357061e-07
  -1.4174963e-06
  -1.0672937e-06
   1.6323797e-06
  -9.7538901e-07
  -6.9836158e-07
   6.2317102e-08
  -7.9870497e-07
   1.4670667e-07
   1.1759261e-06
   6.8683977e-08
   1.7261864e-06
  -1.4497402e-06
  -2.8464294e-07
  -8.7404155e-07
   3.6850020e-07
  -1.2616685e-06
  -1.7595945e-06
  -3.9353313e-07
  -1.8150375e-06
  -8.9810510e-07
  -5.4730220e-07
  -1.6703921e-06
   5.6391937e-07
   3.0561236e-07
  -6.2714871e-07
  -1.3923392e-06
  -2.7529563e-07
  -1.6785013e-07
  -2.1729472e-06
   1.3074175e-06
   4.3552970e-07
  -1.7535459e-06
   1.9780795e-06
  -1.5354657e-07
  -1.4733907e-06
  -9.2604467e-07
   2.6270720e-07
  -1.4397946e-06
  -4.7354445e-07
  -1.0150585e-07
  -4.2496933e-07
   2.0366686e-07
  -7.1201346e-07
  -2.5051624e-07
   1.9072737e-07
  -2.2200869e-06
  -1.9182070e-06
  -1.0670784e-06
   7.9853836e-08
   2.0279467e-07
  -7.3112154e-07
   1.3124335e-06
   1.1330043e-06
  -1.7710646e-07
   3.3255358e-06
  -3.6530998e-07
   9.8339253e-07
  -6.3021572e-08
  -1.7248519e-06
   1.8798344e-06
  -1.0635515e-06
   7.3731130e-08
   1.9208149e-06
   6.4273115e-07
   3.7099668e-07
  -1.4541983e-07
   2.4520190e-07
   1.8901680e-06
  -4.6096004e-07
  -2.2153904e-07
  -4.5557815e-07
  -4.1204942e-07
  -1.7248160e-07
   6.1887413e-07
   8.8209467e-08
  -7.6072016e-07
   1.6519615e-06
  -8.6956971e-07
  -3.3043662e-07
   8.0097406e-08
  -1.6822052e-06
  -1.0090817e-06
  -1.2936619e-06
  -2.6642970e-06
   2.1330000e-06
  -7.3035343e-07
   8.4005948e-07
   1.7194082e-08
  -9.9413833e-07
  -4.0389802e-08
   4.0474457e-07
  -1.1428136e-06
   1.1981044e-06
   1.1968387e-06
  -9.7376478e-08
   6.1434741e-07
  -1.2186011e-06
   5.7187379e-07
  -1.2831002e-07
   1.6085180e-06
  -9.5707314e-07
   2.0115092e-06
   2.0084874e-08
   4.4550777e-07
   1.4495293e-06
   1.1029503e-06
  -8.7586357e-07
  -9.1523943e-07
  -9.1482202e-07
   1.0747503e-06
  -1.3569809e-07
  -4.4471087e-07
   8.2517023e-08
   1.0357681e-06
  -1.5888968e-07
   3.0928218e-07
  -2.3154049e-06
  -6.6758387e-07
  -1.0665852e-06
  -6.3915603e-07
  -7.6196766e-07
  -4.2210578e-07
  -4.9132811e-07
   6.5774531e-07
   1.4360830e-06
  -1.5350330e-06
   1.7528445e-06
   1.2830509e-06
