-0.49999962328137
-0.47938007411613
-0.46011223062389
-0.44209117657534
-0.42522108753018
-0.40941436275702
-0.39459085069621
-0.38067715561359
-0.36760601533653
-0.35531574164053
-0.34374971614025
-0.33285593555051
-0.32258660099736
-0.31289774672896
-0.30374890413614
-0.29510279746766
-0.28692506803356
-0.27918402404356
-0.27185041353618
-0.26489721812555
-0.25829946553177
-0.25203405907237
-0.24607962248019
-0.24041635857994
-0.23502592050468
-0.22989129426595
-0.22499669161024
-0.22032745220037
-0.21586995425549
-0.21161153286831
-0.20754040529478
-0.20364560257971
-0.19991690694324
-0.19634479440862
-0.19292038220114
-0.18963538049277
-0.18648204810744
-0.18345315183798
-0.18054192905829
-0.17774205334401
-0.17504760284113
-0.17245303114635
-0.16995314048415
-0.16754305698558
-0.16521820789108
-0.16297430051574
-0.16080730282997
-0.1587134255215
-0.15668910541648
-0.15473099014851
-0.15283592397371
-0.15100093463909
-0.14922322121966
-0.14750014284644
-0.14582920825493
-0.14420806608894
-0.14263449590062
-0.14110639979234
-0.13962179465053
-0.1381788049261
-0.13677565591925
-0.13541066753054
-0.13408224844279
-0.13278889070146
-0.13152916466376
-0.13030171428897
-0.129105252745
-0.12793855830779
-0.12680047053231
-0.1256898866754
-0.12460575835243
-0.12354708841091
-0.12251292800568
-0.12150237386153
-0.12051456570979
-0.11954868388709
-0.11860394708484
-0.11767961023896
-0.11677496255051
-0.115889325628
-0.11502205174335
-0.11417252219378
-0.11334014576248
-0.11252435727162
-0.11172461622148
-0.11094040551009
-0.11017123022817
-0.10941661652437
-0.10867611053634
-0.10794927738351
-0.10723570021738
-0.10653497932596
-0.1058467312888
-0.10517058817944
-0.1045061968124
-0.10385321803189
-0.10321132603968
-0.10258020775983
-0.10195956223788
-0.10134910007255
-0.10074854287794
-0.1001576227744
-0.099576081906449
-0.09900367198602
-0.098440153859641
-0.097885297098115
-0.097338879607441
-0.09680068725967
-0.096270513542628
-0.0957481592274
-0.095233432052581
-0.09472614642431
-0.094226123131275
-0.093733189073796
-0.093247177006211
-0.09276792529188
-0.092295277670052
-0.091829083034013
-0.091369195219839
-0.090915472805243
-0.090467778917945
-0.090025981053054
-0.089589950899
-0.089159564171565
-0.08873470045559
-0.088315243053941
-0.08790107884337
-0.087492098136944
-0.08708819455265
-0.086689264887898
-0.08629520899965
-0.085905929689802
-0.085521332595657
-0.085141326085192
-0.084765821156848
-0.084394731343696
-0.084027972621682
-0.083665463321839
-0.083307124046187
-0.082952877587208
-0.082602648850696
-0.082256364781821
-0.081913954294277
-0.081575348202328
-0.081240479155666
-0.080909281576906
-0.080581691601613
-0.080257647020764
-0.079937087225491
-0.079619953154041
-0.079306187240833
-0.078995733367504
-0.078688536815899
-0.078384544222857
-0.078083703536779
-0.077785963975832
-0.077491275987787
-0.077199591211345
-0.076910862438963
-0.076625043581044
-0.076342089631491
-0.076061956634516
-0.075784601652699
-0.075509982736206
-0.075238058893125
-0.074968790060903
-0.074702137078791
-0.074438061661282
-0.074176526372512
-0.073917494601551
-0.073660930538579
-0.073406799151895
-0.073155066165722
-0.072905698038791
-0.07265866194366
-0.072413925746742
-0.072171457989024
-0.071931227867415
-0.071693205216766
-0.071457360492443
-0.071223664753524
-0.070992089646536
-0.070762607389719
-0.070535190757828
-0.070309813067421
-0.07008644816262
-0.069865070401335
-0.06964565464194
-0.069428176230358
-0.069212610987572
-0.068998935197518
-0.068787125595374
-0.068577159356188
-0.068369014083894
-0.068162667800646
-0.067958098936474
-0.067755286319282
-0.067554209165132
-0.067354847068812
-0.067157179994726
-0.066961188268009
-0.066766852565942
-0.066574153909609
-0.0663830736558
-0.066193593489147
-0.066005695414501
-0.06581936174952
-0.06563457511747
-0.06545131844025
-0.065269574931587
-0.065089328090455
-0.064910561694653
-0.064733259794587
-0.064557406707212
-0.06438298701014
-0.064209985535925
-0.064038387366489
-0.063868177827724
-0.063699342484212
-0.063531867134105
-0.063365737804147
-0.06320094074482
-0.063037462425626
-0.062875289530482
-0.062714408953264
-0.062554807793436
-0.062396473351815
-0.062239393126438
-0.062083554808541
-0.061928946278636
-0.061775555602689
-0.061623371028405
-0.061472380981596
-0.061322574062648
-0.061173939043075
-0.061026464862151
-0.060880140623646
-0.060734955592626
-0.060590899192333
-0.06044796100115
-0.06030613074964
-0.060165398317641
-0.060025753731456
-0.059887187161087
-0.059749688917562
-0.059613249450293
-0.059477859344526
-0.059343509318834
-0.059210190222679
-0.059077893034029
-0.058946608857012
-0.058816328919664
-0.058687044571694
-0.058558747282312
-0.058431428638108
-0.058305080340988
-0.058179694206131
-0.058055262160026
-0.057931776238517
-0.057809228584932
-0.057687611448219
-0.057566917181141
-0.057447138238503
-0.057328267175431
-0.057210296645663
-0.057093219399919
-0.056977028284256
-0.056861716238499
-0.056747276294683
-0.056633701575549
-0.056520985293038
-0.056409120746858
-0.056298101323054
-0.056187920492609
-0.056078571810097
-0.05597004891233
-0.055862345517068
-0.055755455421726
-0.055649372502131
-0.055544090711292
-0.05543960407819
-0.055335906706608
-0.055232992773979
-0.055130856530247
-0.055029492296769
-0.054928894465223
-0.054829057496546
-0.054729975919892
-0.054631644331608
-0.054534057394238
-0.05443720983553
-0.054341096447489
-0.05424571208542
-0.054151051667005
-0.054057110171402
-0.053963882638348
-0.053871364167285
-0.053779549916513
-0.053688435102342
-0.053598014998268
-0.05350828493417
-0.053419240295512
-0.053330876522568
-0.053243189109662
-0.053156173604404
-0.053069825606977
-0.052984140769395
-0.052899114794805
-0.052814743436792
-0.052731022498695
-0.052647947832934
-0.052565515340357
-0.05248372096959
-0.052402560716406
-0.052322030623103
-0.052242126777894
-0.052162845314291
-0.052084182410539
-0.052006134289023
-0.051928697215705
-0.051851867499552
-0.051775641492007
-0.051700015586435
-0.051624986217599
-0.051550549861139
-0.051476703033056
-0.051403442289217
-0.051330764224857
-0.051258665474093
-0.051187142709446
-0.05111619264138
-0.05104581201783
-0.05097599762376
-0.050906746280708
-0.050838054846356
-0.050769920214092
-0.050702339312604
-0.050635309105441
-0.050568826590621
-0.050502888800222
-0.050437492799989
-0.050372635688951
-0.050308314599023
-0.050244526694653
-0.050181269172432
-0.05011853926074
-0.050056334219391
-0.049994651339276
-0.049933487942021
-0.049872841379643
-0.049812709034225
-0.049753088317573
-0.049693976670905
-0.049635371564522
-0.049577270497508
-0.049519670997409
-0.049462570619938
-0.049405966948675
-0.049349857594768
-0.049294240196657
-0.049239112419774
-0.049184471956282
-0.049130316524783
-0.049076643870053
-0.049023451762787
-0.048970737999317
-0.048918500401374
-0.048866736815817
-0.048815445114397
-0.048764623193507
-0.048714268973934
-0.048664380400631
-0.048614955442475
-0.048565992092046
-0.048517488365388
-0.048469442301792
-0.048421851963584
-0.048374715435897
-0.048328030826457
-0.048281796265388
-0.048236009904996
-0.048190669919561
-0.048145774505153
-0.048101321879419
-0.048057310281401
-0.048013737971343
-0.047970603230499
-0.047927904360955
-0.047885639685448
-0.047843807547177
-0.047802406309642
-0.047761434356455
-0.047720890091191
-0.047680771937199
-0.047641078337449
-0.047601807754367
-0.04756295866968
-0.047524529584249
-0.047486519017921
-0.047448925509379
-0.047411747615988
-0.047374983913647
-0.047338632996653
-0.047302693477546
-0.047267163986973
-0.047232043173556
-0.047197329703753
-0.047163022261719
-0.047129119549183
-0.04709562028531
-0.047062523206585
-0.04702982706668
-0.046997530636331
-0.046965632703217
-0.046934132071851
-0.04690302756345
-0.046872318015825
-0.046842002283269
-0.046812079236449
-0.046782547762289
-0.046753406763867
-0.046724655160313
-0.046696291886697
-0.046668315893937
-0.046640726148689
-0.046613521633255
-0.046586701345485
-0.046560264298681
-0.046534209521506
-0.046508536057891
-0.046483242966942
-0.046458329322859
-0.04643379421484
-0.046409636747011
-0.046385856038317
-0.04636245122247
-0.046339421447845
-0.046316765877418
-0.046294483688673
-0.046272574073543
-0.046251036238318
-0.046229869403589
-0.046209072804165
-0.046188645689005
-0.046168587321153
-0.04614889697767
-0.046129573949566
-0.046110617541736
-0.046092027072902
-0.046073801875537
-0.046055941295833
-0.046038444693605
-0.046021311442262
-0.046004540928742
-0.045988132553452
-0.04597208573022
-0.045956399886244
-0.045941074462036
-0.04592610891137
-0.045911502701244
-0.045897255311821
-0.045883366236391
-0.045869834981322
-0.045856661066018
-0.045843844022875
-0.045831383397239
-0.045819278747371
-0.045807529644401
-0.045796135672297
-0.045785096427823
-0.045774411520508
-0.045764080572608
-0.045754103219072
-0.04574447910752
-0.045735207898197
-0.045726289263959
-0.04571772289023
-0.045709508474984
-0.045701645728715
-0.045694134374414
-0.045686974147546
-0.045680164796019
-0.045673706080176
-0.045667597772756
-0.045661839658893
-0.045656431536091
-0.045651373214193
-0.045646664515383
-0.045642305274168
-0.045638295337351
-0.045634634564034
-0.045631322825595
-0.045628360005677
-0.045625746000186
-0.045623480717274
-0.045621564077339
-0.045619996013007
-0.04561877646914
-0.045617905402818
-0.045617382783348
-0.045617208592249
-0.045617382823261
-0.04561790548234
-0.045618776587655
-0.045619996169597
-0.045621564270778
-0.045623480946032
-0.045625746262431
-0.045628360299272
-0.045631323148104
-0.045634634912721
-0.045638295709177
-0.045642305665804
-0.045646664923203
-0.045651373634282
-0.045656431964244
-0.045661840090619
-0.045667598203278
-0.045673706504436
-0.045680165208689
-0.045686974543017
-0.045694134746811
-0.045701646071895
-0.045709508782541
-0.045717723155502
-0.04572628948003
-0.045735208057905
-0.045744479203452
-0.04575410324358
-0.04576408051781
-0.045774411378291
-0.045785096189854
-0.045796135330022
-0.045807529189055
-0.045819278169982
-0.045831382688636
-0.045843843173695
-0.045856660066706
-0.045869833822147
-0.045883364907444
-0.045897253803029
-0.045911501002373
-0.045926107012037
-0.045941072351708
-0.045956397554255
-0.045972083165769
-0.045988129745619
-0.046004537866493
-0.046021308114456
-0.046038441089005
-0.046055937403112
-0.04607379768329
-0.046092022569642
-0.046110612715927
-0.046129568789609
-0.046148891471923
-0.046168581457936
-0.046188639456614
-0.046209066190879
-0.046229862397678
-0.046251028828054
-0.046272566247207
-0.046294475434571
-0.046316757183885
-0.04633941230326
-0.046362441615261
-0.046385845956974
-0.046409626180095
-0.046433783150999
-0.046458317750826
-0.046483230875556
-0.04650852343611
-0.046534196358404
-0.046560250583473
-0.046586687067528
-0.046613506782064
-0.046640710713947
-0.046668299865505
-0.046696275254623
-0.046724637914847
-0.046753388895468
-0.04678252926164
-0.046812060094465
-0.046841982491109
-0.046872297564904
-0.046903006445448
-0.046934110278725
-0.046965610227213
-0.046997507469991
-0.047029803202861
-0.04706249863846
-0.047095595006387
-0.047129093553312
-0.047162995543104
-0.04719730225696
-0.04723201499353
-0.047267135069041
-0.047302663817436
-0.047338602590498
-0.047374952757994
-0.047411715707813
-0.047448892846098
-0.047486485597402
-0.047524495404811
-0.047562923730118
-0.047601772053945
-0.047641041875926
-0.047680734714827
-0.047720852108735
-0.047761395615191
-0.047802366811371
-0.04784376729424
-0.047885598680724
-0.047927862607876
-0.047970560733056
-0.048013694734098
-0.048057266309492
-0.048101277178568
-0.048145729081675
-0.048190623780372
-0.048235963057612
-0.04828174871795
-0.048327982587715
-0.048374666515232
-0.048421802371013
-0.048469392047967
-0.048517437461604
-0.048565940550253
-0.048614903275274
-0.048664327621283
-0.048714215596366
-0.048764569232312
-0.048815390584841
-0.048866681733838
-0.04891844478359
-0.048970681863029
-0.049023395125975
-0.049076586751384
-0.04913025894361
-0.049184413932647
-0.049239053974407
-0.049294181350972
-0.049349798370874
-0.049405907369366
-0.049462510708697
-0.0495196107784
-0.049577209995584
-0.049635310805207
-0.049693915680411
-0.04975302712279
-0.049812647662702
-0.049872779859603
-0.049933426302345
-0.049994589609504
-0.050056272429712
-0.050118477441986
-0.050181207356073
-0.050244464912787
-0.050308252884366
-0.050372574074831
-0.05043743132034
-0.050502827489568
-0.050568765484066
-0.050635248238664
-0.050702278721837
-0.050769859936115
-0.050837994918478
-0.050906686740762
-0.050975938510081
-0.051045753369243
-0.051116134497182
-0.051187085109388
-0.051258608458367
-0.051330707834082
-0.051403386564408
-0.051476648015613
-0.051550495592827
-0.051624932740524
-0.051699962943026
-0.051775589724987
-0.051851816651921
-0.05192864733072
-0.052006085410166
-0.052084134581488
-0.052162798578909
-0.052242081180186
-0.052321986207208
-0.052402517526541
-0.052483679050043
-0.052565474735449
-0.052647908586994
-0.052730984656023
-0.052814707041624
-0.052899079891288
-0.05298410740155
-0.053069793818664
-0.053156143439285
-0.053243160611167
-0.053330849733859
-0.053419215259445
-0.053508261693253
-0.053597993594633
-0.053688415577689
-0.053779532312084
-0.053871348523815
-0.053963868996023
-0.054057098569821
-0.054151042145134
-0.054245704681542
-0.054341091199176
-0.05443720677958
-0.054534056566635
-0.054631645767483
-0.054729979653465
-0.054829063561085
-0.054928902892993
-0.055029503118983
-0.055130869777018
-0.055233008474267
-0.055335924888181
-0.055439624767554
-0.055544113933657
-0.055649398281353
-0.055755483780249
-0.055862376475885
-0.05597008249092
-0.056078608026374
-0.056187959362876
-0.056298142861939
-0.05640916496727
-0.056521032206108
-0.056633751190577
-0.056747328619093
-0.05686177127777
-0.056977086041883
-0.057093279877351
-0.057210359842259
-0.057328333088394
-0.057447206862845
-0.057566988509613
-0.057687685471273
-0.057809305290662
-0.057931855612612
-0.058055344185721
-0.058179778864163
-0.058305167609532
-0.058431518492741
-0.058558839695968
-0.058687139514612
-0.058816426359349
-0.058946708758189
-0.0590779953586
-0.059210294929691
-0.059343616364425
-0.0594779686819
-0.059613361029679
-0.059749802686186
-0.05988730306313
-0.06002587170803
-0.060165518306761
-0.060306252686197
-0.060448084816887
-0.060591024815825
-0.060735082949263
-0.060880269635614
-0.061026595448417
-0.061174071119386
-0.061322707541518
-0.061472515772296
-0.061623507036975
-0.061775692731933
-0.061929084428134
-0.062083693874654
-0.062239533002321
-0.062396613927444
-0.062554948955624
-0.062714550585692
-0.062875431513723
-0.063037604637191
-0.063201083059193
-0.06336588009283
-0.063532009265674
-0.063699484324372
-0.063868319239364
-0.064038528209758
-0.064210125668302
-0.064383126286515
-0.064557544979972
-0.064733396913697
-0.064910697507767
-0.065089462443015
-0.065269707666937
-0.065451449399748
-0.065634704140623
-0.065819488674103
-0.066005820076712
-0.066193715723743
-0.066383193296253
-0.066574270788274
-0.066766966514224
-0.066961299116538
-0.067157287573556
-0.067354951207601
-0.067554309693349
-0.067755383066427
-0.067958191732287
-0.068162756475343
-0.068369098468402
-0.068577239282388
-0.068787200896362
-0.068999005707865
-0.06921267654359
-0.069428236670396
-0.069645709806663
-0.069865120134025
-0.070086492309479
-0.070309851477896
-0.070535223284926
-0.070762633890345
-0.070992109981835
-0.071223678789231
-0.071457368099222
-0.071693206270604
-0.071931222249971
-0.072171445588017
-0.072413906456337
-0.072658635664856
-0.072905664679822
-0.073155025642461
-0.073406751388258
-0.073660875466948
-0.073917432163179
-0.074176456517956
-0.07443798435082
-0.074702052282848
-0.07496869776048
-0.075237959080223
-0.075509875414259
-0.075784486837002
-0.076061834352636
-0.076341959923701
-0.076624906500733
-0.076910718053049
-0.077199439600678
-0.077491117247543
-0.077785798215904
-0.07808353088215
-0.078384364813963
-0.078688350808971
-0.078995540934916
-0.079305988571401
-0.079619748453332
-0.079936876716086
-0.08025743094252
-0.080581470211882
-0.080909055150734
-0.081240247985958
-0.081575112599987
-0.081913714588296
-0.082256121319366
-0.082602401997104
-0.082952627725984
-0.083306871578927
-0.083665208668121
-0.084027716218902
-0.084394473646845
-0.084765562638238
-0.085141067234109
-0.08552107391797
-0.085905671707482
-0.086294952250242
-0.086689009923902
-0.087087941940821
-0.087491848457545
-0.087900832689294
-0.08831500102978
-0.088734463176611
-0.089159332262562
-0.0895897249931
-0.090025761790386
-0.090467566944209
-0.09091526877019
-0.091368999775631
-0.091828896833491
-0.092295101364865
-0.092767759530515
-0.093247022431919
-0.093733046322373
-0.094225992828757
-0.094726029184525
-0.095233328474612
-0.095748069892906
-0.096270439013053
-0.096800628073372
-0.097338836276664
-0.097885270105889
-0.098440143656566
-0.099003678986979
-0.09957610648719
-0.10015766526807
-0.10074860357156
-0.10134917920339
-0.1019596599898
-0.1025803242596
-0.10321146135328
-0.10385337216079
-0.10450636968988
-0.10517077966689
-0.10584694117216
-0.1065352073122
-0.10723594593109
-0.10794954036365
-0.10867639023314
-0.10941691229644
-0.11017154133991
-0.11094073112929
-0.11172495541735
-0.11252470901313
-0.11334050891713
-0.11417289552686
-0.11502243391774
-0.11588971520453
-0.11677535798899
-0.11768000989986
-0.11860434923184
-0.11954908669038
-0.12051496725031
-0.12150277213619
-0.12251332093361
-0.1235474738408
-0.12460613407113
-0.12569025041766
-0.12680081999191
-0.12793889115001
-0.12910556662053
-0.13030200684929
-0.13152943357803
-0.13278913367496
-0.13408246323691
-0.13541085198437
-0.1367758079727
-0.13817892264448
-0.13962187625068
-0.14110644367001
-0.1426345006592
-0.14420803056915
-0.1458291315655
-0.14750002439533
-0.14922306074569
-0.1510007322435
-0.15283568015129
-0.15473070581784
-0.15668878194861
-0.15871306476656
-0.16080690714087
-0.16297387276819
-0.16521775149903
-0.16754257591094
-0.16995263923986
-0.1724525147914
-0.17504707696633
-0.17774152404706
-0.18054140290667
-0.18345263581809
-0.18648154955854
-0.18963490702396
-0.19291994159011
-0.19634439448055
-0.19991655542878
-0.20364530695116
-0.2075401725798
-0.21161136944149
-0.21586986560848
-0.22032744269243
-0.22499676420239
-0.22989145024339
-0.23502615919423
-0.24041667707162
-0.24608001536517
-0.25203451821287
-0.25829997988282
-0.26489777363352
-0.27185099314419
-0.27918460784031
-0.28692563358852
-0.29510332040183
-0.30374935898349
-0.31289810814684
-0.32258684538361
-0.33285604311672
-0.34374967346897
-0.3553155447117
-0.36760567293031
-0.38067669286386
-0.394590312348
-0.40941381532261
-0.42522061896488
-0.44209089118412
-0.46011223547734
-0.47938045100498
