-0.4999999999855
-0.47914779046738
-0.45972753167058
-0.44161654437853
-0.42470450313737
-0.40889202333343
-0.39408942692777
-0.38021566239673
-0.36719735799181
-0.35496799044867
-0.34346715383352
-0.33263991538723
-0.3224362470739
-0.31281052311318
-0.30372107511617
-0.29512979758948
-0.28700179755069
-0.27930508283662
-0.27201028440466
-0.26509040854443
-0.25852061544778
-0.25227802104256
-0.24634151938947
-0.24069162328212
-0.23531032098474
-0.23018094729735
-0.22528806735917
-0.22061737179365
-0.21615558196547
-0.21189036426554
-0.20781025246735
-0.20390457730865
-0.20016340254986
-0.19657746684554
-0.19313813083979
-0.18983732896218
-0.18666752545817
-0.18362167423905
-0.18069318218088
-0.17787587554171
-0.17516396920108
-0.17255203845685
-0.17003499314182
-0.16760805384684
-0.16526673005886
-0.16300680004148
-0.1608242923028
-0.15871546851041
-0.15667680772742
-0.15470499185507
-0.15279689217891
-0.15094955692479
-0.14916019974013
-0.14742618902339
-0.14574503803207
-0.14411439570561
-0.14253203814557
-0.14099586070043
-0.13950387060704
-0.13805418014508
-0.13664500026443
-0.13527463464917
-0.13394147418458
-0.13264399179676
-0.13138073763682
-0.13015033458387
-0.12895147404344
-0.12778291201947
-0.12664346544019
-0.1255320087195
-0.12444747053696
-0.12338883082108
-0.12235511792139
-0.12134540595633
-0.1203588123246
-0.11939449536892
-0.11845165218167
-0.11752951654289
-0.11662735698175
-0.11574447495326
-0.11488020312259
-0.11403390374992
-0.11320496716931
-0.11239281035552
-0.11159687557304
-0.11081662910217
-0.11005156003728
-0.10930117915261
-0.10856501783152
-0.10784262705514
-0.10713357644687
-0.10643745336917
-0.10575386206961
-0.10508242287312
-0.10442277141763
-0.10377455793068
-0.10313744654432
-0.10251111464629
-0.1018952522652
-0.10128956148778
-0.10069375590637
-0.10010756009492
-0.099530709111749
-0.098962948027752
-0.098404031478444
-0.09785372323858
-0.097311795818091
-0.096778030078134
-0.096252214866164
-0.095734146668974
-0.095223629282737
-0.094720473499111
-0.094224496806562
-0.093735523106072
-0.093253382440476
-0.092777910736702
-0.092308949560231
-0.091846345881147
-0.091389951851159
-0.09093962459103
-0.090495225987887
-0.090056622501884
-0.08962368498176
-0.089196288488831
-0.088774312128986
-0.08835763889229
-0.087946155499819
-0.08753975225735
-0.087138322915584
-0.086741764536564
-0.086349977366005
-0.085962864711219
-0.085580332824393
-0.085202290790935
-0.084828650422662
-0.084459326155592
-0.084094234952117
-0.083733296207356
-0.083376431659484
-0.083023565303851
-0.082674623310725
-0.082329533946466
-0.081988227498002
-0.081650636200425
-0.081316694167589
-0.080986337325553
-0.080659503348753
-0.080336131598771
-0.080016163065585
-0.079699540311199
-0.079386207415521
-0.079076109924423
-0.078769194799856
-0.078465410371948
-0.078164706292985
-0.077867033493209
-0.077572344138332
-0.077280591588709
-0.076991730360094
-0.076705716085903
-0.07642250548093
-0.076142056306446
-0.075864327336629
-0.075589278326261
-0.075316869979643
-0.075047063920679
-0.074779822664075
-0.074515109587608
-0.074252888905421
-0.073993125642308
-0.07373578560893
-0.073480835377949
-0.073228242261019
-0.072977974286617
-0.072730000178666
-0.072484289335927
-0.07224081181213
-0.071999538296803
-0.071760440096786
-0.071523489118394
-0.071288657850199
-0.071055919346421
-0.070825247210894
-0.070596615581578
-0.070369999115615
-0.070145372974889
-0.069922712812083
-0.069701994757202
-0.06948319540456
-0.0692662918002
-0.069051261429731
-0.068838082206577
-0.068626732460611
-0.068417190927168
-0.068209436736409
-0.068003449403047
-0.067799208816395
-0.067596695230741
-0.067395889256035
-0.067196771848869
-0.066999324303748
-0.066803528244641
-0.066609365616795
-0.066416818678805
-0.066225869994936
-0.066036502427686
-0.06584869913057
-0.065662443541138
-0.0654777193742
-0.065294510615259
-0.065112801514145
-0.064932576578845
-0.064753820569507
-0.064576518492635
-0.064400655595457
-0.064226217360449
-0.064053189500031
-0.063881557951414
-0.063711308871602
-0.063542428632529
-0.063374903816349
-0.063208721210854
-0.063043867805024
-0.062880330784704
-0.062718097528406
-0.062557155603223
-0.062397492760866
-0.062239096933805
-0.062081956231516
-0.061926058936841
-0.061771393502435
-0.061617948547319
-0.061465712853524
-0.061314675362825
-0.061164825173566
-0.06101615153756
-0.060868643857088
-0.060722291681959
-0.060577084706664
-0.060433012767591
-0.06029006584032
-0.060148234036986
-0.06000750760371
-0.059867876918097
-0.059729332486795
-0.059591864943115
-0.059455465044719
-0.059320123671355
-0.059185831822653
-0.059052580615983
-0.058920361284349
-0.058789165174352
-0.058658983744194
-0.058529808561726
-0.058401631302556
-0.058274443748189
-0.058148237784222
-0.058023005398572
-0.057898738679753
-0.057775429815194
-0.057653071089589
-0.05753165488329
-0.057411173670739
-0.057291620018933
-0.057172986585923
-0.05705526611935
-0.056938451455011
-0.056822535515463
-0.056707511308648
-0.056593371926555
-0.056480110543918
-0.056367720416928
-0.056256194881983
-0.056145527354464
-0.056035711327533
-0.055926740370963
-0.055818608129988
-0.055711308324178
-0.055604834746342
-0.05549918126145
-0.055394341805576
-0.055290310384867
-0.055187081074535
-0.055084648017858
-0.05498300542522
-0.054882147573152
-0.054782068803404
-0.054682763522034
-0.054584226198509
-0.054486451364833
-0.054389433614682
-0.05429316760257
-0.054197648043013
-0.054102869709726
-0.054008827434828
-0.053915516108059
-0.053822930676021
-0.053731066141425
-0.053639917562357
-0.053549480051557
-0.053459748775712
-0.053370718954756
-0.053282385861197
-0.053194744819441
-0.053107791205138
-0.053021520444535
-0.052935928013846
-0.05285100943863
-0.052766760293177
-0.052683176199914
-0.05260025282881
-0.052517985896805
-0.052436371167236
-0.052355404449281
-0.052275081597412
-0.052195398510855
-0.052116351133061
-0.052037935451186
-0.05196014749558
-0.051882983339283
-0.051806439097533
-0.051730510927281
-0.051655195026713
-0.051580487634778
-0.051506385030731
-0.051432883533677
-0.051359979502126
-0.051287669333554
-0.051215949463971
-0.051144816367495
-0.051074266555939
-0.051004296578398
-0.050934903020843
-0.050866082505728
-0.050797831691594
-0.05073014727269
-0.050663025978589
-0.050596464573819
-0.050530459857494
-0.050465008662956
-0.050400107857419
-0.050335754341617
-0.050271945049463
-0.050208676947709
-0.050145947035614
-0.050083752344614
-0.050022089938
-0.0499609569106
-0.049900350388464
-0.04984026752856
-0.049780705518466
-0.049721661576072
-0.049663132949286
-0.049605116915745
-0.049547610782528
-0.049490611885877
-0.049434117590916
-0.049378125291381
-0.049322632409351
-0.049267636394984
-0.049213134726255
-0.049159124908698
-0.049105604475156
-0.049052570985529
-0.049000022026533
-0.04894795521145
-0.048896368179899
-0.048845258597594
-0.048794624156116
-0.048744462572686
-0.048694771589937
-0.048645548975698
-0.048596792522768
-0.048548500048712
-0.048500669395638
-0.048453298429998
-0.048406385042377
-0.048359927147292
-0.048313922682993
-0.048268369611267
-0.048223265917243
-0.0481786096092
-0.048134398718383
-0.048090631298814
-0.048047305427111
-0.048004419202309
-0.047961970745681
-0.047919958200564
-0.047878379732186
-0.0478372335275
-0.04779651779501
-0.047756230764617
-0.047716370687444
-0.047676935835687
-0.047637924502453
-0.047599335001603
-0.047561165667604
-0.047523414855375
-0.047486080940139
-0.047449162317279
-0.047412657402191
-0.047376564630145
-0.047340882456144
-0.047305609354788
-0.047270743820135
-0.047236284365572
-0.04720222952368
-0.047168577846108
-0.047135327903442
-0.047102478285083
-0.04707002759912
-0.047037974472213
-0.047006317549468
-0.046975055494321
-0.046944186988427
-0.046913710731536
-0.046883625441389
-0.046853929853605
-0.046824622721569
-0.04679570281633
-0.04676716892649
-0.046739019858108
-0.046711254434588
-0.046683871496587
-0.046656869901914
-0.04663024852543
-0.046604006258955
-0.046578142011176
-0.046552654707552
-0.046527543290222
-0.046502806717921
-0.046478443965889
-0.046454454025783
-0.046430835905597
-0.046407588629577
-0.046384711238138
-0.046362202787786
-0.046340062351039
-0.046318289016349
-0.046296881888028
-0.04627584008617
-0.046255162746584
-0.046234849020715
-0.046214898075582
-0.046195309093703
-0.046176081273031
-0.046157213826886
-0.046138705983893
-0.046120556987915
-0.046102766097995
-0.046085332588291
-0.046068255748022
-0.046051534881403
-0.046035169307595
-0.046019158360648
-0.04600350138944
-0.045988197757635
-0.045973246843622
-0.045958648040471
-0.045944400755878
-0.045930504412123
-0.045916958446017
-0.045903762308864
-0.045890915466407
-0.045878417398794
-0.045866267600532
-0.045854465580445
-0.045843010861636
-0.04583190298145
-0.045821141491433
-0.045810725957301
-0.045800655958901
-0.045790931090178
-0.045781550959144
-0.045772515187845
-0.045763823412332
-0.045755475282632
-0.045747470462717
-0.045739808630482
-0.045732489477713
-0.045725512710071
-0.045718878047058
-0.045712585222005
-0.045706633982042
-0.045701024088084
-0.045695755314809
-0.045690827450639
-0.045686240297728
-0.045681993671939
-0.045678087402838
-0.045674521333671
-0.04567129532136
-0.045668409236485
-0.045665862963279
-0.045663656399616
-0.045661789457001
-0.045660262060569
-0.045659074149072
-0.045658225674879
-0.04565771660397
-0.045657546915935
-0.04565771660397
-0.045658225674879
-0.045659074149072
-0.045660262060569
-0.045661789457002
-0.045663656399616
-0.045665862963279
-0.045668409236485
-0.04567129532136
-0.045674521333671
-0.045678087402838
-0.045681993671939
-0.045686240297728
-0.045690827450639
-0.045695755314809
-0.045701024088084
-0.045706633982042
-0.045712585222005
-0.045718878047058
-0.045725512710071
-0.045732489477713
-0.045739808630482
-0.045747470462717
-0.045755475282632
-0.045763823412332
-0.045772515187845
-0.045781550959144
-0.045790931090178
-0.045800655958901
-0.045810725957301
-0.045821141491433
-0.04583190298145
-0.045843010861636
-0.045854465580445
-0.045866267600532
-0.045878417398794
-0.045890915466407
-0.045903762308863
-0.045916958446018
-0.045930504412123
-0.045944400755878
-0.045958648040471
-0.045973246843622
-0.045988197757635
-0.04600350138944
-0.046019158360648
-0.046035169307596
-0.046051534881403
-0.046068255748022
-0.046085332588291
-0.046102766097995
-0.046120556987916
-0.046138705983893
-0.046157213826886
-0.046176081273031
-0.046195309093703
-0.046214898075582
-0.046234849020715
-0.046255162746584
-0.04627584008617
-0.046296881888028
-0.04631828901635
-0.046340062351039
-0.046362202787786
-0.046384711238138
-0.046407588629577
-0.046430835905597
-0.046454454025783
-0.046478443965889
-0.046502806717922
-0.046527543290222
-0.046552654707552
-0.046578142011176
-0.046604006258955
-0.04663024852543
-0.046656869901914
-0.046683871496588
-0.046711254434588
-0.046739019858108
-0.046767168926491
-0.04679570281633
-0.046824622721569
-0.046853929853605
-0.046883625441389
-0.046913710731536
-0.046944186988426
-0.046975055494321
-0.047006317549468
-0.047037974472213
-0.04707002759912
-0.047102478285083
-0.047135327903442
-0.047168577846108
-0.04720222952368
-0.047236284365571
-0.047270743820135
-0.047305609354788
-0.047340882456144
-0.047376564630145
-0.047412657402191
-0.047449162317279
-0.047486080940139
-0.047523414855375
-0.047561165667604
-0.047599335001603
-0.047637924502453
-0.047676935835687
-0.047716370687444
-0.047756230764616
-0.04779651779501
-0.047837233527499
-0.047878379732186
-0.047919958200564
-0.047961970745681
-0.048004419202309
-0.048047305427111
-0.048090631298813
-0.048134398718382
-0.0481786096092
-0.048223265917243
-0.048268369611267
-0.048313922682993
-0.048359927147292
-0.048406385042377
-0.048453298429998
-0.048500669395638
-0.048548500048711
-0.048596792522768
-0.048645548975697
-0.048694771589937
-0.048744462572686
-0.048794624156116
-0.048845258597594
-0.048896368179899
-0.04894795521145
-0.049000022026533
-0.049052570985529
-0.049105604475156
-0.049159124908698
-0.049213134726255
-0.049267636394985
-0.049322632409351
-0.049378125291381
-0.049434117590916
-0.049490611885877
-0.049547610782529
-0.049605116915745
-0.049663132949286
-0.049721661576072
-0.049780705518466
-0.049840267528561
-0.049900350388464
-0.0499609569106
-0.050022089938
-0.050083752344614
-0.050145947035614
-0.050208676947709
-0.050271945049463
-0.050335754341617
-0.050400107857419
-0.050465008662957
-0.050530459857494
-0.050596464573819
-0.050663025978589
-0.05073014727269
-0.050797831691595
-0.050866082505728
-0.050934903020843
-0.051004296578398
-0.051074266555939
-0.051144816367495
-0.051215949463971
-0.051287669333555
-0.051359979502127
-0.051432883533677
-0.051506385030731
-0.051580487634778
-0.051655195026713
-0.051730510927282
-0.051806439097533
-0.051882983339283
-0.05196014749558
-0.052037935451187
-0.052116351133062
-0.052195398510856
-0.052275081597413
-0.052355404449282
-0.052436371167236
-0.052517985896806
-0.052600252828811
-0.052683176199914
-0.052766760293178
-0.05285100943863
-0.052935928013847
-0.053021520444535
-0.053107791205138
-0.053194744819441
-0.053282385861197
-0.053370718954756
-0.053459748775712
-0.053549480051558
-0.053639917562357
-0.053731066141425
-0.053822930676021
-0.053915516108059
-0.054008827434828
-0.054102869709726
-0.054197648043013
-0.05429316760257
-0.054389433614682
-0.054486451364832
-0.054584226198509
-0.054682763522034
-0.054782068803404
-0.054882147573152
-0.05498300542522
-0.055084648017858
-0.055187081074535
-0.055290310384868
-0.055394341805576
-0.05549918126145
-0.055604834746343
-0.055711308324178
-0.055818608129988
-0.055926740370963
-0.056035711327533
-0.056145527354464
-0.056256194881983
-0.056367720416927
-0.056480110543917
-0.056593371926555
-0.056707511308648
-0.056822535515465
-0.056938451455014
-0.057055266119352
-0.057172986585925
-0.057291620018935
-0.057411173670741
-0.057531654883292
-0.057653071089591
-0.057775429815196
-0.057898738679755
-0.058023005398574
-0.058148237784224
-0.058274443748192
-0.058401631302558
-0.058529808561728
-0.058658983744196
-0.058789165174354
-0.058920361284351
-0.059052580615984
-0.059185831822655
-0.059320123671357
-0.059455465044721
-0.059591864943118
-0.059729332486797
-0.059867876918099
-0.060007507603712
-0.060148234036988
-0.060290065840322
-0.060433012767593
-0.060577084706666
-0.060722291681961
-0.06086864385709
-0.061016151537562
-0.061164825173568
-0.061314675362827
-0.061465712853526
-0.061617948547321
-0.061771393502437
-0.061926058936843
-0.062081956231518
-0.062239096933807
-0.062397492760868
-0.062557155603225
-0.062718097528407
-0.062880330784706
-0.063043867805026
-0.063208721210856
-0.063374903816351
-0.063542428632531
-0.063711308871603
-0.063881557951416
-0.064053189500033
-0.064226217360451
-0.064400655595459
-0.064576518492637
-0.064753820569508
-0.064932576578847
-0.065112801514147
-0.06529451061526
-0.065477719374201
-0.065662443541139
-0.065848699130571
-0.066036502427687
-0.066225869994937
-0.066416818678806
-0.066609365616796
-0.066803528244643
-0.066999324303749
-0.06719677184887
-0.067395889256037
-0.067596695230743
-0.067799208816397
-0.068003449403049
-0.068209436736411
-0.06841719092717
-0.068626732460613
-0.068838082206579
-0.069051261429733
-0.069266291800202
-0.069483195404562
-0.069701994757204
-0.069922712812085
-0.070145372974891
-0.070369999115617
-0.07059661558158
-0.070825247210896
-0.071055919346423
-0.071288657850201
-0.071523489118396
-0.071760440096789
-0.071999538296805
-0.072240811812132
-0.072484289335929
-0.072730000178668
-0.072977974286619
-0.073228242261021
-0.073480835377951
-0.073735785608932
-0.07399312564231
-0.074252888905423
-0.074515109587609
-0.074779822664077
-0.07504706392068
-0.075316869979644
-0.075589278326262
-0.07586432733663
-0.076142056306447
-0.076422505480931
-0.076705716085904
-0.076991730360096
-0.077280591588711
-0.077572344138334
-0.077867033493211
-0.078164706292987
-0.078465410371949
-0.078769194799858
-0.079076109924424
-0.079386207415522
-0.0796995403112
-0.080016163065587
-0.080336131598772
-0.080659503348755
-0.080986337325555
-0.08131669416759
-0.081650636200427
-0.081988227498004
-0.082329533946468
-0.082674623310726
-0.083023565303853
-0.083376431659485
-0.083733296207358
-0.084094234952118
-0.084459326155593
-0.084828650422663
-0.085202290790937
-0.085580332824395
-0.085962864711221
-0.086349977366006
-0.086741764536566
-0.087138322915585
-0.087539752257352
-0.087946155499821
-0.088357638892292
-0.088774312128988
-0.089196288488834
-0.089623684981762
-0.090056622501886
-0.090495225987889
-0.090939624591032
-0.09138995185116
-0.091846345881148
-0.092308949560232
-0.092777910736703
-0.093253382440477
-0.093735523106073
-0.094224496806563
-0.094720473499112
-0.095223629282738
-0.095734146668975
-0.096252214866165
-0.096778030078135
-0.097311795818093
-0.097853723238582
-0.098404031478445
-0.098962948027754
-0.099530709111749
-0.10010756009492
-0.10069375590637
-0.10128956148778
-0.1018952522652
-0.10251111464629
-0.10313744654432
-0.10377455793068
-0.10442277141763
-0.10508242287312
-0.10575386206961
-0.10643745336917
-0.10713357644688
-0.10784262705515
-0.10856501783152
-0.10930117915261
-0.11005156003728
-0.11081662910218
-0.11159687557304
-0.11239281035553
-0.11320496716931
-0.11403390374992
-0.11488020312259
-0.11574447495326
-0.11662735698175
-0.11752951654289
-0.11845165218167
-0.11939449536892
-0.1203588123246
-0.12134540595633
-0.12235511792139
-0.12338883082108
-0.12444747053696
-0.1255320087195
-0.12664346544019
-0.12778291201947
-0.12895147404344
-0.13015033458387
-0.13138073763682
-0.13264399179676
-0.13394147418458
-0.13527463464917
-0.13664500026443
-0.13805418014508
-0.13950387060704
-0.14099586070043
-0.14253203814557
-0.14411439570561
-0.14574503803207
-0.14742618902339
-0.14916019974012
-0.15094955692479
-0.1527968921789
-0.15470499185507
-0.15667680772742
-0.15871546851041
-0.1608242923028
-0.16300680004148
-0.16526673005885
-0.16760805384684
-0.17003499314182
-0.17255203845685
-0.17516396920108
-0.17787587554171
-0.18069318218087
-0.18362167423905
-0.18666752545817
-0.18983732896218
-0.19313813083979
-0.19657746684553
-0.20016340254986
-0.20390457730865
-0.20781025246735
-0.21189036426554
-0.21615558196546
-0.22061737179365
-0.22528806735917
-0.23018094729735
-0.23531032098474
-0.24069162328212
-0.24634151938947
-0.25227802104256
-0.25852061544779
-0.26509040854444
-0.27201028440468
-0.27930508283664
-0.28700179755073
-0.29512979758954
-0.30372107511625
-0.31281052311331
-0.3224362470741
-0.33263991538753
-0.34346715383397
-0.35496799044936
-0.36719735799285
-0.3802156623983
-0.39408942693015
-0.40889202333705
-0.42470450314285
-0.44161654438685
-0.45972753168317
-0.47914779048648
-0.50000000001446
