-0.49999999995529
-0.4754902499627
-0.4526389437947
-0.43131158625892
-0.41138621824074
-0.39275210869179
-0.37530859613461
-0.35896406128976
-0.3436350148331
-0.32924528636235
-0.31572530244264
-0.30301144314826
-0.29104546785839
-0.27977400222554
-0.26914807924318
-0.25912272821366
-0.24965660617807
-0.24071166703167
-0.2322528641247
-0.22424788265148
-0.21666689856956
-0.20948236117391
-0.20266879678734
-0.19620263132157
-0.19006202972155
-0.18422675053146
-0.17867801401964
-0.17339838247448
-0.168371651437
-0.16358275077178
-0.15901765459716
-0.15466329920172
-0.15050750816734
-0.14653892400165
-0.14274694565653
-0.13912167137374
-0.1356538463568
-0.13233481481964
-0.12915647600784
-0.12611124382927
-0.12319200976706
-0.12039210878009
-0.11770528792521
-0.11512567746118
-0.11264776421749
-0.11026636703177
-0.10797661407835
-0.10577392192688
-0.10365397618525
-0.10161271359416
-0.099646305453023
-0.097751142267938
-0.095923819521847
-0.094161124476418
-0.092460023922868
-0.090817652806317
-0.089231303654833
-0.087698416750238
-0.086216570983165
-0.08478347533972
-0.083396960971546
-0.082054973805121
-0.080755567649776
-0.079496897767269
-0.078277214868752
-0.0770948595078
-0.075948256840596
-0.074835911726778
-0.073756404146458
-0.072708384910921
-0.071690571646222
-0.070701745030522
-0.069740745267482
-0.068806468779374
-0.067897865104821
-0.067013933987188
-0.066153722640721
-0.065316323182456
-0.064500870218834
-0.063706538576744
-0.062932541169465
-0.06217812698868
-0.061442579214359
-0.060725213434877
-0.060025375970303
-0.059342442292269
-0.05867581553429
-0.058024925086846
-0.057389225271912
-0.056768194091988
-0.056161332049035
-0.055568161029004
-0.054988223247963
-0.054421080256077
-0.053866311995942
-0.053323515912026
-0.052792306108156
-0.052272312550199
-0.051763180311285
-0.05126456885707
-0.050776151368702
-0.050297614101307
-0.049828655775949
-0.049368987003148
-0.048918329736144
-0.048476416752237
-0.048042991160609
-0.047617805935144
-0.047200623470856
-0.046791215162608
-0.046389361004901
-0.045994849211564
-0.045607475854273
-0.045227044518856
-0.044853365978442
-0.044486257882538
-0.044125544461178
-0.043771056243356
-0.043422629788967
-0.043080107433555
-0.042743337045202
-0.042412171792907
-0.042086469925873
-0.041766094563132
-0.041450913492977
-0.041140798981692
-0.040835627591127
-0.040535280004639
-0.040239640861002
-0.039948598595872
-0.039662045290436
-0.039379876526883
-0.039101991250358
-0.038828291637083
-0.038558682968342
-0.038293073510037
-0.038031374397556
-0.037773499525679
-0.037519365443292
-0.037268891252678
-0.037021998513154
-0.03677861114886
-0.0365386553605
-0.03630205954084
-0.036068754193798
-0.035838671856953
-0.035611747027313
-0.035387916090187
-0.03516711725103
-0.03494929047011
-0.034734377399873
-0.034522321324891
-0.034313067104259
-0.034106561116347
-0.033902751205788
-0.033701586632608
-0.033503018023406
-0.033306997324481
-0.033113477756829
-0.03292241377293
-0.032733761015229
-0.032547476276266
-0.03236351746035
-0.032181843546736
-0.032002414554227
-0.03182519150714
-0.031650136402587
-0.031477212178998
-0.031306382685849
-0.031137612654541
-0.030970867670367
-0.030806114145542
-0.03064331929324
-0.03048245110259
-0.030323478314612
-0.030166370399027
-0.030011097531928
-0.029857630574262
-0.0297059410511
-0.02955600113165
-0.02940778361
-0.029261261886541
-0.029116409950069
-0.028973202360504
-0.028831614232239
-0.028691621218061
-0.028553199493647
-0.028416325742592
-0.028280977141963
-0.028147131348349
-0.028014766484395
-0.027883861125789
-0.027754394288705
-0.027626345417658
-0.027499694373781
-0.027374421423487
-0.027250507227514
-0.027127932830337
-0.027006679649925
-0.026886729467841
-0.026768064419657
-0.026650666985698
-0.026534519982072
-0.026419606551996
-0.026305910157401
-0.026193414570801
-0.026082103867432
-0.025971962417623
-0.025862974879426
-0.025755126191462
-0.025648401566001
-0.025542786482247
-0.025438266679842
-0.02533482815256
-0.025232457142197
-0.025131140132649
-0.025030863844168
-0.024931615227788
-0.024833381459922
-0.024736149937122
-0.024639908270983
-0.024544644283214
-0.02445034600084
-0.024357001651552
-0.024264599659186
-0.024173128639338
-0.024082577395103
-0.023992934912934
-0.023904190358624
-0.023816333073394
-0.023729352570096
-0.023643238529524
-0.023557980796822
-0.023473569377997
-0.023389994436524
-0.023307246290046
-0.023225315407166
-0.023144192404318
-0.023063868042735
-0.022984333225483
-0.02290557899459
-0.022827596528238
-0.022750377138038
-0.02267391226637
-0.022598193483795
-0.022523212486539
-0.022448961094033
-0.022375431246521
-0.022302615002729
-0.022230504537595
-0.022159092140051
-0.022088370210864
-0.022018331260531
-0.021948967907229
-0.021880272874807
-0.021812238990837
-0.021744859184706
-0.021678126485758
-0.021612034021479
-0.021546575015728
-0.021481742787006
-0.02141753074677
-0.021353932397784
-0.021290941332514
-0.021228551231553
-0.021166755862085
-0.021105549076393
-0.021044924810387
-0.020984877082175
-0.020925399990664
-0.020866487714195
-0.020808134509206
-0.020750334708922
-0.020693082722082
-0.020636373031688
-0.020580200193784
-0.020524558836261
-0.020469443657686
-0.020414849426163
-0.020360770978209
-0.020307203217664
-0.020254141114613
-0.020201579704345
-0.020149514086321
-0.020097939423169
-0.020046850939701
-0.019996243921949
-0.019946113716223
-0.019896455728181
-0.019847265421929
-0.019798538319131
-0.01975026999814
-0.019702456093147
-0.019655092293347
-0.019608174342116
-0.019561698036217
-0.019515659225008
-0.019470053809671
-0.019424877742463
-0.019380127025966
-0.019335797712369
-0.019291885902747
-0.019248387746372
-0.019205299440017
-0.019162617227291
-0.019120337397975
-0.019078456287377
-0.019036970275694
-0.018995875787391
-0.018955169290587
-0.018914847296456
-0.018874906358636
-0.01883534307265
-0.018796154075339
-0.018757336044301
-0.01871888569735
-0.018680799791966
-0.01864307512478
-0.018605708531044
-0.018568696884128
-0.018532037095013
-0.018495726111807
-0.018459760919254
-0.018424138538263
-0.01838885602544
-0.018353910472629
-0.018319299006463
-0.018285018787919
-0.018251067011884
-0.018217440906725
-0.018184137733872
-0.018151154787401
-0.018118489393626
-0.018086138910704
-0.018054100728241
-0.018022372266901
-0.017990950978031
-0.017959834343282
-0.017929019874249
-0.017898505112102
-0.017868287627233
-0.017838365018908
-0.017808734914921
-0.017779394971256
-0.017750342871753
-0.017721576327781
-0.017693093077919
-0.017664890887633
-0.017636967548967
-0.017609320880238
-0.017581948725728
-0.017554848955394
-0.01752801946457
-0.017501458173679
-0.017475163027955
-0.017449131997156
-0.017423363075299
-0.01739785428038
-0.017372603654113
-0.017347609261671
-0.017322869191422
-0.017298381554679
-0.017274144485449
-0.017250156140188
-0.017226414697558
-0.017202918358189
-0.017179665344445
-0.017156653900193
-0.017133882290572
-0.017111348801775
-0.017089051740823
-0.017066989435353
-0.017045160233398
-0.017023562503183
-0.017002194632913
-0.01698105503057
-0.016960142123715
-0.016939454359284
-0.0169189902034
-0.016898748141176
-0.016878726676529
-0.01685892433199
-0.016839339648527
-0.016819971185358
-0.016800817519778
-0.016781877246983
-0.016763148979894
-0.016744631348993
-0.016726323002153
-0.016708222604472
-0.016690328838114
-0.016672640402148
-0.016655156012391
-0.016637874401254
-0.016620794317588
-0.016603914526537
-0.016587233809385
-0.01657075096342
-0.016554464801779
-0.016538374153317
-0.016522477862465
-0.016506774789089
-0.016491263808365
-0.016475943810636
-0.016460813701292
-0.016445872400632
-0.016431118843747
-0.016416551980389
-0.016402170774851
-0.016387974205849
-0.016373961266399
-0.016360130963705
-0.016346482319041
-0.016333014367642
-0.016319726158588
-0.016306616754701
-0.01629368523243
-0.016280930681753
-0.016268352206069
-0.016255948922095
-0.016243719959771
-0.016231664462152
-0.016219781585322
-0.016208070498288
-0.016196530382894
-0.016185160433724
-0.016173959858014
-0.016162927875562
-0.016152063718638
-0.016141366631903
-0.016130835872321
-0.016120470709077
-0.016110270423493
-0.016100234308953
-0.016090361670821
-0.016080651826364
-0.016071104104675
-0.016061717846604
-0.016052492404678
-0.016043427143036
-0.016034521437353
-0.016025774674777
-0.016017186253855
-0.016008755584473
-0.016000482087789
-0.015992365196168
-0.015984404353121
-0.015976599013244
-0.015968948642161
-0.015961452716459
-0.01595411072364
-0.015946922162056
-0.015939886540862
-0.015933003379958
-0.015926272209938
-0.015919692572041
-0.015913264018097
-0.015906986110484
-0.015900858422076
-0.0158948805362
-0.015889052046588
-0.015883372557335
-0.015877841682858
-0.015872459047852
-0.015867224287247
-0.015862137046177
-0.015857196979933
-0.015852403753931
-0.015847757043676
-0.015843256534724
-0.015838901922652
-0.015834692913022
-0.015830629221354
-0.015826710573089
-0.015822936703568
-0.015819307357996
-0.015815822291418
-0.015812481268693
-0.015809284064472
-0.015806230463165
-0.015803320258929
-0.015800553255637
-0.015797929266863
-0.015795448115859
-0.015793109635538
-0.015790913668456
-0.015788860066792
-0.015786948692338
-0.015785179416481
-0.015783552120187
-0.015782066693994
-0.015780723037996
-0.015779521061834
-0.015778460684686
-0.01577754183526
-0.015776764451782
-0.015776128481995
-0.015775633883151
-0.015775280622006
-0.015775068674815
-0.015774998027334
-0.015775068674815
-0.015775280622006
-0.015775633883151
-0.015776128481995
-0.015776764451782
-0.015777541835259
-0.015778460684686
-0.015779521061834
-0.015780723037996
-0.015782066693994
-0.015783552120187
-0.015785179416481
-0.015786948692338
-0.015788860066792
-0.015790913668456
-0.015793109635538
-0.015795448115859
-0.015797929266863
-0.015800553255637
-0.015803320258929
-0.015806230463165
-0.015809284064471
-0.015812481268693
-0.015815822291417
-0.015819307357995
-0.015822936703568
-0.015826710573089
-0.015830629221353
-0.015834692913022
-0.015838901922652
-0.015843256534724
-0.015847757043676
-0.015852403753931
-0.015857196979933
-0.015862137046177
-0.015867224287247
-0.015872459047851
-0.015877841682858
-0.015883372557335
-0.015889052046587
-0.0158948805362
-0.015900858422076
-0.015906986110484
-0.015913264018097
-0.01591969257204
-0.015926272209938
-0.015933003379958
-0.015939886540862
-0.015946922162056
-0.01595411072364
-0.015961452716459
-0.015968948642161
-0.015976599013244
-0.015984404353121
-0.015992365196168
-0.016000482087789
-0.016008755584473
-0.016017186253855
-0.016025774674777
-0.016034521437353
-0.016043427143036
-0.016052492404678
-0.016061717846604
-0.016071104104675
-0.016080651826364
-0.016090361670821
-0.016100234308953
-0.016110270423493
-0.016120470709077
-0.016130835872321
-0.016141366631903
-0.016152063718638
-0.016162927875562
-0.016173959858014
-0.016185160433725
-0.016196530382894
-0.016208070498288
-0.016219781585322
-0.016231664462152
-0.016243719959771
-0.016255948922095
-0.016268352206069
-0.016280930681753
-0.01629368523243
-0.016306616754701
-0.016319726158588
-0.016333014367642
-0.016346482319041
-0.016360130963705
-0.016373961266399
-0.016387974205849
-0.016402170774851
-0.016416551980389
-0.016431118843748
-0.016445872400632
-0.016460813701292
-0.016475943810636
-0.016491263808365
-0.016506774789089
-0.016522477862464
-0.016538374153317
-0.016554464801779
-0.01657075096342
-0.016587233809385
-0.016603914526536
-0.016620794317588
-0.016637874401254
-0.016655156012391
-0.016672640402148
-0.016690328838114
-0.016708222604472
-0.016726323002153
-0.016744631348993
-0.016763148979894
-0.016781877246983
-0.016800817519778
-0.016819971185358
-0.016839339648527
-0.01685892433199
-0.016878726676529
-0.016898748141177
-0.0169189902034
-0.016939454359284
-0.016960142123715
-0.01698105503057
-0.017002194632913
-0.017023562503183
-0.017045160233398
-0.017066989435353
-0.017089051740823
-0.017111348801775
-0.017133882290572
-0.017156653900193
-0.017179665344446
-0.017202918358189
-0.017226414697558
-0.017250156140188
-0.017274144485449
-0.017298381554679
-0.017322869191423
-0.017347609261672
-0.017372603654114
-0.01739785428038
-0.017423363075299
-0.017449131997157
-0.017475163027955
-0.01750145817368
-0.01752801946457
-0.017554848955395
-0.017581948725729
-0.017609320880238
-0.017636967548968
-0.017664890887634
-0.01769309307792
-0.017721576327782
-0.017750342871753
-0.017779394971256
-0.017808734914922
-0.017838365018909
-0.017868287627234
-0.017898505112102
-0.01792901987425
-0.017959834343283
-0.017990950978031
-0.018022372266902
-0.018054100728242
-0.018086138910705
-0.018118489393626
-0.018151154787401
-0.018184137733873
-0.018217440906726
-0.018251067011884
-0.018285018787919
-0.018319299006463
-0.018353910472629
-0.01838885602544
-0.018424138538263
-0.018459760919255
-0.018495726111808
-0.018532037095014
-0.018568696884128
-0.018605708531045
-0.018643075124781
-0.018680799791967
-0.01871888569735
-0.018757336044302
-0.018796154075339
-0.01883534307265
-0.018874906358637
-0.018914847296457
-0.018955169290588
-0.018995875787392
-0.019036970275695
-0.019078456287378
-0.019120337397976
-0.019162617227292
-0.019205299440018
-0.019248387746372
-0.019291885902748
-0.019335797712369
-0.019380127025966
-0.019424877742463
-0.019470053809672
-0.019515659225008
-0.019561698036218
-0.019608174342117
-0.019655092293347
-0.019702456093148
-0.01975026999814
-0.019798538319131
-0.019847265421929
-0.019896455728181
-0.019946113716223
-0.019996243921949
-0.020046850939701
-0.020097939423169
-0.020149514086321
-0.020201579704345
-0.020254141114613
-0.020307203217664
-0.02036077097821
-0.020414849426163
-0.020469443657687
-0.020524558836261
-0.020580200193784
-0.020636373031688
-0.020693082722081
-0.020750334708921
-0.020808134509206
-0.020866487714195
-0.020925399990664
-0.020984877082175
-0.021044924810388
-0.021105549076395
-0.021166755862086
-0.021228551231554
-0.021290941332515
-0.021353932397785
-0.021417530746771
-0.021481742787007
-0.021546575015729
-0.02161203402148
-0.021678126485759
-0.021744859184707
-0.021812238990838
-0.021880272874809
-0.021948967907231
-0.022018331260532
-0.022088370210865
-0.022159092140052
-0.022230504537596
-0.02230261500273
-0.022375431246522
-0.022448961094034
-0.022523212486541
-0.022598193483796
-0.022673912266371
-0.022750377138039
-0.022827596528239
-0.022905578994591
-0.022984333225484
-0.023063868042736
-0.02314419240432
-0.023225315407168
-0.023307246290048
-0.023389994436525
-0.023473569377998
-0.023557980796824
-0.023643238529526
-0.023729352570098
-0.023816333073396
-0.023904190358626
-0.023992934912936
-0.024082577395104
-0.024173128639339
-0.024264599659186
-0.024357001651553
-0.024450346000841
-0.024544644283215
-0.024639908270984
-0.024736149937123
-0.024833381459924
-0.024931615227789
-0.025030863844169
-0.025131140132651
-0.025232457142198
-0.025334828152561
-0.025438266679843
-0.025542786482248
-0.025648401566002
-0.025755126191463
-0.025862974879427
-0.025971962417624
-0.026082103867432
-0.026193414570802
-0.026305910157402
-0.026419606551997
-0.026534519982073
-0.026650666985699
-0.026768064419658
-0.026886729467841
-0.027006679649927
-0.027127932830339
-0.027250507227515
-0.027374421423488
-0.027499694373782
-0.02762634541766
-0.027754394288706
-0.02788386112579
-0.028014766484396
-0.028147131348351
-0.028280977141964
-0.028416325742594
-0.028553199493649
-0.028691621218063
-0.02883161423224
-0.028973202360506
-0.02911640995007
-0.029261261886543
-0.029407783610001
-0.029556001131652
-0.029705941051102
-0.029857630574264
-0.030011097531929
-0.030166370399028
-0.030323478314613
-0.030482451102591
-0.030643319293241
-0.030806114145544
-0.030970867670368
-0.031137612654543
-0.03130638268585
-0.031477212178999
-0.031650136402588
-0.031825191507141
-0.032002414554227
-0.032181843546737
-0.03236351746035
-0.032547476276266
-0.03273376101523
-0.03292241377293
-0.03311347775683
-0.033306997324482
-0.033503018023407
-0.033701586632608
-0.033902751205788
-0.034106561116348
-0.03431306710426
-0.034522321324891
-0.034734377399873
-0.03494929047011
-0.035167117251031
-0.035387916090188
-0.035611747027313
-0.035838671856954
-0.036068754193798
-0.03630205954084
-0.036538655360501
-0.036778611148861
-0.037021998513154
-0.037268891252678
-0.037519365443293
-0.037773499525679
-0.038031374397557
-0.038293073510038
-0.038558682968342
-0.038828291637085
-0.03910199125036
-0.039379876526885
-0.039662045290438
-0.039948598595873
-0.040239640861003
-0.040535280004641
-0.040835627591129
-0.041140798981694
-0.041450913492978
-0.041766094563134
-0.042086469925875
-0.042412171792909
-0.042743337045204
-0.043080107433557
-0.043422629788969
-0.043771056243358
-0.044125544461179
-0.044486257882538
-0.044853365978443
-0.045227044518857
-0.045607475854274
-0.045994849211565
-0.046389361004901
-0.046791215162609
-0.047200623470857
-0.047617805935145
-0.048042991160611
-0.048476416752238
-0.048918329736145
-0.049368987003149
-0.04982865577595
-0.050297614101308
-0.050776151368703
-0.051264568857071
-0.051763180311286
-0.052272312550199
-0.052792306108157
-0.053323515912027
-0.053866311995942
-0.054421080256077
-0.054988223247964
-0.055568161029005
-0.056161332049036
-0.056768194091989
-0.057389225271913
-0.058024925086847
-0.058675815534291
-0.05934244229227
-0.060025375970304
-0.060725213434878
-0.061442579214359
-0.062178126988681
-0.062932541169465
-0.063706538576744
-0.064500870218834
-0.065316323182455
-0.066153722640721
-0.067013933987188
-0.06789786510482
-0.068806468779373
-0.069740745267481
-0.070701745030522
-0.071690571646222
-0.07270838491092
-0.073756404146457
-0.074835911726778
-0.075948256840597
-0.0770948595078
-0.078277214868751
-0.079496897767268
-0.080755567649777
-0.082054973805122
-0.083396960971548
-0.084783475339721
-0.086216570983166
-0.087698416750239
-0.089231303654834
-0.090817652806318
-0.092460023922868
-0.094161124476417
-0.095923819521846
-0.097751142267937
-0.099646305453022
-0.10161271359415
-0.10365397618525
-0.10577392192688
-0.10797661407834
-0.11026636703177
-0.11264776421749
-0.11512567746118
-0.11770528792521
-0.12039210878009
-0.12319200976706
-0.12611124382927
-0.12915647600783
-0.13233481481964
-0.1356538463568
-0.13912167137374
-0.14274694565653
-0.14653892400165
-0.15050750816734
-0.15466329920172
-0.15901765459716
-0.16358275077178
-0.16837165143701
-0.17339838247448
-0.17867801401965
-0.18422675053147
-0.19006202972157
-0.1962026313216
-0.20266879678738
-0.20948236117396
-0.21666689856963
-0.22424788265158
-0.23225286412484
-0.24071166703188
-0.24965660617836
-0.25912272821407
-0.26914807924377
-0.27977400222639
-0.2910454678596
-0.30301144315
-0.31572530244512
-0.3292452863659
-0.34363501483818
-0.35896406129703
-0.37530859614502
-0.39275210870671
-0.4113862182621
-0.4313115862895
-0.45263894383844
-0.47549025002525
-0.50000000004466
