-0.50000000044594
-0.47932325370372
-0.4600189986071
-0.4419776227355
-0.42509944241627
-0.40929371007175
-0.39447772903895
-0.38057606344768
-0.36751983225503
-0.35524607785345
-0.34369720082243
-0.33282045340126
-0.32256748514175
-0.31289393497153
-0.30375906457496
-0.29512542859152
-0.28695857765217
-0.27922679073136
-0.27190083369435
-0.26495374127308
-0.25836062001531
-0.25209847002614
-0.24614602356305
-0.2404835987595
-0.23509296694055
-0.22995723216132
-0.22506072174642
-0.22038888673969
-0.21592821128937
-0.21166613009673
-0.2075909531476
-0.20369179702758
-0.19995852219352
-0.19638167563865
-0.19295243844561
-0.18966257777289
-0.18650440286571
-0.18347072472297
-0.18055481908855
-0.17775039246726
-0.17505155089553
-0.17245277122237
-0.16994887468009
-0.16753500254482
-0.16520659370606
-0.16295936398125
-0.16078928702667
-0.15869257670971
-0.15666567081992
-0.15470521600735
-0.15280805384685
-0.15097120793595
-0.14919187194233
-0.14746739852415
-0.14579528905325
-0.14417318407754
-0.14259885446402
-0.1410701931693
-0.13958520758858
-0.13814201243875
-0.13673882313435
-0.13537394961914
-0.13404579061868
-0.13275282828251
-0.13149362318679
-0.13026680967083
-0.12907109148295
-0.12790523771315
-0.1267680789918
-0.12565850393528
-0.12457545582083
-0.12351792947451
-0.12248496835706
-0.12147566183404
-0.12048914261724
-0.1195245843657
-0.11858119943521
-0.11765823676643
-0.11675497990198
-0.11587074512397
-0.11500487970398
-0.11415676025781
-0.11332579119833
-0.11251140327987
-0.11171305222815
-0.1109302174503
-0.11016240081986
-0.10940912553176
-0.10866993502306
-0.10794439195517
-0.10723207725369
-0.10653258920237
-0.1058455425877
-0.10517056789112
-0.10450731052583
-0.1038554301156
-0.10321459981291
-0.10258450565415
-0.1019648459496
-0.10135533070615
-0.10075568108077
-0.10016562886304
-0.099584915984844
-0.099013294055877
-0.098450523923261
-0.097896375254015
-0.097350626139019
-0.096813062717256
-0.096283478819181
-0.09576167562815
-0.095247461358877
-0.094740650951994
-0.094241065783802
-0.093748533390386
-0.093262887205298
-0.092783966310081
-0.092311615196918
-0.091845683542772
-0.091386025994384
-0.090932501963554
-0.090484975432159
-0.090043314766402
-0.089607392539782
-0.089177085364357
-0.088752273729848
-0.088332841850187
-0.087918677517126
-0.087509671960533
-0.087105719715056
-0.086706718492804
-0.086312569061768
-0.085923175129672
-0.085538443232996
-0.085158282630904
-0.084782605203847
-0.084411325356592
-0.084044359925478
-0.083681628089685
-0.083323051286312
-0.082968553129104
-0.082618059330624
-0.082271497627724
-0.081928797710158
-0.081589891152171
-0.081254711346948
-0.080923193443763
-0.08059527428773
-0.080270892362006
-0.079949987732355
-0.079632501993953
-0.079318378220335
-0.079007560914385
-0.078699995961279
-0.078395630583285
-0.078094413296349
-0.077796293868377
-0.07750122327914
-0.077209153681732
-0.076920038365511
-0.076633831720459
-0.076350489202897
-0.0760699673025
-0.07579222351055
-0.075517216289376
-0.07524490504294
-0.074975250088494
-0.074708212629302
-0.074443754728337
-0.074181839282951
-0.073922430000455
-0.073665491374577
-0.073410988662761
-0.073158887864274
-0.072909155699089
-0.072661759587507
-0.072416667630492
-0.072173848590689
-0.071933271874099
-0.071694907512383
-0.071458726145769
-0.07122469900654
-0.070992797903079
-0.070762995204456
-0.070535263825513
-0.070309577212465
-0.07008590932896
-0.069864234642602
-0.069644528111913
-0.069426765173722
-0.06921092173095
-0.068996974140798
-0.068784899203302
-0.068574674150259
-0.068366276634495
-0.068159684719471
-0.067954876869216
-0.067751831938564
-0.067550529163702
-0.067350948152998
-0.067153068878112
-0.066956871665373
-0.066762337187421
-0.066569446455096
-0.066378180809561
-0.066188521914674
-0.066000451749562
-0.065813952601437
-0.065629007058599
-0.065445598003653
-0.065263708606915
-0.065083322320015
-0.064904422869668
-0.064726994251634
-0.064551020724837
-0.064376486805655
-0.064203377262365
-0.064031677109745
-0.063861371603816
-0.063692446236738
-0.063524886731835
-0.063358679038759
-0.063193809328785
-0.063030263990226
-0.062868029623974
-0.062707093039156
-0.062547441248907
-0.06238906146625
-0.062231941100083
-0.062076067751272
-0.061921429208839
-0.061768013446257
-0.061615808617826
-0.061464803055148
-0.061314985263693
-0.061166343919444
-0.061018867865626
-0.060872546109522
-0.060727367819358
-0.060583322321275
-0.060440399096361
-0.060298587777766
-0.06015787814788
-0.060018260135584
-0.059879723813559
-0.059742259395661
-0.059605857234364
-0.059470507818255
-0.059336201769589
-0.059202929841901
-0.059070682917679
-0.058939452006075
-0.058809228240687
-0.058680002877379
-0.058551767292151
-0.058424512979061
-0.058298231548192
-0.058172914723662
-0.058048554341681
-0.05792514234865
-0.057802670799295
-0.057681131854858
-0.057560517781304
-0.057440820947592
-0.05732203382396
-0.057204148980264
-0.05708715908434
-0.056971056900411
-0.056855835287519
-0.056741487197997
-0.05662800567596
-0.056515383855849
-0.056403614960985
-0.056292692302163
-0.056182609276271
-0.056073359364938
-0.055964936133209
-0.055857333228252
-0.055750544378082
-0.055644563390314
-0.055539384150948
-0.055435000623164
-0.055331406846157
-0.055228596933981
-0.055126565074421
-0.055025305527894
-0.054924812626355
-0.054825080772244
-0.054726104437436
-0.05462787816222
-0.054530396554298
-0.0544336542878
-0.054337646102317
-0.054242366801954
-0.054147811254405
-0.054053974390035
-0.053960851200988
-0.053868436740309
-0.053776726121083
-0.053685714515585
-0.053595397154454
-0.053505769325874
-0.053416826374778
-0.053328563702055
-0.053240976763786
-0.053154061070483
-0.053067812186343
-0.05298222572852
-0.052897297366407
-0.052813022820931
-0.052729397863858
-0.052646418317116
-0.052564080052128
-0.052482378989151
-0.052401311096634
-0.052320872390583
-0.052241058933943
-0.052161866835977
-0.052083292251673
-0.052005331381152
-0.051927980469081
-0.05185123580411
-0.051775093718307
-0.051699550586606
-0.051624602826267
-0.051550246896343
-0.051476479297153
-0.051403296569771
-0.051330695295516
-0.051258672095458
-0.051187223629923
-0.051116346598017
-0.051046037737149
-0.050976293822567
-0.050907111666898
-0.050838488119701
-0.050770420067021
-0.050702904430956
-0.050635938169225
-0.050569518274748
-0.050503641775236
-0.050438305732773
-0.050373507243424
-0.050309243436836
-0.050245511475851
-0.050182308556122
-0.050119631905737
-0.050057478784855
-0.049995846485331
-0.049934732330368
-0.049874133674161
-0.049814047901546
-0.049754472427667
-0.049695404697633
-0.049636842186189
-0.049578782397394
-0.049521222864299
-0.049464161148629
-0.049407594840477
-0.049351521557996
-0.049295938947102
-0.049240844681175
-0.049186236460767
-0.04913211201332
-0.049078469092881
-0.049025305479825
-0.048972618980581
-0.048920407427365
-0.048868668677912
-0.04881740061522
-0.048766601147288
-0.04871626820687
-0.048666399751218
-0.048616993761847
-0.048568048244284
-0.048519561227839
-0.048471530765367
-0.048423954933039
-0.048376831830118
-0.048330159578731
-0.048283936323656
-0.048238160232101
-0.048192829493495
-0.048147942319275
-0.048103496942684
-0.048059491618565
-0.048015924623166
-0.047972794253935
-0.047930098829336
-0.047887836688653
-0.047846006191802
-0.047804605719152
-0.047763633671336
-0.047723088469078
-0.047682968553014
-0.04764327238352
-0.04760399844054
-0.047565145223421
-0.047526711250743
-0.047488695060164
-0.047451095208251
-0.047413910270329
-0.047377138840323
-0.047340779530608
-0.047304830971856
-0.047269291812891
-0.04723416072054
-0.047199436379496
-0.047165117492169
-0.047131202778558
-0.047097690976105
-0.047064580839566
-0.04703187114088
-0.046999560669038
-0.046967648229953
-0.04693613264634
-0.046905012757589
-0.046874287419644
-0.046843955504885
-0.046814015902011
-0.046784467515923
-0.046755309267611
-0.046726540094046
-0.046698158948066
-0.046670164798271
-0.046642556628918
-0.046615333439814
-0.046588494246216
-0.046562038078732
-0.046535963983221
-0.046510271020695
-0.046484958267228
-0.046460024813858
-0.046435469766498
-0.046411292245847
-0.046387491387301
-0.046364066340863
-0.046341016271065
-0.046318340356879
-0.046296037791637
-0.04627410778295
-0.046252549552634
-0.046231362336625
-0.04621054538491
-0.046190097961451
-0.046170019344111
-0.046150308824587
-0.046130965708335
-0.046111989314506
-0.046093378975878
-0.046075134038791
-0.046057253863083
-0.046039737822029
-0.046022585302278
-0.046005795703794
-0.045989368439799
-0.045973302936716
-0.045957598634111
-0.045942254984642
-0.045927271454007
-0.045912647520886
-0.0458983826769
-0.045884476426556
-0.0458709282872
-0.045857737788973
-0.045844904474765
-0.04583242790017
-0.045820307633446
-0.045808543255472
-0.045797134359708
-0.045786080552158
-0.04577538145133
-0.045765036688201
-0.045755045906185
-0.045745408761092
-0.045736124921102
-0.045727194066731
-0.0457186158908
-0.045710390098408
-0.045702516406903
-0.045694994545855
-0.045687824257029
-0.045681005294365
-0.045674537423952
-0.045668420424004
-0.045662654084844
-0.04565723820888
-0.045652172610588
-0.045647457116495
-0.045643091565164
-0.045639075807173
-0.045635409705109
-0.045632093133548
-0.045629125979051
-0.045626508140143
-0.045624239527314
-0.045622320063003
-0.045620749681595
-0.045619528329413
-0.045618655964713
-0.045618132557682
-0.045617958090432
-0.045618132557001
-0.045618655963351
-0.04561952832737
-0.045620749678872
-0.045622320059599
-0.04562423952323
-0.045626508135379
-0.045629125973607
-0.045632093127425
-0.045635409698306
-0.045639075799692
-0.045643091557004
-0.045647457107659
-0.045652172601074
-0.045657238198689
-0.045662654073978
-0.045668420412463
-0.045674537411736
-0.045681005281475
-0.045687824243467
-0.04569499453162
-0.045702516391997
-0.045710390082832
-0.045718615874554
-0.045727194049816
-0.04573612490352
-0.045745408742844
-0.045755045887272
-0.045765036668625
-0.04577538143109
-0.045786080531257
-0.045797134338147
-0.045808543233252
-0.045820307610569
-0.045832427876637
-0.045844904450577
-0.045857737764133
-0.045870928261708
-0.045884476400415
-0.045898382650111
-0.04591264749345
-0.045927271425926
-0.045942254955919
-0.045957598604746
-0.045973302906712
-0.045989368409158
-0.046005795672518
-0.046022585270368
-0.046039737789489
-0.046057253829914
-0.046075134004994
-0.046093378941457
-0.046111989279462
-0.046130965672671
-0.046150308788305
-0.046170019307214
-0.04619009792394
-0.046210545346789
-0.046231362297895
-0.046252549513299
-0.046274107743013
-0.046296037751099
-0.046318340315743
-0.046341016229335
-0.046364066298541
-0.046387491344389
-0.04641129220235
-0.046435469722417
-0.046460024769196
-0.04648495822199
-0.046510270974883
-0.046535963936837
-0.046562038031781
-0.0465884941987
-0.046615333391736
-0.046642556580282
-0.046670164749081
-0.046698158898325
-0.046726540043757
-0.046755309216778
-0.046784467464549
-0.046814015850101
-0.046843955452442
-0.046874287366671
-0.046905012704091
-0.04693613259232
-0.046967648175415
-0.046999560613986
-0.047031871085319
-0.047064580783499
-0.047097690919536
-0.047131202721492
-0.04716511743461
-0.047199436321447
-0.047234160662007
-0.047269291753878
-0.047304830912367
-0.047340779470648
-0.047377138779896
-0.04741391020944
-0.047451095146904
-0.047488694998365
-0.047526711188497
-0.047565145160731
-0.047603998377412
-0.047643272319959
-0.047682968489025
-0.047723088404666
-0.047763633606507
-0.04780460565391
-0.047846006126153
-0.047887836622601
-0.047930098762888
-0.047972794187096
-0.04801592455594
-0.04805949155096
-0.048103496874704
-0.048147942250926
-0.048192829424783
-0.048238160163032
-0.048283936254235
-0.048330159508965
-0.048376831760012
-0.0484239548626
-0.048471530694601
-0.048519561156751
-0.048568048172882
-0.048616993690136
-0.048666399679206
-0.048716268134561
-0.048766601074691
-0.04881740054234
-0.048868668604756
-0.04892040735394
-0.048972618906894
-0.049025305405882
-0.049078469018689
-0.049132111938887
-0.049186236386099
-0.049240844606279
-0.049295938871986
-0.049351521482667
-0.049407594764942
-0.049464161072896
-0.049521222788375
-0.049578782321287
-0.049636842109906
-0.049695404621181
-0.049754472351055
-0.049814047824782
-0.049874133597252
-0.049934732253323
-0.049995846408157
-0.05005747870756
-0.050119631828331
-0.050182308478611
-0.050245511398244
-0.050309243359142
-0.050373507165651
-0.050438305654929
-0.05050364169733
-0.05056951819679
-0.050635938091222
-0.050702904352918
-0.050770419988957
-0.050838488041619
-0.050907111588807
-0.050976293744476
-0.051046037659069
-0.051116346519956
-0.05118722355189
-0.051258672017463
-0.051330695217569
-0.05140329649188
-0.051476479219329
-0.051550246818595
-0.051624602748605
-0.05169955050904
-0.051775093640847
-0.051851235726766
-0.051927980391864
-0.05200533130407
-0.052083292174739
-0.052161866759199
-0.052241058857332
-0.052320872314151
-0.052401311020389
-0.052482378913106
-0.052564079976293
-0.052646418241501
-0.052729397788474
-0.052813022745789
-0.052897297291519
-0.052982225653896
-0.053067812111994
-0.053154060996421
-0.053240976690022
-0.0533285636286
-0.053416826301643
-0.053505769253072
-0.053595397081996
-0.053685714443482
-0.053776726049347
-0.053868436668952
-0.053960851130022
-0.054053974319471
-0.054147811184257
-0.054242366732233
-0.054337646033034
-0.054433654218968
-0.05453039648593
-0.054627878094327
-0.054726104370031
-0.054825080705339
-0.054924812559963
-0.055025305462027
-0.055126565009093
-0.055228596869203
-0.055331406781943
-0.055435000559527
-0.055539384087899
-0.055644563327867
-0.05575054431625
-0.055857333167048
-0.055964936072646
-0.056073359305028
-0.056182609217029
-0.056292692243602
-0.056403614903117
-0.056515383798688
-0.056628005619519
-0.05674148714229
-0.056855835232561
-0.056971056846213
-0.057087159030916
-0.057204148927627
-0.057322033772124
-0.05744082089657
-0.05756051773111
-0.057681131805504
-0.057802670750797
-0.05792514230102
-0.058048554294934
-0.05817291467781
-0.058298231503249
-0.058424512935041
-0.058551767249068
-0.058680002835247
-0.058809228199519
-0.058939451965884
-0.059070682878479
-0.059202929803707
-0.059336201732413
-0.059470507782111
-0.059605857199266
-0.059742259361621
-0.059879723780592
-0.060018260103704
-0.060157878117099
-0.060298587748097
-0.060440399067819
-0.060583322293872
-0.060727367793108
-0.060872546084437
-0.06101886784172
-0.06116634389673
-0.061314985242185
-0.061464803034857
-0.061615808598765
-0.06176801342844
-0.061921429192278
-0.062076067735979
-0.062231941086071
-0.062389061453531
-0.062547441237493
-0.062707093029058
-0.062868029615205
-0.063030263982798
-0.06319380932271
-0.063358679034048
-0.063524886728499
-0.063692446234788
-0.063861371603263
-0.0640316771106
-0.064203377264639
-0.064376486809357
-0.064551020729979
-0.064726994258225
-0.064904422877718
-0.065083322329533
-0.06526370861791
-0.065445598016134
-0.065629007072576
-0.065813952616918
-0.066000451766555
-0.066188521933187
-0.066378180829602
-0.066569446476671
-0.066762337210539
-0.066956871690039
-0.067153068904333
-0.067350948180781
-0.067550529193052
-0.067751831969486
-0.067954876901714
-0.068159684753551
-0.068366276670161
-0.068574674187514
-0.068784899242149
-0.06899697418124
-0.06921092177299
-0.069426765217361
-0.069644528157153
-0.069864234689443
-0.070085909377403
-0.070309577262511
-0.07053526387716
-0.070762995257702
-0.070992797957924
-0.07122469906298
-0.071458726203802
-0.071694907572005
-0.071933271935306
-0.072173848653476
-0.072416667694853
-0.072661759653436
-0.072909155766579
-0.073158887933318
-0.07341098873335
-0.073665491446703
-0.073922430074107
-0.074181839358117
-0.074443754805007
-0.074708212707464
-0.074975250168135
-0.075244905124045
-0.075517216371931
-0.075792223594538
-0.076069967387906
-0.076350489289703
-0.076633831808645
-0.076920038455059
-0.077209153772621
-0.077501223371349
-0.077796293961883
-0.078094413391127
-0.078395630679311
-0.078699996058528
-0.07900756101283
-0.079318378319947
-0.079632502094704
-0.079949987834214
-0.080270892464942
-0.080595274391709
-0.080923193548751
-0.08125471145291
-0.081589891259071
-0.081928797817957
-0.082271497736384
-0.082618059440103
-0.082968553239362
-0.083323051397304
-0.083681628201367
-0.084044360037804
-0.084411325469513
-0.084782605317315
-0.085158282744869
-0.085538443347405
-0.085923175244472
-0.086312569176903
-0.086706718608218
-0.087105719830691
-0.087509672076329
-0.087918677633022
-0.08833284196612
-0.088752273845752
-0.089177085480167
-0.089607392655429
-0.090043314881817
-0.090484975547272
-0.09093250207829
-0.09138602610867
-0.091845683656531
-0.092311615310072
-0.09278396642255
-0.093262887317002
-0.09374853350124
-0.094241065893723
-0.094740651060895
-0.095247461466671
-0.095761675734746
-0.096283478924489
-0.096813062821182
-0.097350626241469
-0.097896375354893
-0.098450524022468
-0.099013294153315
-0.099584916080411
-0.10016562895663
-0.10075568117229
-0.10135533079549
-0.10196484603665
-0.1025845057388
-0.10321459989506
-0.10385543019513
-0.10450731060264
-0.10517056796509
-0.10584554265872
-0.10653258927032
-0.10723207731846
-0.10794439201664
-0.10866993508113
-0.1094091255863
-0.11016240087075
-0.11093021749743
-0.11171305227139
-0.11251140331913
-0.11332579123347
-0.11415676028871
-0.11500487973054
-0.11587074514607
-0.11675497991951
-0.11765823677928
-0.11858119944326
-0.11952458436884
-0.12048914261538
-0.12147566182706
-0.12248496834486
-0.123517929457
-0.12457545579791
-0.12565850390686
-0.12676807895779
-0.12790523767348
-0.12907109143754
-0.13026680961961
-0.13149362312969
-0.13275282821948
-0.13404579054967
-0.13537394954411
-0.13673882305327
-0.13814201235159
-0.13958520749534
-0.14107019306998
-0.14259885435864
-0.14417318396611
-0.14579528893583
-0.14746739840079
-0.14919187181312
-0.15097120780098
-0.15280805370623
-0.15470521586123
-0.15666567066846
-0.1586925765531
-0.16078928686512
-0.16295936381502
-0.16520659353542
-0.16753500237009
-0.16994887450162
-0.17245277104056
-0.17505155071082
-0.17775039228015
-0.18055481889956
-0.18347072453272
-0.18650440267484
-0.18966257758214
-0.19295243825578
-0.19638167545061
-0.19995852200823
-0.2036917968461
-0.20759095297108
-0.21166612992643
-0.21592821112668
-0.22038888658609
-0.22506072160354
-0.22995723203093
-0.23509296682456
-0.24048359865997
-0.24614602348221
-0.25209846996635
-0.25836061997908
-0.26495374126305
-0.27190083371325
-0.27922679078197
-0.28695857773725
-0.29512542871369
-0.30375906473654
-0.31289393517437
-0.32256748538688
-0.33282045368849
-0.34369720114976
-0.35524607821633
-0.3675198326453
-0.38057606385215
-0.39447772943751
-0.40929371043489
-0.4250994427017
-0.44197762288374
-0.46001899853561
-0.47932325329918
-0.49999999955402
