-1.3348348765909
-1.0775931352903
-0.92944370276314
-0.83011964179463
-0.75646715597852
-0.69795587694206
-0.64928426870038
-0.60755863444124
-0.57106218319885
-0.53869251312426
-0.50969169888872
-0.48350906644517
-0.45972690050006
-0.43801761632499
-0.41811758184675
-0.39981026689964
-0.38291490557073
-0.36727857812704
-0.35277050457098
-0.33927782052892
-0.32670237735152
-0.31495826869687
-0.30396988441202
-0.2936703550902
-0.28400029151965
-0.27490675054102
-0.26634237746214
-0.25826468812889
-0.25063546290471
-0.24342023138178
-0.23658783143488
-0.2301100297672
-0.22396119374824
-0.21811800635704
-0.21255921759169
-0.20726542691053
-0.20221889221934
-0.19740336167301
-0.19280392516728
-0.18840688288786
-0.18419962868672
-0.18017054638721
-0.17630891739454
-0.17260483821843
-0.16904914670745
-0.16563335595736
-0.16234959499437
-0.15919055545103
-0.15614944355372
-0.15321993682618
-0.15039614498806
-0.14767257459111
-0.14504409699112
-0.14250591930134
-0.14005355801505
-0.13768281502112
-0.13538975576795
-0.13317068935902
-0.13102215038733
-0.12894088233755
-0.12692382240316
-0.12496808758242
-0.12307096193162
-0.12122988486668
-0.1194424404158
-0.11770634733561
-0.11601945001243
-0.11437971007801
-0.11278519867635
-0.1112340893241
-0.10972465131326
-0.10825524360913
-0.10682430920162
-0.10543036987158
-0.10407202133757
-0.1027479287517
-0.10145682251598
-0.1001974943933
-0.098968793889459
-0.097769624884724
-0.096598942495385
-0.09545575014742
-0.094339096845956
-0.093248074625593
-0.092181816167967
-0.09113949257404
-0.090120311279657
-0.089123514103875
-0.088148375420422
-0.087194200443382
-0.086260323619029
-0.085346107116232
-0.084450939408586
-0.083574233941868
-0.082715427880963
-0.081873980930837
-0.08104937422655
-0.080241109287699
-0.079448707032966
-0.078671706850903
-0.077909665723166
-0.077162157396896
-0.076428771603058
-0.0757091133178
-0.075002802064148
-0.074309471251473
-0.073628767550423
-0.072960350301112
-0.072303890952547
-0.071659072531395
-0.071025589138295
-0.07040314547016
-0.069791456366828
-0.069190246380704
-0.068599249368014
-0.068018208100454
-0.06744687389603
-0.066885006268024
-0.066332372591063
-0.065788747783301
-0.065253914003853
-0.064727660364626
-0.064209782655751
-0.063700083083878
-0.063198370022663
-0.062704457774749
-0.062218166344669
-0.061739321222077
-0.061267753174765
-0.060803298050961
-0.060345796590419
-0.059895094243864
-0.059451041000361
-0.059013491222182
-0.058582303486848
-0.058157340435931
-0.057738468630302
-0.057325558411551
-0.056918483769169
-0.056517122213336
-0.056121354652968
-0.055731065278786
-0.05534614145118
-0.05496647359262
-0.054591955084442
-0.054222482167735
-0.053857953848214
-0.053498271804848
-0.053143340302078
-0.052793066105483
-0.0524473584007
-0.0521061287155
-0.051769290844832
-0.051436760778732
-0.051108456632966
-0.050784298582277
-0.050464208796141
-0.050148111376893
-0.049835932300158
-0.04952759935746
-0.049223042100932
-0.048922191790022
-0.048624981340138
-0.048331345273125
-0.0480412196695
-0.047754542122391
-0.047471251693102
-0.047191288868223
-0.046914595518236
-0.046641114857567
-0.046370791405993
-0.046103570951391
-0.045839400513727
-0.045578228310306
-0.045320003722153
-0.045064677261533
-0.044812200540555
-0.044562526240822
-0.044315608084058
-0.044071400803716
-0.043829860117508
-0.043590942700822
-0.043354606160986
-0.043120809012382
-0.042889510652325
-0.042660671337721
-0.042434252162463
-0.042210215035534
-0.041988522659793
-0.04176913851141
-0.041552026819961
-0.041337152549105
-0.041124481377876
-0.040913979682532
-0.040705614518957
-0.040499353605587
-0.040295165306865
-0.040093018617167
-0.039892883145216
-0.039694729098961
-0.039498527270897
-0.0393042490238
-0.039111866276909
-0.03892135149247
-0.038732677662693
-0.038545818297085
-0.038360747410126
-0.038177439509314
-0.037995869583526
-0.03781601309174
-0.037637845952032
-0.037461344530922
-0.037286485632979
-0.037113246490736
-0.036941604754876
-0.036771538484681
-0.036603026138754
-0.036436046565976
-0.036270578996725
-0.036106603034318
-0.035944098646689
-0.035783046158281
-0.035623426242171
-0.035465219912371
-0.035308408516371
-0.035152973727844
-0.034998897539562
-0.034846162256484
-0.034694750489028
-0.034544645146521
-0.034395829430785
-0.034248286829974
-0.034102001112424
-0.033956956320813
-0.03381313676635
-0.033670527023179
-0.033529111922892
-0.033388876549188
-0.033249806232663
-0.033111886545728
-0.03297510329765
-0.03283944252972
-0.032704890510534
-0.032571433731392
-0.032439058901804
-0.032307752945106
-0.032177502994183
-0.032048296387297
-0.031920120664003
-0.031792963561171
-0.031666813009107
-0.031541657127748
-0.031417484222962
-0.031294282782934
-0.031172041474613
-0.031050749140289
-0.030930394794182
-0.03081096761918
-0.0306924569636
-0.030574852338043
-0.030458143412324
-0.03034232001246
-0.030227372117736
-0.030113289857834
-0.03000006351002
-0.029887683496404
-0.029776140381253
-0.029665424868367
-0.02955552779851
-0.02944644014691
-0.029338153020783
-0.029230657656954
-0.02912394541949
-0.029018007797415
-0.028912836402447
-0.028808422966808
-0.028704759341068
-0.028601837492033
-0.028499649500686
-0.028398187560164
-0.028297443973792
-0.028197411153135
-0.028098081616113
-0.027999447985145
-0.027901502985324
-0.027804239442654
-0.027707650282295
-0.027611728526867
-0.027516467294775
-0.027421859798569
-0.027327899343357
-0.027234579325208
-0.02714189322964
-0.027049834630101
-0.026958397186488
-0.026867574643706
-0.026777360830252
-0.026687749656814
-0.026598735114924
-0.026510311275605
-0.026422472288078
-0.02633521237847
-0.026248525848552
-0.026162407074523
-0.026076850505771
-0.025991850663724
-0.025907402140653
-0.025823499598554
-0.025740137768011
-0.02565731144712
-0.025575015500395
-0.025493244857723
-0.02541199451332
-0.025331259524722
-0.025251035011782
-0.025171316155699
-0.025092098198051
-0.02501337643986
-0.024935146240664
-0.024857403017605
-0.024780142244546
-0.024703359451201
-0.024627050222263
-0.024551210196576
-0.0244758350663
-0.024400920576102
-0.024326462522362
-0.024252456752384
-0.024178899163638
-0.024105785702993
-0.024033112365988
-0.023960875196097
-0.023889070284019
-0.023817693766973
-0.023746741828014
-0.023676210695341
-0.023606096641658
-0.023536395983495
-0.023467105080583
-0.02339822033521
-0.023329738191616
-0.023261655135371
-0.023193967692787
-0.023126672430319
-0.023059765954
-0.022993244908861
-0.022927105978383
-0.022861345883942
-0.022795961384271
-0.02273094927493
-0.022666306387788
-0.022602029590507
-0.022538115786039
-0.022474561912132
-0.022411364940846
-0.022348521878064
-0.022286029763034
-0.022223885667901
-0.022162086697248
-0.022100629987652
-0.022039512707247
-0.021978732055284
-0.021918285261709
-0.021858169586745
-0.021798382320477
-0.021738920782449
-0.021679782321265
-0.021620964314194
-0.021562464166784
-0.021504279312492
-0.021446407212292
-0.021388845354326
-0.021331591253532
-0.021274642451284
-0.021217996515055
-0.021161651038056
-0.021105603638916
-0.021049851961328
-0.020994393673733
-0.020939226468989
-0.02088434806406
-0.020829756199694
-0.020775448640125
-0.020721423172756
-0.020667677607868
-0.020614209778326
-0.020561017539284
-0.020508098767903
-0.020455451363068
-0.020403073245114
-0.020350962355547
-0.020299116656786
-0.020247534131881
-0.020196212784276
-0.020145150637529
-0.020094345735082
-0.020043796139986
-0.019993499934681
-0.019943455220738
-0.019893660118631
-0.019844112767495
-0.019794811324897
-0.019745753966615
-0.019696938886401
-0.019648364295778
-0.019600028423802
-0.019551929516866
-0.019504065838473
-0.019456435669045
-0.019409037305699
-0.01936186906206
-0.019314929268056
-0.019268216269714
-0.019221728428983
-0.019175464123531
-0.019129421746557
-0.019083599706616
-0.019037996427423
-0.018992610347681
-0.0189474399209
-0.018902483615227
-0.018857739913264
-0.018813207311918
-0.018768884322198
-0.018724769469087
-0.018680861291359
-0.018637158341419
-0.018593659185149
-0.018550362401752
-0.018507266583593
-0.018464370336052
-0.018421672277374
-0.018379171038512
-0.018336865263001
-0.018294753606788
-0.018252834738113
-0.018211107337354
-0.018169570096901
-0.018128221721011
-0.018087060925674
-0.018046086438488
-0.018005296998516
-0.017964691356172
-0.017924268273084
-0.017884026521969
-0.017843964886512
-0.017804082161245
-0.017764377151423
-0.017724848672902
-0.017685495552034
-0.017646316625538
-0.017607310740394
-0.017568476753721
-0.01752981353269
-0.017491319954372
-0.017452994905666
-0.017414837283183
-0.017376845993135
-0.017339019951232
-0.017301358082577
-0.017263859321577
-0.017226522611824
-0.017189346906016
-0.017152331165838
-0.017115474361887
-0.017078775473561
-0.017042233488972
-0.017005847404851
-0.016969616226463
-0.016933538967505
-0.016897614650027
-0.016861842304336
-0.01682622096892
-0.016790749690346
-0.016755427523189
-0.016720253529947
-0.016685226780947
-0.016650346354278
-0.016615611335701
-0.016581020818569
-0.016546573903757
-0.016512269699573
-0.016478107321693
-0.01644408589307
-0.01641020454388
-0.016376462411426
-0.016342858640079
-0.016309392381207
-0.016276062793088
-0.016242869040864
-0.016209810296446
-0.016176885738466
-0.016144094552197
-0.016111435929489
-0.016078909068705
-0.016046513174652
-0.016014247458522
-0.015982111137822
-0.015950103436312
-0.015918223583946
-0.015886470816812
-0.015854844377059
-0.015823343512855
-0.015791967478312
-0.015760715533435
-0.015729586944064
-0.015698580981813
-0.015667696924018
-0.015636934053673
-0.015606291659388
-0.015575769035317
-0.015545365481126
-0.015515080301916
-0.015484912808183
-0.015454862315769
-0.0154249281458
-0.015395109624643
-0.015365406083855
-0.015335816860123
-0.015306341295235
-0.015276978736009
-0.015247728534261
-0.015218590046747
-0.015189562635126
-0.015160645665903
-0.015131838510393
-0.015103140544666
-0.015074551149509
-0.015046069710378
-0.015017695617358
-0.014989428265112
-0.014961267052849
-0.014933211384272
-0.014905260667539
-0.014877414315224
-0.014849671744274
-0.014822032375966
-0.014794495635871
-0.014767060953813
-0.014739727763828
-0.014712495504127
-0.01468536361706
-0.014658331549067
-0.014631398750657
-0.014604564676359
-0.014577828784689
-0.014551190538112
-0.014524649403011
-0.014498204849641
-0.01447185635211
-0.014445603388327
-0.01441944543998
-0.014393381992495
-0.014367412535007
-0.014341536560322
-0.014315753564888
-0.014290063048761
-0.014264464515574
-0.014238957472499
-0.014213541430227
-0.014188215902928
-0.014162980408215
-0.014137834467134
-0.014112777604108
-0.014087809346926
-0.014062929226705
-0.014038136777866
-0.014013431538093
-0.013988813048324
-0.013964280852703
-0.013939834498566
-0.013915473536403
-0.01389119751984
-0.013867006005605
-0.0138428985535
-0.013818874726383
-0.013794934090133
-0.013771076213626
-0.013747300668713
-0.013723607030191
-0.013699994875778
-0.013676463786085
-0.013653013344601
-0.013629643137657
-0.013606352754409
-0.01358314178681
-0.013560009829592
-0.013536956480233
-0.013513981338939
-0.013491084008629
-0.013468264094895
-0.013445521205994
-0.013422854952819
-0.013400264948877
-0.01337775081027
-0.013355312155668
-0.013332948606297
-0.013310659785906
-0.013288445320755
-0.013266304839589
-0.013244237973619
-0.013222244356505
-0.013200323624329
-0.013178475415579
-0.01315669937113
-0.013134995134223
-0.013113362350444
-0.013091800667708
-0.013070309736238
-0.013048889208543
-0.013027538739409
-0.013006257985868
-0.012985046607192
-0.012963904264862
-0.012942830622563
-0.012921825346155
-0.012900888103665
-0.012880018565255
-0.01285921640323
-0.012838481291997
-0.01281781290805
-0.012797210929972
-0.012776675038398
-0.01275620491601
-0.012735800247517
-0.012715460719637
-0.012695186021085
-0.012674975842558
-0.012654829876709
-0.012634747818147
-0.012614729363408
-0.012594774210947
-0.012574882061126
-0.012555052616185
-0.012535285580245
-0.01251558065928
-0.012495937561108
-0.012476355995379
-0.012456835673551
-0.012437376308891
-0.012417977616444
-0.012398639313032
-0.012379361117235
-0.012360142749376
-0.012340983931516
-0.012321884387427
-0.012302843842589
-0.012283862024175
-0.012264938661033
-0.012246073483682
-0.012227266224288
-0.012208516616664
-0.012189824396248
-0.012171189300092
-0.012152611066857
-0.012134089436783
-0.012115624151706
-0.012097214955013
-0.01207886159166
-0.012060563808133
-0.01204232135246
-0.012024133974184
-0.012006001424357
-0.011987923455534
-0.011969899821746
-0.011951930278511
-0.011934014582799
-0.011916152493041
-0.011898343769109
-0.011880588172304
-0.011862885465351
-0.011845235412381
-0.011827637778932
-0.011810092331922
-0.011792598839656
-0.011775157071804
-0.011757766799395
-0.01174042779481
-0.011723139831768
-0.011705902685311
-0.011688716131809
-0.011671579948942
-0.011654493915676
-0.011637457812286
-0.01162047142032
-0.011603534522598
-0.011586646903201
-0.011569808347468
-0.011553018641977
-0.011536277574548
-0.011519584934223
-0.011502940511263
-0.011486344097138
-0.01146979548452
-0.011453294467267
-0.011436840840428
-0.01142043440022
-0.011404074944031
-0.011387762270402
-0.011371496179028
-0.011355276470743
-0.011339102947517
-0.01132297541244
-0.011306893669726
-0.011290857524693
-0.011274866783765
-0.011258921254455
-0.011243020745366
-0.011227165066178
-0.01121135402764
-0.011195587441569
-0.011179865120829
-0.011164186879348
-0.011148552532076
-0.011132961895014
-0.011117414785178
-0.011101911020608
-0.011086450420358
-0.011071032804483
-0.011055657994041
-0.011040325811078
-0.011025036078626
-0.011009788620695
-0.010994583262268
-0.010979419829288
-0.01096429814866
-0.010949218048237
-0.01093417935682
-0.010919181904147
-0.010904225520883
-0.010889310038627
-0.010874435289892
-0.010859601108102
-0.010844807327598
-0.010830053783602
-0.010815340312253
-0.010800666750563
-0.010786032936432
-0.010771438708634
-0.010756883906816
-0.01074236837149
-0.010727891944023
-0.010713454466639
-0.010699055782407
-0.010684695735234
-0.010670374169875
-0.010656090931902
-0.010641845867719
-0.010627638824546
-0.010613469650423
-0.010599338194192
-0.010585244305497
-0.010571187834787
-0.010557168633296
-0.010543186553054
-0.010529241446864
-0.010515333168311
-0.010501461571749
-0.010487626512302
-0.010473827845855
-0.010460065429045
-0.010446339119267
-0.010432648774662
-0.010418994254107
-0.010405375417222
-0.010391792124358
-0.010378244236593
-0.010364731615727
-0.010351254124277
-0.010337811625478
-0.010324403983273
-0.010311031062303
-0.010297692727915
-0.010284388846148
-0.010271119283735
-0.010257883908092
-0.010244682587316
-0.010231515190186
-0.010218381586152
-0.010205281645329
-0.010192215238502
-0.010179182237114
-0.010166182513264
-0.010153215939703
-0.010140282389828
-0.010127381737685
-0.010114513857954
-0.010101678625952
-0.01008887591763
-0.01007610560956
-0.010063367578947
-0.010050661703609
-0.010037987861979
-0.010025345933107
-0.010012735796647
-0.010000157332857
-0.0099876104225985
-0.0099750949473259
-0.0099626107890905
-0.0099501578305246
-0.0099377359548615
-0.0099253450458995
-0.0099129849880261
-0.009900655666198
-0.0098883569659446
-0.0098760887733647
-0.0098638509751179
-0.0098516434584266
-0.0098394661110701
-0.0098273188213798
-0.00981520147824
-0.0098031139710804
-0.0097910561898723
-0.0097790280251315
-0.0097670293679041
-0.0097550601097782
-0.0097431201428672
-0.009731209359809
-0.0097193276537708
-0.0097074749184441
-0.0096956510480198
-0.0096838559372271
-0.0096720894812885
-0.0096603515759423
-0.0096486421174312
-0.0096369610024972
-0.0096253081283863
-0.0096136833928361
-0.0096020866940799
-0.0095905179308379
-0.0095789770023166
-0.0095674638082153
-0.0095559782487054
-0.0095445202244397
-0.0095330896365485
-0.0095216863866288
-0.0095103103767547
-0.0094989615094631
-0.0094876396877565
-0.0094763448150979
-0.0094650767954104
-0.0094538355330721
-0.0094426209329152
-0.0094314329002239
-0.0094202713407236
-0.0094091361605936
-0.0093980272664532
-0.0093869445653595
-0.0093758879648092
-0.0093648573727336
-0.0093538526974948
-0.0093428738478883
-0.0093319207331333
-0.0093209932628757
-0.0093100913471838
-0.0092992148965456
-0.0092883638218666
-0.0092775380344656
-0.0092667374460779
-0.0092559619688442
-0.0092452115153171
-0.0092344859984526
-0.0092237853316101
-0.0092131094285509
-0.0092024582034329
-0.0091918315708115
-0.0091812294456349
-0.0091706517432459
-0.0091600983793735
-0.0091495692701344
-0.0091390643320283
-0.009128583481945
-0.0091181266371463
-0.0091076937152762
-0.0090972846343561
-0.0090868993127786
-0.0090765376693098
-0.0090661996230831
-0.0090558850936088
-0.009045594000749
-0.0090353262647395
-0.0090250818061727
-0.0090148605460026
-0.0090046624055407
-0.0089944873064535
-0.00898433517076
-0.0089742059208282
-0.0089640994793853
-0.0089540157694942
-0.0089439547145701
-0.0089339162383688
-0.0089239002649905
-0.0089139067188727
-0.008903935524792
-0.0088939866078602
-0.0088840598935267
-0.0088741553075618
-0.0088642727760835
-0.0088544122255261
-0.0088445735826501
-0.0088347567745483
-0.0088249617286316
-0.0088151883726379
-0.0088054366346136
-0.0087957064429305
-0.0087859977262779
-0.0087763104136581
-0.0087666444343792
-0.0087569997180711
-0.0087473761946655
-0.0087377737944027
-0.0087281924478291
-0.0087186320857994
-0.0087090926394617
-0.008699574040271
-0.0086900762199848
-0.0086805991106505
-0.008671142644613
-0.0086617067545156
-0.0086522913732914
-0.0086428964341651
-0.0086335218706505
-0.0086241676165486
-0.0086148336059493
-0.0086055197732256
-0.0085962260530346
-0.0085869523803112
-0.0085776986902784
-0.0085684649184297
-0.0085592510005423
-0.0085500568726669
-0.0085408824711256
-0.0085317277325176
-0.0085225925937108
-0.0085134769918458
-0.0085043808643285
-0.0084953041488297
-0.0084862467832954
-0.0084772087059252
-0.0084681898551864
-0.0084591901698103
-0.0084502095887815
-0.0084412480513481
-0.0084323054970155
-0.0084233818655409
-0.008414477096941
-0.0084055911314847
-0.0083967239096898
-0.0083878753723262
-0.008379045460413
-0.0083702341152202
-0.0083614412782602
-0.0083526668912921
-0.0083439108963202
-0.0083351732355897
-0.0083264538515881
-0.0083177526870457
-0.0083090696849263
-0.0083004047884356
-0.008291757941017
-0.0082831290863435
-0.008274518168327
-0.008265925131112
-0.0082573499190718
-0.0082487924768126
-0.0082402527491685
-0.0082317306812033
-0.0082232262182052
-0.0082147393056907
-0.0082062698893982
-0.0081978179152939
-0.00818938332956
-0.0081809660786045
-0.0081725661090541
-0.0081641833677543
-0.0081558178017681
-0.0081474693583735
-0.0081391379850685
-0.0081308236295615
-0.0081225262397742
-0.008114245763845
-0.0081059821501178
-0.0080977353471498
-0.0080895053037062
-0.0080812919687604
-0.0080730952914919
-0.0080649152212877
-0.00805675170774
-0.0080486047006399
-0.0080404741499876
-0.0080323600059817
-0.0080242622190213
-0.008016180739707
-0.0080081155188361
-0.0080000665074048
-0.0079920336566056
-0.0079840169178265
-0.0079760162426505
-0.0079680315828567
-0.0079600628904115
