0.00000000 -0.5009705243595705
0.05000000 -0.4789240322247335
0.10000000 -0.4602328556259798
0.15000000 -0.4420779312654577
0.20000000 -0.4261062541028807
0.25000000 -0.4103625855656737
0.30000000 -0.3941437939895606
0.35000000 -0.3791168735524438
0.40000000 -0.3679525457744910
0.45000000 -0.3542077301004001
0.50000000 -0.3423802981523335
0.55000000 -0.3317843318107402
0.60000000 -0.3210706638258541
0.65000000 -0.3125394893675579
0.70000000 -0.3053636927811839
0.75000000 -0.2959271087917074
0.80000000 -0.2870801396698527
0.85000000 -0.2806364292300674
0.90000000 -0.2723750048315829
0.95000000 -0.2636228331516970
1.00000000 -0.2590801629602796
1.05000000 -0.2518312101632599
1.10000000 -0.2457983765774375
1.15000000 -0.2385710532333168
1.20000000 -0.2352775932777813
1.25000000 -0.2292456990747173
1.30000000 -0.2262277383037949
1.35000000 -0.2212042217256558
1.40000000 -0.2155429804139516
1.45000000 -0.2110867071859371
1.50000000 -0.2080120576491979
1.55000000 -0.2033703258954519
1.60000000 -0.2005890819934298
1.65000000 -0.1957699808844518
1.70000000 -0.1936221675811710
1.75000000 -0.1893835308424286
1.80000000 -0.1861291071072115
1.85000000 -0.1820197689792338
1.90000000 -0.1816509137638560
1.95000000 -0.1775278612610774
2.00000000 -0.1767736170458288
2.05000000 -0.1723258468587857
2.10000000 -0.1691685288600949
2.15000000 -0.1686099927045517
2.20000000 -0.1654231544521711
2.25000000 -0.1617455325810984
2.30000000 -0.1591514205707829
2.35000000 -0.1587113308494394
2.40000000 -0.1552032839478125
2.45000000 -0.1548896027649763
2.50000000 -0.1537099652120508
2.55000000 -0.1511049208383005
2.60000000 -0.1509660107423905
2.65000000 -0.1483266243715363
2.70000000 -0.1464506936148162
2.75000000 -0.1428299318016818
2.80000000 -0.1424122650930110
2.85000000 -0.1390626080059264
2.90000000 -0.1391770361541858
2.95000000 -0.1378255632941095
3.00000000 -0.1369998029293467
3.05000000 -0.1363026307571177
3.10000000 -0.1339132087000674
3.15000000 -0.1331654689632454
3.20000000 -0.1330868334097425
3.25000000 -0.1297872230749493
3.30000000 -0.1292706910133815
3.35000000 -0.1276770019837371
3.40000000 -0.1273213058686014
3.45000000 -0.1250049137724960
3.50000000 -0.1252047075408620
3.55000000 -0.1231917039027107
3.60000000 -0.1218451184521040
3.65000000 -0.1216280907211063
3.70000000 -0.1214352885400411
3.75000000 -0.1193103799691255
3.80000000 -0.1175270669114424
3.85000000 -0.1198579378884872
3.90000000 -0.1166612251044162
3.95000000 -0.1157484325683473
4.00000000 -0.1146723265875910
4.05000000 -0.1145513959700500
4.10000000 -0.1130021388045009
4.15000000 -0.1130785984297506
4.20000000 -0.1114694527738814
4.25000000 -0.1097923713180483
4.30000000 -0.1102620791714256
4.35000000 -0.1104958917247143
4.40000000 -0.1087795213945759
4.45000000 -0.1075151939926847
4.50000000 -0.1075059143397863
4.55000000 -0.1048736697417356
4.60000000 -0.1062878493330912
4.65000000 -0.1055955974998300
4.70000000 -0.1028764442018227
4.75000000 -0.1035544694925473
4.80000000 -0.1026758906251130
4.85000000 -0.1012464249281110
4.90000000 -0.1026145841877991
4.95000000 -0.1015346206195720
5.00000000 -0.0998788586556082
5.05000000 -0.1009540799490881
5.10000000 -0.0993370053886089
5.15000000 -0.1001668593475805
5.20000000 -0.0979306010080715
5.25000000 -0.0956493929749878
5.30000000 -0.0975011636474044
5.35000000 -0.0972026927626710
5.40000000 -0.0946091606081565
5.45000000 -0.0966858907090690
5.50000000 -0.0956097460047607
5.55000000 -0.0947586553672443
5.60000000 -0.0936188439452176
5.65000000 -0.0948219448195436
5.70000000 -0.0942146654187949
5.75000000 -0.0924631964833734
5.80000000 -0.0924841303570440
5.85000000 -0.0935048025772944
5.90000000 -0.0930925091973021
5.95000000 -0.0926473150365424
6.00000000 -0.0904476892821724
6.05000000 -0.0895725719239544
6.10000000 -0.0889226105328250
6.15000000 -0.0902212846856543
6.20000000 -0.0907452774116382
6.25000000 -0.0877227555478644
6.30000000 -0.0879850342691808
6.35000000 -0.0875096007080015
6.40000000 -0.0874940530650612
6.45000000 -0.0870005999261468
6.50000000 -0.0843932330795975
6.55000000 -0.0860595657021806
6.60000000 -0.0850103395718398
6.65000000 -0.0873124277453022
6.70000000 -0.0862529754552997
6.75000000 -0.0851762565861235
6.80000000 -0.0838810102043366
6.85000000 -0.0833036447152256
6.90000000 -0.0807971871610702
6.95000000 -0.0847100695082858
7.00000000 -0.0843306635145834
7.05000000 -0.0825374240262295
7.10000000 -0.0827832666088288
7.15000000 -0.0826138311051330
7.20000000 -0.0802874920967200
7.25000000 -0.0813358761575971
7.30000000 -0.0801130963851202
7.35000000 -0.0800541377207692
7.40000000 -0.0815376877854385
7.45000000 -0.0788540467428315
7.50000000 -0.0795624568219928
7.55000000 -0.0796578620469034
7.60000000 -0.0788417055980919
7.65000000 -0.0779911900492063
7.70000000 -0.0769787444178086
7.75000000 -0.0776838823057054
7.80000000 -0.0792159720529467
7.85000000 -0.0763652892985020
7.90000000 -0.0774573728236973
7.95000000 -0.0747798789926025
8.00000000 -0.0757321031314924
8.05000000 -0.0754078652135100
8.10000000 -0.0761256907066114
8.15000000 -0.0763533021243926
8.20000000 -0.0759680340868097
8.25000000 -0.0762654860455348
8.30000000 -0.0755259024252800
8.35000000 -0.0732562278137684
8.40000000 -0.0747748852484215
8.45000000 -0.0739771706759177
8.50000000 -0.0721036545760514
8.55000000 -0.0739056229972346
8.60000000 -0.0733566322625280
8.65000000 -0.0722144836644998
8.70000000 -0.0724593783553869
8.75000000 -0.0719514552385753
8.80000000 -0.0725499511343578
8.85000000 -0.0721082598074067
8.90000000 -0.0700734453388253
8.95000000 -0.0694360125625553
9.00000000 -0.0712581700231664
9.05000000 -0.0717663010000237
9.10000000 -0.0708535858652728
9.15000000 -0.0711127671659326
9.20000000 -0.0710285187650276
9.25000000 -0.0720609824603883
9.30000000 -0.0714153187875667
9.35000000 -0.0696751873893030
9.40000000 -0.0700754259031327
9.45000000 -0.0678904860067734
9.50000000 -0.0708502989079126
9.55000000 -0.0697159742912167
9.60000000 -0.0680745587696473
9.65000000 -0.0679001678917310
9.70000000 -0.0686030369133238
9.75000000 -0.0689616871198840
9.80000000 -0.0701266880495175
9.85000000 -0.0680301889941466
9.90000000 -0.0668854601449909
9.95000000 -0.0672782987499088
10.00000000 -0.0683305342347997
10.05000000 -0.0658112457660760
10.10000000 -0.0658373357132624
10.15000000 -0.0665735847225157
10.20000000 -0.0661115327647673
10.25000000 -0.0659321861147027
10.30000000 -0.0656411190564753
10.35000000 -0.0648628686213118
10.40000000 -0.0658117738365395
10.45000000 -0.0636807147537686
10.50000000 -0.0662341976810425
10.55000000 -0.0652326384264579
10.60000000 -0.0655342563945402
10.65000000 -0.0652232684295988
10.70000000 -0.0660350398259113
10.75000000 -0.0630443619937958
10.80000000 -0.0639622162594657
10.85000000 -0.0639952037425078
10.90000000 -0.0636032306854979
10.95000000 -0.0642427225535061
11.00000000 -0.0637357886232320
11.05000000 -0.0623036602947950
11.10000000 -0.0631041196364020
11.15000000 -0.0623643538950376
11.20000000 -0.0620591265698578
11.25000000 -0.0615267268438958
11.30000000 -0.0629315212331422
11.35000000 -0.0629847250751244
11.40000000 -0.0617041776798665
11.45000000 -0.0628718410154999
11.50000000 -0.0606000225426930
11.55000000 -0.0626967670413984
11.60000000 -0.0603808200071409
11.65000000 -0.0596961758664245
11.70000000 -0.0624624823227630
11.75000000 -0.0598443953555161
11.80000000 -0.0603611959902783
11.85000000 -0.0606193344030551
11.90000000 -0.0608288980231113
11.95000000 -0.0606336926925048
12.00000000 -0.0594232379548235
12.05000000 -0.0608121223606661
12.10000000 -0.0606355699628436
12.15000000 -0.0567968904774204
12.20000000 -0.0581582061778370
12.25000000 -0.0585260049257358
12.30000000 -0.0585198576851959
12.35000000 -0.0593688867077087
12.40000000 -0.0609497412135932
12.45000000 -0.0592689190989391
12.50000000 -0.0581851657483236
12.55000000 -0.0581447643511182
12.60000000 -0.0570825993832812
12.65000000 -0.0573365706835151
12.70000000 -0.0579775849235005
12.75000000 -0.0588567879358788
12.80000000 -0.0584623443162423
12.85000000 -0.0575446203446162
12.90000000 -0.0584027579835671
12.95000000 -0.0582539568696031
13.00000000 -0.0562332078792527
13.05000000 -0.0577006649177997
13.10000000 -0.0590283411053480
13.15000000 -0.0595209804247268
13.20000000 -0.0569650637058542
13.25000000 -0.0575722381943102
13.30000000 -0.0573744042832967
13.35000000 -0.0570012906594129
13.40000000 -0.0567099964089216
13.45000000 -0.0576527562836699
13.50000000 -0.0565462818654156
13.55000000 -0.0586047321679292
13.60000000 -0.0572319210728042
13.65000000 -0.0565820296330600
13.70000000 -0.0558011267998706
13.75000000 -0.0556921772267862
13.80000000 -0.0545955301485645
13.85000000 -0.0540730721969283
13.90000000 -0.0552043507977027
13.95000000 -0.0563706027539853
14.00000000 -0.0549062814487433
14.05000000 -0.0540831504682489
14.10000000 -0.0541046769866165
14.15000000 -0.0550283122868561
14.20000000 -0.0564850300224400
14.25000000 -0.0562175416860338
14.30000000 -0.0551950949078079
14.35000000 -0.0542092875276045
14.40000000 -0.0552209834059613
14.45000000 -0.0561028174771310
14.50000000 -0.0531161501183434
14.55000000 -0.0547935884818948
14.60000000 -0.0532452684973272
14.65000000 -0.0537138777058648
14.70000000 -0.0553622973805649
14.75000000 -0.0539086698543702
14.80000000 -0.0531974275742101
14.85000000 -0.0544652115385890
14.90000000 -0.0543826817244517
14.95000000 -0.0532776189992651
15.00000000 -0.0545460622057455
15.05000000 -0.0541008621430403
15.10000000 -0.0520049994327412
15.15000000 -0.0535869502757696
15.20000000 -0.0527014472146750
15.25000000 -0.0535585705539610
15.30000000 -0.0545277362685257
15.35000000 -0.0533774906092206
15.40000000 -0.0533762117357008
15.45000000 -0.0525298764103860
15.50000000 -0.0531509298796894
15.55000000 -0.0515550593840330
15.60000000 -0.0545394650617040
15.65000000 -0.0520135079452101
15.70000000 -0.0528541910434851
15.75000000 -0.0512774686888824
15.80000000 -0.0520945406937154
15.85000000 -0.0504522684754826
15.90000000 -0.0524145918813120
15.95000000 -0.0522461513223768
16.00000000 -0.0513765577329435
16.05000000 -0.0507221013975455
16.10000000 -0.0529078957986838
16.15000000 -0.0542749788450346
16.20000000 -0.0517409107362572
16.25000000 -0.0512277414890314
16.30000000 -0.0498802052983465
16.35000000 -0.0515914121640131
16.40000000 -0.0511668027910485
16.45000000 -0.0505166226459663
16.50000000 -0.0517346231184226
16.55000000 -0.0520597634514078
16.60000000 -0.0512058748148435
16.65000000 -0.0526833482001592
16.70000000 -0.0503324676955973
16.75000000 -0.0518062331246273
16.80000000 -0.0522579086291919
16.85000000 -0.0505767306221772
16.90000000 -0.0500903917201195
16.95000000 -0.0507373844716317
17.00000000 -0.0499065560503866
17.05000000 -0.0496184228069825
17.10000000 -0.0496264161326708
17.15000000 -0.0504524164457177
17.20000000 -0.0499158925893749
17.25000000 -0.0506707812286836
17.30000000 -0.0485466134184386
17.35000000 -0.0507145975678268
17.40000000 -0.0510860223733446
17.45000000 -0.0504989951216967
17.50000000 -0.0505069477574805
17.55000000 -0.0510316164641698
17.60000000 -0.0509709006307630
17.65000000 -0.0479060145599908
17.70000000 -0.0495101188381113
17.75000000 -0.0504434207543748
17.80000000 -0.0483954473193786
17.85000000 -0.0503643982428777
17.90000000 -0.0478156065110383
17.95000000 -0.0495858570483833
18.00000000 -0.0500077547629671
18.05000000 -0.0478641605185547
18.10000000 -0.0496880117681038
18.15000000 -0.0490676906606363
18.20000000 -0.0482962834470010
18.25000000 -0.0486803501392227
18.30000000 -0.0495575444994819
18.35000000 -0.0509730248190120
18.40000000 -0.0495975457272183
18.45000000 -0.0480821226994746
18.50000000 -0.0476378503528882
18.55000000 -0.0484187453305777
18.60000000 -0.0476878416442908
18.65000000 -0.0482431787505087
18.70000000 -0.0470652371046196
18.75000000 -0.0469703118947826
18.80000000 -0.0490051699314010
18.85000000 -0.0483545579413633
18.90000000 -0.0477267590686353
18.95000000 -0.0469984759314102
19.00000000 -0.0480883639842215
19.05000000 -0.0487055085301697
19.10000000 -0.0481756850133692
19.15000000 -0.0494343044528048
19.20000000 -0.0485895191213564
19.25000000 -0.0488732807129663
19.30000000 -0.0477883065466740
19.35000000 -0.0481720458240148
19.40000000 -0.0467399861921187
19.45000000 -0.0476473858230127
19.50000000 -0.0489359515893508
19.55000000 -0.0473221852909367
19.60000000 -0.0487161142784519
19.65000000 -0.0474734675323662
19.70000000 -0.0451958319377534
19.75000000 -0.0480394633262152
19.80000000 -0.0473613063491168
19.85000000 -0.0463787305857487
19.90000000 -0.0485016249300698
19.95000000 -0.0461946169090135
20.00000000 -0.0478125896980857
20.05000000 -0.0465423029033631
20.10000000 -0.0478724452001103
20.15000000 -0.0455719980637853
20.20000000 -0.0460739821927557
20.25000000 -0.0479181846951420
20.30000000 -0.0453681351637471
20.35000000 -0.0474424764326500
20.40000000 -0.0463225268872261
20.45000000 -0.0469177587183854
20.50000000 -0.0470674114896604
20.55000000 -0.0449988470875921
20.60000000 -0.0485361633157416
20.65000000 -0.0484830938747593
20.70000000 -0.0461222661750160
20.75000000 -0.0490666067654640
20.80000000 -0.0460506775972525
20.85000000 -0.0455350005381997
20.90000000 -0.0482984963340234
20.95000000 -0.0468150880718764
21.00000000 -0.0473521839050189
21.05000000 -0.0457919897118219
21.10000000 -0.0473295742422228
21.15000000 -0.0458645412049517
21.20000000 -0.0474050446429382
21.25000000 -0.0455361364817366
21.30000000 -0.0462139004020957
21.35000000 -0.0477461651764493
21.40000000 -0.0476853181794518
21.45000000 -0.0464518992477974
21.50000000 -0.0484613043328521
21.55000000 -0.0455425937438177
21.60000000 -0.0449573462893401
21.65000000 -0.0457483002886353
21.70000000 -0.0475333413946011
21.75000000 -0.0461219754564880
21.80000000 -0.0441017245393932
21.85000000 -0.0450590945132722
21.90000000 -0.0457486952533019
21.95000000 -0.0453984691544033
22.00000000 -0.0449076294953836
22.05000000 -0.0460378015491887
22.10000000 -0.0463155960952528
22.15000000 -0.0464584295236062
22.20000000 -0.0460070622562969
22.25000000 -0.0463811809951470
22.30000000 -0.0468936958125366
22.35000000 -0.0470402814293252
22.40000000 -0.0454841648780598
22.45000000 -0.0466389169261725
22.50000000 -0.0469971238736921
22.55000000 -0.0474097848657493
22.60000000 -0.0473948788825237
22.65000000 -0.0453179343659748
22.70000000 -0.0463521895770987
22.75000000 -0.0453530359474260
22.80000000 -0.0447409960510996
22.85000000 -0.0462079048930752
22.90000000 -0.0452006565895864
22.95000000 -0.0430155503293804
23.00000000 -0.0462326222938619
23.05000000 -0.0454357553567772
23.10000000 -0.0461753063911651
23.15000000 -0.0447397110805313
23.20000000 -0.0462440652948885
23.25000000 -0.0462485340867800
23.30000000 -0.0451562957098879
23.35000000 -0.0458292787732470
23.40000000 -0.0464807691284101
23.45000000 -0.0479519091256664
23.50000000 -0.0471822766009341
23.55000000 -0.0463047323295670
23.60000000 -0.0449657845648560
23.65000000 -0.0450455464279007
23.70000000 -0.0451890139243140
23.75000000 -0.0446984581163979
23.80000000 -0.0459170867431707
23.85000000 -0.0453279297361636
23.90000000 -0.0457634922531091
23.95000000 -0.0452448952739124
24.00000000 -0.0458724655611998
24.05000000 -0.0446473814799067
24.10000000 -0.0472353840205276
24.15000000 -0.0433056636255674
24.20000000 -0.0459320853547150
24.25000000 -0.0468885273594978
24.30000000 -0.0467963921617825
24.35000000 -0.0456879225025374
24.40000000 -0.0443404949081456
24.45000000 -0.0465815907341367
24.50000000 -0.0452156007244225
24.55000000 -0.0464570844099562
24.60000000 -0.0446736767767521
24.65000000 -0.0461774058524660
24.70000000 -0.0464209839939202
24.75000000 -0.0434451463464339
24.80000000 -0.0453405077155586
24.85000000 -0.0443105584820783
24.90000000 -0.0446604032106930
24.95000000 -0.0454071021013080
25.00000000 -0.0442637959716549
25.05000000 -0.0457314530286382
25.10000000 -0.0450718384439621
25.15000000 -0.0471725417547006
25.20000000 -0.0468419467417179
25.25000000 -0.0448563268413518
25.30000000 -0.0459775706454771
25.35000000 -0.0460359062822133
25.40000000 -0.0452441074108448
25.45000000 -0.0482603631318109
25.50000000 -0.0459949269870915
25.55000000 -0.0467181572605833
25.60000000 -0.0451699657255631
25.65000000 -0.0456161061091571
25.70000000 -0.0471833649870852
25.75000000 -0.0457557697366926
25.80000000 -0.0458876132371195
25.85000000 -0.0451432500296033
25.90000000 -0.0462993969105047
25.95000000 -0.0470296467293635
26.00000000 -0.0457625418536115
26.05000000 -0.0451928288334736
26.10000000 -0.0453407419767130
26.15000000 -0.0450489055270577
26.20000000 -0.0466544639522590
26.25000000 -0.0465782015864602
26.30000000 -0.0464043320675147
26.35000000 -0.0451272178865949
26.40000000 -0.0454704573963757
26.45000000 -0.0454130992979661
26.50000000 -0.0447569030857355
26.55000000 -0.0451074357950168
26.60000000 -0.0459702940308423
26.65000000 -0.0456459205491414
26.70000000 -0.0435911934637449
26.75000000 -0.0443897044917594
26.80000000 -0.0462923775559417
26.85000000 -0.0477212865331767
26.90000000 -0.0462622539142846
26.95000000 -0.0457491346534613
27.00000000 -0.0478948899403670
27.05000000 -0.0446086206698295
27.10000000 -0.0445067796959100
27.15000000 -0.0459527266666362
27.20000000 -0.0463485727266201
27.25000000 -0.0452206814267961
27.30000000 -0.0452570582549345
27.35000000 -0.0461326329046925
27.40000000 -0.0465776460725429
27.45000000 -0.0457808621435723
27.50000000 -0.0441944543392034
27.55000000 -0.0475288322400531
27.60000000 -0.0443739978706830
27.65000000 -0.0479468533190565
27.70000000 -0.0469665138774056
27.75000000 -0.0455744291684705
27.80000000 -0.0450590849528976
27.85000000 -0.0470521395461007
27.90000000 -0.0463928806442187
27.95000000 -0.0470460585423040
28.00000000 -0.0477922609579548
28.05000000 -0.0451316230014939
28.10000000 -0.0467758582575844
28.15000000 -0.0462861955725041
28.20000000 -0.0442264067643973
28.25000000 -0.0460206878073425
28.30000000 -0.0464120704073031
28.35000000 -0.0456893699422818
28.40000000 -0.0461934851225194
28.45000000 -0.0476647510798971
28.50000000 -0.0457489789272362
28.55000000 -0.0465001466139545
28.60000000 -0.0466232158914772
28.65000000 -0.0457983602322436
28.70000000 -0.0463911974833423
28.75000000 -0.0471614921297738
28.80000000 -0.0478481426731263
28.85000000 -0.0460171425881430
28.90000000 -0.0459088583047996
28.95000000 -0.0465214316811711
29.00000000 -0.0466616868643812
29.05000000 -0.0468723039586075
29.10000000 -0.0469304003826805
29.15000000 -0.0470520681650714
29.20000000 -0.0454387412819470
29.25000000 -0.0457424325392155
29.30000000 -0.0473070014355107
29.35000000 -0.0462259250640289
29.40000000 -0.0475773254142775
29.45000000 -0.0477466531721759
29.50000000 -0.0471847989639011
29.55000000 -0.0468883621711302
29.60000000 -0.0476946017279334
29.65000000 -0.0486022564387216
29.70000000 -0.0463970004128404
29.75000000 -0.0476781842225340
29.80000000 -0.0472442214620063
29.85000000 -0.0467179791229084
29.90000000 -0.0472552631591582
29.95000000 -0.0473523391787894
30.00000000 -0.0470542695691358
30.05000000 -0.0469002235165158
30.10000000 -0.0480630247577104
30.15000000 -0.0471725315146485
30.20000000 -0.0469562431195826
30.25000000 -0.0472490703925113
30.30000000 -0.0491637865324317
30.35000000 -0.0465333701762334
30.40000000 -0.0487612054359812
30.45000000 -0.0458161891450504
30.50000000 -0.0484638327455583
30.55000000 -0.0480633767739317
30.60000000 -0.0467963110335822
30.65000000 -0.0492860567771248
30.70000000 -0.0475068370310009
30.75000000 -0.0472780700359973
30.80000000 -0.0475193779039050
30.85000000 -0.0488284496698120
30.90000000 -0.0476906208628209
30.95000000 -0.0491702211040250
31.00000000 -0.0479372112200104
31.05000000 -0.0488335788700976
31.10000000 -0.0481387487012961
31.15000000 -0.0491904983553901
31.20000000 -0.0480087255848979
31.25000000 -0.0489613983338758
31.30000000 -0.0493693693551320
31.35000000 -0.0507724678372302
31.40000000 -0.0481444034954881
31.45000000 -0.0469259137215146
31.50000000 -0.0492696327022357
31.55000000 -0.0473257548134808
31.60000000 -0.0490001364135937
31.65000000 -0.0496789645049264
31.70000000 -0.0488358574027596
31.75000000 -0.0493789961418770
31.80000000 -0.0483290327779607
31.85000000 -0.0499359146018914
31.90000000 -0.0490009051709498
31.95000000 -0.0488966899285270
32.00000000 -0.0491118559634492
32.05000000 -0.0490076913118998
32.10000000 -0.0497734227592490
32.15000000 -0.0508849109930547
32.20000000 -0.0491244789542846
32.25000000 -0.0504652807548613
32.30000000 -0.0484636275453689
32.35000000 -0.0499433582503890
32.40000000 -0.0488312209642694
32.45000000 -0.0480288040116179
32.50000000 -0.0501520401142518
32.55000000 -0.0504746002030099
32.60000000 -0.0488217515443224
32.65000000 -0.0496777263144478
32.70000000 -0.0500190241658742
32.75000000 -0.0499762894348602
32.80000000 -0.0509202557789362
32.85000000 -0.0491946508747189
32.90000000 -0.0507681736160309
32.95000000 -0.0492624923530509
33.00000000 -0.0509236079390680
33.05000000 -0.0490469299879377
33.10000000 -0.0502716599187126
33.15000000 -0.0537379749467017
33.20000000 -0.0508848941056768
33.25000000 -0.0495099127911986
33.30000000 -0.0511568799998979
33.35000000 -0.0515573434578943
33.40000000 -0.0505271172533496
33.45000000 -0.0495817669348803
33.50000000 -0.0503742201066570
33.55000000 -0.0510738115632050
33.60000000 -0.0507434004108977
33.65000000 -0.0508123841831825
33.70000000 -0.0515835386283402
33.75000000 -0.0510790491573513
33.80000000 -0.0515634282793310
33.85000000 -0.0509234633539491
33.90000000 -0.0510788675553856
33.95000000 -0.0532031281070714
34.00000000 -0.0523987416305783
34.05000000 -0.0531591436119802
34.10000000 -0.0519100080863835
34.15000000 -0.0543618468716445
34.20000000 -0.0522808286529064
34.25000000 -0.0511839113974187
34.30000000 -0.0518856740519948
34.35000000 -0.0509909743318512
34.40000000 -0.0524982701712178
34.45000000 -0.0531032424375129
34.50000000 -0.0544826439679825
34.55000000 -0.0500954236034791
34.60000000 -0.0525239031177860
34.65000000 -0.0518334493553261
34.70000000 -0.0524488467173979
34.75000000 -0.0534571019278462
34.80000000 -0.0534757442026519
34.85000000 -0.0557676440939870
34.90000000 -0.0543370918497058
34.95000000 -0.0538433280771779
35.00000000 -0.0541694221106771
35.05000000 -0.0528703776749860
35.10000000 -0.0532317508200604
35.15000000 -0.0542856506982278
35.20000000 -0.0550559395874638
35.25000000 -0.0531820255239984
35.30000000 -0.0541374227224247
35.35000000 -0.0538168195866654
35.40000000 -0.0538996020863751
35.45000000 -0.0544605188334072
35.50000000 -0.0537209351945509
35.55000000 -0.0543060439717812
35.60000000 -0.0545849195602263
35.65000000 -0.0557946545220928
35.70000000 -0.0547891300263363
35.75000000 -0.0540119629438582
35.80000000 -0.0554381839144423
35.85000000 -0.0547297143998574
35.90000000 -0.0545979506007751
35.95000000 -0.0520052570005549
36.00000000 -0.0561579988609923
36.05000000 -0.0557479947054287
36.10000000 -0.0560792233226465
36.15000000 -0.0572883645944183
36.20000000 -0.0556785881394380
36.25000000 -0.0556445731644599
36.30000000 -0.0564409713816816
36.35000000 -0.0562328180456494
36.40000000 -0.0564004272143322
36.45000000 -0.0567112754768313
36.50000000 -0.0573745298688970
36.55000000 -0.0573529479399050
36.60000000 -0.0576642611987991
36.65000000 -0.0561627590809281
36.70000000 -0.0570028615608407
36.75000000 -0.0567651276568168
36.80000000 -0.0579113143747693
36.85000000 -0.0594945675228177
36.90000000 -0.0573973297419213
36.95000000 -0.0569407678209269
37.00000000 -0.0565440047578014
37.05000000 -0.0596308570076067
37.10000000 -0.0576348649715721
37.15000000 -0.0578967240899377
37.20000000 -0.0581335233095565
37.25000000 -0.0584156666427113
37.30000000 -0.0564867583885499
37.35000000 -0.0597167089752403
37.40000000 -0.0584856434006941
37.45000000 -0.0583745333885555
37.50000000 -0.0609233227342493
37.55000000 -0.0586390844277791
37.60000000 -0.0577521634191671
37.65000000 -0.0596303471476877
37.70000000 -0.0597691380401524
37.75000000 -0.0610694707180559
37.80000000 -0.0594466494376681
37.85000000 -0.0588506497532849
37.90000000 -0.0612831916870884
37.95000000 -0.0615168535641734
38.00000000 -0.0609065770015969
38.05000000 -0.0603519298697511
38.10000000 -0.0594701908357784
38.15000000 -0.0601729352666452
38.20000000 -0.0609624371896290
38.25000000 -0.0618700870314817
38.30000000 -0.0611130868932995
38.35000000 -0.0607837581323055
38.40000000 -0.0621942196914049
38.45000000 -0.0613934268262771
38.50000000 -0.0615054902658010
38.55000000 -0.0606024102230148
38.60000000 -0.0605274933377910
38.65000000 -0.0641026980983027
38.70000000 -0.0613020915719985
38.75000000 -0.0632043711208159
38.80000000 -0.0640268862009767
38.85000000 -0.0634817586673384
38.90000000 -0.0635149054674660
38.95000000 -0.0628886136920656
39.00000000 -0.0635815935505060
39.05000000 -0.0648840839742588
39.10000000 -0.0640477113715377
39.15000000 -0.0657755791689306
39.20000000 -0.0624561819851226
39.25000000 -0.0648537833623377
39.30000000 -0.0636877112384503
39.35000000 -0.0638902368367055
39.40000000 -0.0653877952039878
39.45000000 -0.0664379275307118
39.50000000 -0.0666210238823123
39.55000000 -0.0644626962852577
39.60000000 -0.0655711272438248
39.65000000 -0.0645718146490582
39.70000000 -0.0662874087294437
39.75000000 -0.0689331257897915
39.80000000 -0.0672788680058189
39.85000000 -0.0655875038150437
39.90000000 -0.0663664832159662
39.95000000 -0.0648962996363514
40.00000000 -0.0666148141885227
40.05000000 -0.0689504438335068
40.10000000 -0.0648723239586676
40.15000000 -0.0664814105148617
40.20000000 -0.0692153896156707
40.25000000 -0.0677372567646939
40.30000000 -0.0682073415447089
40.35000000 -0.0691269359010736
40.40000000 -0.0703909687657771
40.45000000 -0.0697342018793546
40.50000000 -0.0687245314170454
40.55000000 -0.0697686762428171
40.60000000 -0.0702854715462585
40.65000000 -0.0695966715250088
40.70000000 -0.0672594607257228
40.75000000 -0.0698409679123925
40.80000000 -0.0695406336073154
40.85000000 -0.0710767247475935
40.90000000 -0.0723201693617240
40.95000000 -0.0721193242239753
41.00000000 -0.0706815240047620
41.05000000 -0.0714093301157226
41.10000000 -0.0717404811561298
41.15000000 -0.0710704410853447
41.20000000 -0.0700904486157466
41.25000000 -0.0714511273573416
41.30000000 -0.0729935888761539
41.35000000 -0.0726046894862325
41.40000000 -0.0722140601644872
41.45000000 -0.0733365150304000
41.50000000 -0.0721876210139430
41.55000000 -0.0726815786338754
41.60000000 -0.0735774613296426
41.65000000 -0.0759945419169940
41.70000000 -0.0758982953094283
41.75000000 -0.0759778122275432
41.80000000 -0.0741905120598103
41.85000000 -0.0755359776922991
41.90000000 -0.0738835476907577
41.95000000 -0.0761823904844392
42.00000000 -0.0763526760071955
42.05000000 -0.0768491755363151
42.10000000 -0.0756269744440453
42.15000000 -0.0761457950798229
42.20000000 -0.0773047062336679
42.25000000 -0.0782862327148632
42.30000000 -0.0784590883056917
42.35000000 -0.0787475599840711
42.40000000 -0.0780072923946747
42.45000000 -0.0779818082068188
42.50000000 -0.0776611201936026
42.55000000 -0.0785816607785642
42.60000000 -0.0810149759104317
42.65000000 -0.0792515435346753
42.70000000 -0.0804551665304156
42.75000000 -0.0816183726927657
42.80000000 -0.0814412342523620
42.85000000 -0.0817195841462640
42.90000000 -0.0819118790926816
42.95000000 -0.0821145226693129
43.00000000 -0.0827380206828959
43.05000000 -0.0833973857586327
43.10000000 -0.0820744698914721
43.15000000 -0.0822182329067907
43.20000000 -0.0834826967186717
43.25000000 -0.0843247123264093
43.30000000 -0.0833434639425205
43.35000000 -0.0855099272233038
43.40000000 -0.0858224943636005
43.45000000 -0.0858489406439242
43.50000000 -0.0852988827797849
43.55000000 -0.0867909092087912
43.60000000 -0.0865387318473397
43.65000000 -0.0875919806779221
43.70000000 -0.0876778230673794
43.75000000 -0.0902930246128151
43.80000000 -0.0873377270875709
43.85000000 -0.0881527409155898
43.90000000 -0.0906498794669394
43.95000000 -0.0925005587619732
44.00000000 -0.0888106640219352
44.05000000 -0.0908561147245004
44.10000000 -0.0904350412904302
44.15000000 -0.0912358721252891
44.20000000 -0.0918813389126609
44.25000000 -0.0915940004084318
44.30000000 -0.0927708916383543
44.35000000 -0.0954378748805964
44.40000000 -0.0935461684325487
44.45000000 -0.0950662048648063
44.50000000 -0.0950392277274535
44.55000000 -0.0955282977954015
44.60000000 -0.0959270288489170
44.65000000 -0.0973581315970245
44.70000000 -0.0979100650671990
44.75000000 -0.0989592357682009
44.80000000 -0.0973428840753420
44.85000000 -0.0989095157111723
44.90000000 -0.0991226500383996
44.95000000 -0.0991225872450839
45.00000000 -0.1019043830064474
45.05000000 -0.1024836889104729
45.10000000 -0.1021356695630475
45.15000000 -0.1018894425291503
45.20000000 -0.1040801252412991
45.25000000 -0.1046046512688016
45.30000000 -0.1039719321541083
45.35000000 -0.1048562257047035
45.40000000 -0.1052895632814410
45.45000000 -0.1058424171795955
45.50000000 -0.1061911647407228
45.55000000 -0.1096860297045023
45.60000000 -0.1085314703203374
45.65000000 -0.1090483872866323
45.70000000 -0.1118727058407783
45.75000000 -0.1108472998346840
45.80000000 -0.1106573086512439
45.85000000 -0.1140453233578842
45.90000000 -0.1132980587994584
45.95000000 -0.1147487768375272
46.00000000 -0.1143153252310312
46.05000000 -0.1170118762848852
46.10000000 -0.1179057668002259
46.15000000 -0.1163852006612427
46.20000000 -0.1181220323439762
46.25000000 -0.1181790274080625
46.30000000 -0.1196478369650126
46.35000000 -0.1208873278794624
46.40000000 -0.1223931956202060
46.45000000 -0.1248692539782931
46.50000000 -0.1246129789022053
46.55000000 -0.1254840886252783
46.60000000 -0.1262942721490456
46.65000000 -0.1288513969467509
46.70000000 -0.1290143800019582
46.75000000 -0.1285840064002585
46.80000000 -0.1320810038081802
46.85000000 -0.1326832242298740
46.90000000 -0.1339050814952668
46.95000000 -0.1363286181039059
47.00000000 -0.1364139415223805
47.05000000 -0.1379676114006255
47.10000000 -0.1419992572168944
47.15000000 -0.1388909467708441
47.20000000 -0.1412595517124285
47.25000000 -0.1429974968704848
47.30000000 -0.1449719146627029
47.35000000 -0.1478426431050728
47.40000000 -0.1504225592212511
47.45000000 -0.1514708862873577
47.50000000 -0.1523334710653114
47.55000000 -0.1528203720831533
47.60000000 -0.1576911593069686
47.65000000 -0.1568457758917151
47.70000000 -0.1618595089186723
47.75000000 -0.1621705012551232
47.80000000 -0.1652906776393026
47.85000000 -0.1694948170387582
47.90000000 -0.1674531838461647
47.95000000 -0.1736592406453440
48.00000000 -0.1757546257215815
48.05000000 -0.1781925546013697
48.10000000 -0.1809168794799165
48.15000000 -0.1832397797426981
48.20000000 -0.1861522445273799
48.25000000 -0.1875427631515545
48.30000000 -0.1914980449922154
48.35000000 -0.1953810065155091
48.40000000 -0.2005737509592986
48.45000000 -0.2025708006880226
48.50000000 -0.2077387626525929
48.55000000 -0.2118997774188554
48.60000000 -0.2153236488264680
48.65000000 -0.2215224335444554
48.70000000 -0.2274014796550222
48.75000000 -0.2303046062071303
48.80000000 -0.2358691274645713
48.85000000 -0.2395629479432604
48.90000000 -0.2463422090955168
48.95000000 -0.2505945915225553
49.00000000 -0.2588244705026317
49.05000000 -0.2642712285415314
49.10000000 -0.2713604261644298
49.15000000 -0.2787923464079445
49.20000000 -0.2878948651655197
49.25000000 -0.2950431883460549
49.30000000 -0.3038760278610812
49.35000000 -0.3134754340185041
49.40000000 -0.3228922562160493
49.45000000 -0.3333396078694230
49.50000000 -0.3440602980024157
49.55000000 -0.3561774454673530
49.60000000 -0.3688260532117482
49.65000000 -0.3813225164055485
49.70000000 -0.3948797323724276
49.75000000 -0.4084135781621235
49.80000000 -0.4258087536878992
49.85000000 -0.4405333465682109
49.90000000 -0.4614734132060356
49.95000000 -0.4774800483848828
50.00000000 -0.4998221407753248
